# Ce3+ 10 200
5.000000000000000000e+00 1.232345632904689042e-02 9.037899286056780973e-03 5.798001803374526301e-03 7.121608449509082492e-03
5.404949665837886386e+00 1.223916706357491661e-02 3.077375741960039143e-02 5.637241065446651003e-03 6.873582017502833860e-03
5.809899331675772771e+00 2.231909300572839424e-03 2.346262206088687782e-02 5.507344035132850577e-03 6.678184209697600633e-03
6.214848997513659157e+00 7.762034266054474579e-03 -4.189255187297125094e-04 5.399037721003580384e-03 6.528033536088799146e-03
6.619798663351545542e+00 3.073620739408654094e-03 8.798695373104736817e-03 5.306859737135093992e-03 6.422715968819207866e-03
7.024748329189431928e+00 1.189336362924805005e-02 6.709994256718009205e-03 5.227247401835043508e-03 6.368378922434065822e-03
7.429697995027318314e+00 -8.205312266924792361e-05 1.816405667414280542e-02 5.157701949072132294e-03 6.375686665886159780e-03
7.834647660865204699e+00 8.446435766150100360e-03 2.098207085904574970e-02 5.096386507320341611e-03 6.453067859224361630e-03
8.239597326703091085e+00 4.095009843900533804e-03 1.787793618938562576e-02 5.041907145925032460e-03 6.595636276433882936e-03
8.644546992540977470e+00 3.447436645164533679e-04 1.276829532286893540e-02 4.993180877920300534e-03 6.777041565729634287e-03
9.049496658378863856e+00 4.031004446533426044e-03 1.326051434118673614e-02 4.949350428205179578e-03 6.952204739977307750e-03
9.454446324216750241e+00 7.045929873891456849e-04 1.922913365140553610e-02 4.909726595656005964e-03 7.070459451674794213e-03
9.859395990054636627e+00 3.956477864076777054e-03 1.670863927002859059e-02 4.873747942317291360e-03 7.091957787099540354e-03
1.026434565589252301e+01 4.725512204885333814e-03 2.502054234725773971e-02 4.840951846567264662e-03 7.000216531938894052e-03
1.066929532173040940e+01 3.082090699354629766e-03 2.398608794557164497e-02 4.810953259377573864e-03 6.806405631581016399e-03
1.107424498756829578e+01 3.572434795922919785e-03 2.238954865363503022e-02 4.783428823054262924e-03 6.544283856686063799e-03
1.147919465340618217e+01 2.530904685273891938e-03 1.810263393526333892e-02 4.758104807343966833e-03 6.258152182452174361e-03
1.188414431924406856e+01 -8.161255812761229050e-03 4.917496279464660114e-03 4.734747815606345570e-03 5.988685485955616561e-03
1.228909398508195494e+01 1.750811341791302629e-03 1.810166420047140678e-02 4.713157535031394993e-03 5.762089577014260777e-03
1.269404365091984133e+01 1.493746608182887087e-03 5.144962016951375519e-03 4.693161017677701698e-03 5.586581784386964421e-03
1.309899331675772771e+01 5.117723845829240652e-04 4.592219120402590490e-03 4.674608123244662107e-03 5.456610843787112856e-03
1.350394298259561410e+01 -5.876682409422455400e-03 9.231450666376126574e-03 4.657367854056121761e-03 5.360780955257337527e-03
1.390889264843350048e+01 -2.925124679084506810e-03 3.010283913754513343e-03 4.641325382715597025e-03 5.288157130336103816e-03
1.431384231427138687e+01 -2.152410418054484260e-03 4.834882578077882853e-03 4.626379622856014937e-03 5.230789926277839598e-03
1.471879198010927325e+01 -3.771362687031424481e-04 1.010191789201211193e-02 4.612441229582401811e-03 5.183628562168588610e-03
1.512374164594715964e+01 -4.151962702974507091e-03 -3.674103186159113042e-04 4.599430942736030571e-03 5.143612151044177697e-03
1.552869131178504603e+01 6.868571237353442854e-03 -7.709167383505582602e-03 4.587278205793904676e-03 5.108864325496107785e-03
1.593364097762293241e+01 -1.860658122918758782e-03 1.775825551716502101e-03 4.575920007981853707e-03 5.078184637594422048e-03
1.633859064346081880e+01 -5.891637351044404398e-03 -3.373540275603023435e-04 4.565299908363533790e-03 5.050764875010707242e-03
1.674354030929870518e+01 5.920899073936908980e-03 3.259424000373148909e-03 4.555367209217771850e-03 5.026034820265706457e-03
1.714848997513659157e+01 5.522771856800576772e-03 -1.770120230264636378e-03 4.546076252609347092e-03 5.003576099475022000e-03
1.755343964097447795e+01 2.476721582888214996e-03 2.642144618407755909e-03 4.537385819182364853e-03 4.983071716367678226e-03
1.795838930681236434e+01 -3.614097423044399134e-03 2.099866834281711569e-03 4.529258612217794237e-03 4.964275003246773274e-03
1.836333897265025072e+01 5.515021055521100030e-03 -2.191697152319662788e-03 4.521660813160774221e-03 4.946989675676028743e-03
1.876828863848813711e+01 7.612973670190691447e-03 9.669352697687861459e-03 4.514561697334793476e-03 4.931056545089807126e-03
1.917323830432602350e+01 -2.412427630307019660e-03 6.231426848725109269e-03 4.507933300565833065e-03 4.916344389937757874e-03
1.957818797016390988e+01 -8.122081146221407991e-03 2.967089603865630688e-03 4.501750129051147048e-03 4.902743515495737447e-03
1.998313763600179627e+01 7.929103813957442959e-03 3.336373057664252829e-03 4.495988906109369201e-03 4.890161104066761792e-03
2.038808730183968265e+01 -2.514909857039072591e-03 -5.815064395427624669e-03 4.490628350506021757e-03 4.878517788361624863e-03
2.079303696767756904e+01 4.107411956768279235e-03 1.078272680003876209e-02 4.485648981911631930e-03 4.867745079650853332e-03
2.119798663351545542e+01 -3.304681067737502958e-03 9.665226351080958428e-03 4.481032949757465626e-03 4.857783405418998786e-03
2.160293629935334181e+01 -5.822120312385005306e-04 1.522017557191009986e-02 4.476763882337123426e-03 4.848580589614273108e-03
2.200788596519122819e+01 3.947940600003555997e-03 3.413550183363903492e-03 4.472826753484811062e-03 4.840090659657320972e-03
2.241283563102911458e+01 2.639173766820806372e-03 5.501429631749314708e-03 4.469207764562127365e-03 4.832272898373729010e-03
2.281778529686700097e+01 2.040923501792703352e-03 -4.161387473399018669e-03 4.465894239819784457e-03 4.825091082090141210e-03
2.322273496270488735e+01 -6.221789555311843523e-03 5.396519501035786440e-03 4.462874533480945538e-03 4.818512862070079873e-03
2.362768462854277374e+01 4.758681099165030202e-03 -6.189748892763300911e-03 4.460137947128499196e-03 4.812509257648815882e-03
2.403263429438066012e+01 5.672825668213378122e-03 3.503292488315288243e-03 4.457674656177420570e-03 4.807054237390834261e-03
2.443758396021854651e+01 -2.805821818017231652e-03 1.533403131391455681e-03 4.455475644381828686e-03 4.802124370343045789e-03
2.484253362605643289e+01 1.031410579157221712e-03 -1.742770796883248230e-03 4.453532645469478711e-03 4.797698533660743614e-03
2.524748329189431928e+01 4.629216567194108754e-03 -7.655276763655023686e-03 4.451838091118578457e-03 4.793757665993587588e-03
2.565243295773220567e+01 4.211559567280961924e-03 -4.994937289927663983e-03 4.450385064596336371e-03 4.790284558345898717e-03
2.605738262357009205e+01 1.937182617194659930e-03 1.220897097761000551e-03 4.449167259468506976e-03 4.787263675884819401e-03
2.646233228940797844e+01 3.439227866529247658e-03 1.052587240642828157e-03 4.448178942866630806e-03 4.784681005513317063e-03
2.686728195524586482e+01 5.278392879017317942e-03 2.412542910272430941e-03 4.447414922866744190e-03 4.782523925060493813e-03
2.727223162108375121e+01 -8.263246036448982854e-03 1.672679758677393528e-03 4.446870519591609658e-03 4.780781090747140277e-03
2.767718128692163759e+01 1.552427432655541272e-04 -9.730048100029654520e-03 4.446541539699371166e-03 4.779442340216396787e-03
2.808213095275952398e+01 5.163106579508933884e-04 -2.350585374676261458e-03 4.446424253966197067e-03 4.778498608919405297e-03
2.848708061859741036e+01 -8.012841998410647924e-04 -1.348039446308411764e-02 4.446515377709712308e-03 4.777941858044673466e-03
2.889203028443529675e+01 -1.753168675860973785e-03 -2.014890389126103819e-03 4.446812053834935281e-03 4.777765012500639202e-03
2.929697995027318314e+01 2.903155318533112358e-03 -5.275581446697688928e-03 4.447311838315435965e-03 4.777961907720961604e-03
2.970192961611106952e+01 8.763272996972921438e-04 -8.069150849969669928e-05 4.448012687950357591e-03 4.778527244274583495e-03
3.010687928194895591e+01 1.023371321424149799e-03 2.356939552639090475e-03 4.448912950263140056e-03 4.779456549437842081e-03
3.051182894778684229e+01 6.679613935126430327e-03 -6.692435189076321490e-03 4.450011355430836049e-03 4.780746145031514356e-03
3.091677861362472868e+01 2.678763443297460392e-04 2.256608025598949401e-03 4.451307010154108290e-03 4.782393120948031338e-03
3.132172827946261506e+01 -5.287337144508591318e-03 -4.283149977094238836e-03 4.452799393397747878e-03 4.784395313897697212e-03
3.172667794530050145e+01 1.102703813142641778e-03 9.880400640891765993e-03 4.454488353950217597e-03 4.786751290991705238e-03
3.213162761113838428e+01 -8.428594645938154066e-04 3.231322470343164603e-03 4.456374109768465076e-03 4.789460337856864605e-03
3.253657727697627422e+01 -6.221905180807250912e-03 7.671991817500049826e-03 4.458457249091504239e-03 4.792522451044871172e-03
3.294152694281416416e+01 4.334740017197429365e-03 2.130384878967114294e-03 4.460738733323157089e-03 4.795938334559627855e-03
3.334647660865204699e+01 6.917490074685478819e-04 -2.175338525302247632e-03 4.463219901701205063e-03 4.799709400381248214e-03
3.375142627448992982e+01 3.695587237151474417e-03 3.722418390724589743e-03 4.465902477787260169e-03 4.803837772916384578e-03
3.415637594032781976e+01 -5.242877037355246237e-04 2.582686220475481458e-03 4.468788577829165172e-03 4.808326297352676255e-03
3.456132560616570970e+01 -8.319986844074135808e-06 6.477297638653558773e-03 4.471880721065955334e-03 4.813178551941435686e-03
3.496627527200359253e+01 2.961049759139188029e-03 8.277247549764377849e-03 4.475181842064633250e-03 4.818398864278278931e-03
3.537122493784147537e+01 -1.517422480673923232e-04 2.063673736302977599e-03 4.478695305198551746e-03 4.823992331697103848e-03
3.577617460367936530e+01 -1.158021406570865696e-03 2.768827463685260074e-04 4.482424921399320167e-03 4.829964845939548404e-03
3.618112426951725524e+01 4.152392142650125628e-03 8.147658888788342083e-04 4.486374967338354822e-03 4.836323122310817735e-03
3.658607393535513808e+01 -4.303957690486874023e-03 8.671048210287340919e-04 4.490550207220745174e-03 4.843074733584277689e-03
3.699102360119302091e+01 8.897742222461425734e-04 8.534307367374326797e-03 4.494955917403611542e-03 4.850228148972728949e-03
3.739597326703091085e+01 -1.348962542299383775e-03 5.861301931792967622e-03 4.499597914084025631e-03 4.857792778544595645e-03
3.780092293286880079e+01 -2.609530090723748488e-03 6.856056042112942603e-03 4.504482584338575547e-03 4.865779023529778584e-03
3.820587259870668362e+01 1.314046806749050731e-03 5.794384403132847930e-03 4.509616920838415213e-03 4.874198333033832875e-03
3.861082226454456645e+01 4.593815770151038654e-03 3.220843094373392924e-03 4.515008560611100119e-03 4.883063267762041693e-03
3.901577193038245639e+01 -3.868119293146486410e-03 -7.021621645962577291e-03 4.520665828274591375e-03 4.892387571448528899e-03
3.942072159622034633e+01 -1.587731038475602256e-03 5.658722331524576599e-03 4.526597784230772595e-03 4.902186250791952526e-03
3.982567126205822916e+01 1.355939766757507763e-03 2.369065827854306434e-03 4.532814278376997262e-03 4.912475664820831547e-03
4.023062092789611199e+01 4.175357251374398060e-03 -2.391077785027430781e-03 4.539326009976358926e-03 4.923273624751081309e-03
4.063557059373400193e+01 -1.505816462713284671e-03 6.029939342260754245e-03 4.546144594422398683e-03 4.934599505559265908e-03
4.104052025957189187e+01 5.235861766812703252e-03 -7.122844509088246089e-03 4.553282637744399466e-03 4.946474370681351249e-03
4.144546992540977470e+01 -8.903684036032474131e-03 -6.992018148931152151e-04 4.560753819828025635e-03 4.958921111463300210e-03
4.185041959124765754e+01 -9.506911692447352763e-03 1.613502772161421774e-04 4.568572987476422591e-03 4.971964603242480865e-03
4.225536925708554747e+01 2.340750915533409016e-03 -3.756877256803678195e-03 4.576756258613166005e-03 4.985631880234533617e-03
4.266031892292343741e+01 3.187968607644734668e-03 3.596949574749488347e-03 4.585321139135837241e-03 4.999952331747745810e-03
4.306526858876132025e+01 6.384805756407098756e-03 -2.336273923598463156e-03 4.594286654173752003e-03 5.014957922656458622e-03
4.347021825459920308e+01 1.259162754968761854e-03 5.589444892922279355e-03 4.603673495793192925e-03 5.030683441549315543e-03
4.387516792043709302e+01 4.564987095620308931e-03 4.591728255660502099e-03 4.613504189537879357e-03 5.047166780543106343e-03
4.428011758627498295e+01 6.140219381661466032e-03 4.991893472384873257e-03 4.623803282603028766e-03 5.064449251437681820e-03
4.468506725211286579e+01 4.092266639506352173e-03 -4.579038047102311319e-04 4.634597556932820023e-03 5.082575943706211033e-03
4.509001691795074862e+01 -4.728626844136633520e-03 8.445911764642068803e-03 4.645916271121354468e-03 5.101596130797440495e-03
4.549496658378863856e+01 -4.490977220018187860e-03 -1.002041180557602246e-03 4.657791435709114289e-03 5.121563732410316407e-03
4.589991624962652850e+01 3.923833592545983469e-03 2.702951660995805278e-04 4.670258127328884463e-03 5.142537841832899373e-03
4.630486591546441133e+01 -4.694202238328269629e-04 6.055359815504394658e-03 4.683354848203164639e-03 5.164583329176406987e-03
4.670981558130229416e+01 8.508006338896112811e-03 6.373784621672877633e-03 4.697123938775128911e-03 5.187771533456427345e-03
4.711476524714018410e+01 -1.022693406926778598e-02 -1.676149981568831465e-03 4.711612052825595032e-03 5.212181059072689207e-03
4.751971491297807404e+01 4.111169435519795162e-03 -2.944231373263380986e-03 4.726870706364516561e-03 5.237898695439161499e-03
4.792466457881595687e+01 9.126447977491619970e-03 6.426387594870705197e-03 4.742956913984244620e-03 5.265020482476012731e-03
4.832961424465383971e+01 7.229773902849178334e-03 5.230763450943956908e-03 4.759933929349600794e-03 5.293652949599880753e-03
4.873456391049172964e+01 1.471726694681838770e-03 8.360362947677437047e-04 4.777872110241949966e-03 5.323914562007345946e-03
4.913951357632961958e+01 5.288198976895136863e-03 4.397391853289113473e-03 4.796849933288758507e-03 5.355937415791657899e-03
4.954446324216750241e+01 8.616681882311093277e-03 9.628406637062433132e-03 4.816955189485815428e-03 5.389869233231825603e-03
4.994941290800538525e+01 6.728959741661365637e-03 7.589649081166071655e-03 4.838286399242960542e-03 5.425875722069652476e-03
5.035436257384327519e+01 6.105242150739485438e-04 6.820989536641874559e-03 4.860954495477265783e-03 5.464143378581774735e-03
5.075931223968116512e+01 9.409332198608269440e-04 1.878192707974821445e-03 4.885084835949052642e-03 5.504882834895922367e-03
5.116426190551904796e+01 3.708755408137124569e-03 7.933488614081281309e-03 4.910819622558412235e-03 5.548332877845381025e-03
5.156921157135693079e+01 7.184496074208653396e-03 7.018667407977907668e-03 4.938320827040524989e-03 5.594765301844746054e-03
5.197416123719482073e+01 -3.055275963661958916e-03 1.437687218093102771e-02 4.967773751302318949e-03 5.644490804787305645e-03
5.237911090303271067e+01 -2.741876214488118534e-03 1.155403384234248744e-03 4.999391389198385924e-03 5.697866198010713944e-03
5.278406056887059350e+01 7.451471518321322804e-03 6.707802531742862104e-03 5.033419808668310180e-03 5.755303284933646797e-03
5.318901023470847633e+01 4.344644935145722947e-03 2.986256888564912254e-03 5.070144844383694428e-03 5.817279876647667505e-03
5.359395990054636627e+01 2.102195866250171699e-03 1.579230419811087499e-02 5.109900489508258266e-03 5.884353569126589759e-03
5.399890956638425621e+01 3.076262233026321076e-03 1.638207142201598618e-02 5.153079512969980375e-03 5.957179124384407234e-03
5.440385923222213904e+01 5.131586092032572148e-03 1.173850666331262456e-02 5.200147024114867671e-03 6.036530604782644992e-03
5.480880889806002187e+01 6.762376922631182889e-03 -3.056238981735041535e-03 5.251657987988959594e-03 6.123329848323125560e-03
5.521375856389791181e+01 -4.110983704078218816e-03 1.635287749119945788e-03 5.308280106064317341e-03 6.218683509200529855e-03
5.561870822973580175e+01 6.855946328691636324e-04 6.398055438335243685e-03 5.370824089883261161e-03 6.323931826518567646e-03
5.602365789557368458e+01 2.501871181362592608e-03 1.755397565114394723e-02 5.440284284916279030e-03 6.440713693297971804e-03
5.642860756141156742e+01 7.352051266925763683e-03 1.430739768584875574e-02 5.517894043724556712e-03 6.571054755524026805e-03
5.683355722724945736e+01 -1.835152520541418614e-04 2.044198561826550756e-02 5.605202537430789209e-03 6.717488646617155411e-03
5.723850689308734729e+01 2.996001079977328452e-03 1.515636357614406036e-02 5.704183430862819204e-03 6.883226871990688958e-03
5.764345655892523013e+01 -4.416750707451500696e-03 2.789015704538815033e-02 5.817392132805096136e-03 7.072401760853307302e-03
5.804840622476311296e+01 -1.420700752396071229e-03 2.286403280590908887e-02 5.948199286790753840e-03 7.290421998237201287e-03
5.845335589060100290e+01 7.072502713805663491e-03 4.022390633565910145e-02 6.101148052143450830e-03 7.544506722492568679e-03
5.885830555643889284e+01 1.205558899705638960e-02 4.615520567261204021e-02 6.282520605106109088e-03 7.844512388107858017e-03
5.926325522227677567e+01 2.637297565287581580e-02 4.697141849932889163e-02 6.501275780465982576e-03 8.204258234530824312e-03
5.966820488811465850e+01 2.038094628151697341e-02 2.814460319569607114e-02 6.770685812500860240e-03 8.643738816593100199e-03
6.007315455395254844e+01 2.390395094074258125e-02 6.024306751715870906e-02 7.111395935927843429e-03 9.192994385308704552e-03
6.047810421979043838e+01 3.339878863886479310e-02 8.398845258679563108e-02 7.557705231885558997e-03 9.899242479858086363e-03
6.088305388562832121e+01 5.315227198022925981e-02 1.208958335435936920e-01 8.172434635632200642e-03 1.084063852557504495e-02
6.128800355146620404e+01 7.673426515586774521e-02 1.767097212876222456e-01 9.091353137440735810e-03 1.215245182423168799e-02
6.169295321730409398e+01 1.173427949576967277e-01 2.386231577571824025e-01 1.068537527492727929e-02 1.406322811942805132e-02
6.209790288314198392e+01 2.571996836629800720e-01 4.363535136275618620e-01 1.394979794555483744e-02 1.686450092897702480e-02
6.250285254897986675e+01 6.008526768352665526e-01 7.087494654568535779e-01 2.014243042817200763e-02 2.058465261187179471e-02
6.290780221481774959e+01 1.460017107536330405e+00 9.720253500431400573e-01 2.816727759071742734e-02 2.438090013792484911e-02
6.331275188065563952e+01 2.110936153998405729e+00 1.272761811696738077e+00 3.334332287698084374e-02 2.655446239384947477e-02
6.371770154649352946e+01 1.908007149759200605e+00 1.210320028000245074e+00 3.159544675383965662e-02 2.584259705389082076e-02
6.412265121233141940e+01 1.021111473905101485e+00 8.541099115265968766e-01 2.437337023230138830e-02 2.268487156442471064e-02
6.452760087816929513e+01 4.270591318772397060e-01 5.571166452648675937e-01 1.682925161142354714e-02 1.876647731588055104e-02
6.493255054400718507e+01 1.714618906609914617e-01 3.233068863136561166e-01 1.212848378434445637e-02 1.547162175622467627e-02
6.533750020984507501e+01 9.333387941019263834e-02 2.352962353601417700e-01 9.857342541509423947e-03 1.316530300546769373e-02
6.574244987568295073e+01 5.568029417465807790e-02 1.424414861772769214e-01 8.691018047352797038e-03 1.162686215743329553e-02
6.614739954152084067e+01 3.442532029836239960e-02 1.022369306965732888e-01 7.982229451728037328e-03 1.058007200923270427e-02
6.655234920735873061e+01 2.619586357345327771e-02 7.878794929720250861e-02 7.508274757305267652e-03 9.846649276118897565e-03
6.695729887319662055e+01 1.728349009677818474e-02 6.026120225815963238e-02 7.179368845477290817e-03 9.325617908273391848e-03
6.736224853903451049e+01 2.581735397546276733e-02 6.008419004293212573e-02 6.951417314071195799e-03 8.959585084020216944e-03
6.776719820487238621e+01 2.177839644942564795e-02 5.277412740702005362e-02 6.800676525943081044e-03 8.715433966894383863e-03
6.817214787071027615e+01 2.693229489069726146e-02 4.610940890236100292e-02 6.714329723329543614e-03 8.574621776498311115e-03
6.857709753654816609e+01 1.477650288646808335e-02 3.435114319044677705e-02 6.686446896468476245e-03 8.528406129107862083e-03
6.898204720238604182e+01 1.411369740877634581e-02 4.342241682527887142e-02 6.716332121769492264e-03 8.575754381208933880e-03
6.938699686822393176e+01 1.388286907437560544e-02 5.578916986537996864e-02 6.808306249947463848e-03 8.723053593593814437e-03
6.979194653406182169e+01 3.683410791322695721e-02 5.539506119572504966e-02 6.972824058720577742e-03 8.985525645185968302e-03
7.019689619989971163e+01 2.874011918210056526e-02 6.782464467455824597e-02 7.229549997833859855e-03 9.390964781137343953e-03
7.060184586573760157e+01 3.421079169009343807e-02 9.578785625481459065e-02 7.614385404521328317e-03 9.987521289655243439e-03
7.100679553157547730e+01 3.913038629642792005e-02 9.579893765611716128e-02 8.196481167731656942e-03 1.085943352354812839e-02
7.141174519741336724e+01 7.431948077212528758e-02 1.787176342814710550e-01 9.127736541559256650e-03 1.215792222315816365e-02
7.181669486325125717e+01 1.206320814217181903e-01 2.576831060932706641e-01 1.083426310910264555e-02 1.414548012752548517e-02
7.222164452908913290e+01 2.713195314878615316e-01 4.328735637340878628e-01 1.463916603723600281e-02 1.713972618853038671e-02
7.262659419492702284e+01 8.368913308742287338e-01 7.514332275090975788e-01 2.223368728476033881e-02 2.096025644333138899e-02
7.303154386076491278e+01 1.680854362433007232e+00 1.016273211116530240e+00 3.034079670167445786e-02 2.404634022215305922e-02
7.343649352660280272e+01 1.855157340662881404e+00 1.035762680722599471e+00 3.095577484942303378e-02 2.425446873346839491e-02
7.384144319244069266e+01 8.967788397489530050e-01 7.565528541517250183e-01 2.335708977519325089e-02 2.140948397319913932e-02
7.424639285827856838e+01 3.368063614900573266e-01 4.660104583626016317e-01 1.534638386846618949e-02 1.753978040102976282e-02
7.465134252411645832e+01 1.194749140281837901e-01 2.846352138532782239e-01 1.110689314676147066e-02 1.437367611139304599e-02
7.505629218995434826e+01 5.395936733061355156e-02 1.779212149795335596e-01 9.206057770465752091e-03 1.222179197501160365e-02
7.546124185579222399e+01 4.069300646334028659e-02 1.379161563793443179e-01 8.168071489929464024e-03 1.078205885653682125e-02
7.586619152163011393e+01 3.069946478740475521e-02 7.988968258765925812e-02 7.498688610430485554e-03 9.775379354595966144e-03
7.627114118746800386e+01 3.019404586067185592e-02 6.489486826358457916e-02 7.026429411961386713e-03 9.036841190016572239e-03
7.667609085330589380e+01 4.437452609827467753e-03 5.746704437175937513e-02 6.673908546197164851e-03 8.473072733398798184e-03
7.708104051914378374e+01 5.694960052113442681e-03 3.887433129916587765e-02 6.400082825824591516e-03 8.028888616239435866e-03
7.748599018498165947e+01 1.907822410239458713e-03 3.151059782227164097e-02 6.180914339884683792e-03 7.669916333132745928e-03
7.789093985081954941e+01 8.971791353361537741e-03 3.930822894671531786e-02 6.001316132690778099e-03 7.373722459023745318e-03
7.829588951665743934e+01 6.994727467626889530e-03 1.929873348474873962e-02 5.851314688442683758e-03 7.125075858952376051e-03
7.870083918249531507e+01 9.300617600115929778e-03 2.642308083932458709e-02 5.724042672773890783e-03 6.913286117728482602e-03
7.910578884833320501e+01 1.013889401555371009e-02 1.895791788130857941e-02 5.614612849392202135e-03 6.730635740270732303e-03
7.951073851417109495e+01 1.487030027436709451e-03 2.806211316112438431e-02 5.519450574638098787e-03 6.571417655871627378e-03
7.991568818000898489e+01 7.285981819048371194e-03 1.661328299672325953e-02 5.435880027564215372e-03 6.431322754426789870e-03
8.032063784584687482e+01 1.115278398996723611e-03 1.360543812616846725e-02 5.361858009705573747e-03 6.307037824527966449e-03
8.072558751168475055e+01 5.454294586651950265e-03 1.138084388832756241e-02 5.295797207182190332e-03 6.195974329856661009e-03
8.113053717752264049e+01 5.218349110200646082e-03 2.024307337145662272e-02 5.236445631497779578e-03 6.096081013156348129e-03
8.153548684336053043e+01 5.018264497744784336e-03 1.619893963965469280e-02 5.182802423330680648e-03 6.005711644361672041e-03
8.194043650919840616e+01 -3.596087948841835379e-03 2.551938049008922391e-02 5.134057822424507866e-03 5.923529905047349858e-03
8.234538617503629609e+01 8.319854896675221712e-04 1.579717686134608778e-02 5.089549574973147722e-03 5.848439811925279161e-03
8.275033584087418603e+01 4.249377687149419325e-03 6.997514129821751257e-03 5.048730754341785622e-03 5.779534038000656675e-03
8.315528550671207597e+01 2.742700616436166260e-03 -3.348274005476598383e-03 5.011145653970466157e-03 5.716054991768334051e-03
8.356023517254996591e+01 -2.884837877101144223e-03 2.176939790949711240e-03 4.976411484870870046e-03 5.657365132473771673e-03
8.396518483838784164e+01 -1.204509205725133418e-03 5.810067789592529737e-03 4.944204310274622621e-03 5.602924066695051837e-03
8.437013450422573158e+01 5.263454107116772793e-03 1.829227279220104613e-03 4.914248115818658884e-03 5.552270688637091570e-03
8.477508417006362151e+01 -1.661269862179718185e-04 2.112588619170105431e-02 4.886306229244774188e-03 5.505009116567200281e-03
8.518003383590149724e+01 -1.586776846609259939e-03 1.014074803866633206e-02 4.860174520957600934e-03 5.460797517876607790e-03
8.558498350173938718e+01 4.228865468815960933e-03 -4.794052879616428342e-04 4.835675968778883720e-03 5.419339154603577784e-03
