# [1.84801509 1.84801509 0.5896841 ], [1.98533855 1.98533855 0.31503718], [1.59622952 1.59622952 1.09325524]
5.000000000000000000e+00 8.169211985735509718e-03 9.360193397749381333e-03 6.863339931062537383e-03 2.425999141460456754e-02 2.771711899725152681e-02 2.048156124258160987e-02
5.269514994989094703e+00 7.191481351028817560e-03 8.237628507324826557e-03 6.044229061615064534e-03 2.166744736289537288e-02 2.472375013368505181e-02 1.832845133424997053e-02
5.539029989978189406e+00 6.399966242201363988e-03 7.328902000536842258e-03 5.381070142788278547e-03 1.956888180454962808e-02 2.229446286844497666e-02 1.659264196309207656e-02
5.808544984967284996e+00 5.744956009876970617e-03 6.576896171848145567e-03 4.832272406534818265e-03 1.786601303252117329e-02 2.031490100968849633e-02 1.519356423814726895e-02
6.078059979956379699e+00 5.193883702941129617e-03 5.944206819551926813e-03 4.370569203827801355e-03 1.649519519401961704e-02 1.870990493692897133e-02 1.408027262900377052e-02
6.347574974945474402e+00 4.724282130503807201e-03 5.405036481401311391e-03 3.977141395918737908e-03 1.541964941378917361e-02 1.743430560123527054e-02 1.322526823256054557e-02
6.617089969934569993e+00 4.319952116012881760e-03 4.940787632740056834e-03 3.638416634864205697e-03 1.462520380310777107e-02 1.646773897828761324e-02 1.262125992303423511e-02
6.886604964923664696e+00 3.968802588233442431e-03 4.537580191985209239e-03 3.344263165777438748e-03 1.411765813957708247e-02 1.581141406242493608e-02 1.227918174217204270e-02
7.156119959912759398e+00 3.661568335347003666e-03 4.184778496946994081e-03 3.086916649415749354e-03 1.391967132279045907e-02 1.548460517806301250e-02 1.222550487289721967e-02
7.425634954901854101e+00 3.391004691630262156e-03 3.874066482724573216e-03 2.860305770163820791e-03 1.406479983048684705e-02 1.551840413351844757e-02 1.249657460340861462e-02
7.695149949890948804e+00 3.151355263141435072e-03 3.598836539310304537e-03 2.659606345667113979e-03 1.458648879287590891e-02 1.594446196892381970e-02 1.312785415700827574e-02
7.964664944880044395e+00 2.937985230338163202e-03 3.353768525796132789e-03 2.480934086508024012e-03 1.550105675889587240e-02 1.677770845226514429e-02 1.413717700105943803e-02
8.234179939869139986e+00 2.747120492818737238e-03 3.134530313737048015e-03 2.321126016092376308e-03 1.678637171606781053e-02 1.799472294329414537e-02 1.550373436080016223e-02
8.503694934858234689e+00 2.575657447351623486e-03 2.937559423270259297e-03 2.177581068566343189e-03 1.836153522464843355e-02 1.951309363770538374e-02 1.714809534122619522e-02
8.773209929847329391e+00 2.421021506735719555e-03 2.759900614227716025e-03 2.048141526828117440e-03 2.007592042828671916e-02 2.118018153216055799e-02 1.892153083899197202e-02
9.042724924836424094e+00 2.281060139565738425e-03 2.599083106215084333e-03 1.931003387306986108e-03 2.171611941234114634e-02 2.277994807341990335e-02 2.061308805789962770e-02
9.312239919825518797e+00 2.153960874560182422e-03 2.453026456614076922e-03 1.824647644502486741e-03 2.303512007155305089e-02 2.406225709706117169e-02 2.197864504500296121e-02
9.581754914814613500e+00 2.038187673662850662e-03 2.319967524566850063e-03 1.727786968532471056e-03 2.379986155741856124e-02 2.479081893786153415e-02 2.278808405377530030e-02
9.851269909803708202e+00 1.932431022519565502e-03 2.198403181284641194e-03 1.639323878043428368e-03 2.384444733658108023e-02 2.479696527610186427e-02 2.287796769272914740e-02
1.012078490479280291e+01 1.835568398649491334e-03 2.087044932900493106e-03 1.558317609916792237e-03 2.311142699715893270e-02 2.402148117771472219e-02 2.219232379537555006e-02
1.039029989978189761e+01 1.746632682040786828e-03 1.984782660341279960e-03 1.483957645035229814e-03 2.166610288410359894e-02 2.252924375441770280e-02 2.079669626260984699e-02
1.065981489477099231e+01 1.664786708060612659e-03 1.890655409839356446e-03 1.415542381605414254e-03 1.967841270961569189e-02 2.049108576911825089e-02 1.886012177739076687e-02
1.092932988976008879e+01 1.589302615784642797e-03 1.803827687973392265e-03 1.352461827314296178e-03 1.737919234091820850e-02 1.813969444561588581e-02 1.661179786132793365e-02
1.119884488474918349e+01 1.519544972827640552e-03 1.723570091624553003e-03 1.294183456435268886e-03 1.500655901642822601e-02 1.571542585859185548e-02 1.428801908207860162e-02
1.146835987973827820e+01 1.454956898113736463e-03 1.649243379146155333e-03 1.240240579419648204e-03 1.275976931115382039e-02 1.341959242205266814e-02 1.208653280709273171e-02
1.173787487472737290e+01 1.395048582195237410e-03 1.580285293569033732e-03 1.190222721817404137e-03 1.077234231483446651e-02 1.138718633142224955e-02 1.013995727028248715e-02
1.200738986971646760e+01 1.339387738187221245e-03 1.516199601862475415e-03 1.143767621212093445e-03 9.107209932365566488e-03 9.681877808398622540e-03 8.510983208866011035e-03
1.227690486470556408e+01 1.287591617316007813e-03 1.456546930128688883e-03 1.100554535438047314e-03 7.768817727172864368e-03 8.308184974373753265e-03 7.204339252222555050e-03
1.254641985969465878e+01 1.239320300090311243e-03 1.400937063008544014e-03 1.060298619885854119e-03 6.723396009063038921e-03 7.231944077265524407e-03 6.186843903287635692e-03
1.281593485468375349e+01 1.194271033349092372e-03 1.349022443582800551e-03 1.022746181352360804e-03 5.919250592305368847e-03 6.400828604587300262e-03 5.407487766650932726e-03
1.308544984967284819e+01 1.152173429368902238e-03 1.300492662773598037e-03 9.876706543822052781e-04 5.302102311795970496e-03 5.759875262553532105e-03 4.812628607365468034e-03
1.335496484466194289e+01 1.112785379075269905e-03 1.255069768415629453e-03 9.548691761021187900e-04 4.824025212559051971e-03 5.260538027949303828e-03 4.354859417494608316e-03
1.362447983965103759e+01 1.075889559592930599e-03 1.212504256524980827e-03 9.241596591745098160e-04 4.446953823267980714e-03 4.864245394923878869e-03 3.996502739976792382e-03
1.389399483464013230e+01 1.041290438670185083e-03 1.172571632891534175e-03 8.953782811862011186e-04 4.142695530605107652e-03 4.542417659626703068e-03 3.709641731361934622e-03
1.416350982962922700e+01 1.008811696259422378e-03 1.135069453491477929e-03 8.683773236612704572e-04 3.891278745549123057e-03 4.274797220411838405e-03 3.474497457704872269e-03
1.443302482461832170e+01 9.782939977386120867e-04 1.099814768519203744e-03 8.430233057899978516e-04 3.678885787548822825e-03 4.047357001550276091e-03 3.277388926842752723e-03
1.470253981960741640e+01 9.495930646858394622e-04 1.066641907954589451e-03 8.191953675429217629e-04 3.496011451988611293e-03 3.850436674667966075e-03 3.108912056100142027e-03
1.497205481459651288e+01 9.225779983598428758e-04 1.035400557188822113e-03 7.967838645836492666e-04 3.336059977274505404e-03 3.677322491158193773e-03 2.962550094603862063e-03
1.524156980958560759e+01 8.971298185483215538e-04 1.005954079850799243e-03 7.756891436871436512e-04 3.194367436918284144e-03 3.523257767515037327e-03 2.833704159474143350e-03
1.551108480457470229e+01 8.731401865752123166e-04 9.781780520117643735e-04 7.558204725072324888e-04 3.067554612213542562e-03 3.384787928736087380e-03 2.719050792352801192e-03
1.578059979956379699e+01 8.505102862834489465e-04 9.519589777140678374e-04 7.370951017487877835e-04 2.953108897740355874e-03 3.259337384826837235e-03 2.616126516039065080e-03
1.605011479455288992e+01 8.291498409470245265e-04 9.271931605188681470e-04 7.194374412674907175e-04 2.849115206448394992e-03 3.144937198519273929e-03 2.523060273651788008e-03
1.631962978954198462e+01 8.089762474859543522e-04 9.037857096929330500e-04 7.027783344862380092e-04 2.754080874714448773e-03 3.040047860806872112e-03 2.438399274601572332e-03
1.658914478453107932e+01 7.899138121952868803e-04 8.816496629116970813e-04 6.870544178953848398e-04 2.666819430746977977e-03 2.943441610538862722e-03 2.360993389156094968e-03
1.685865977952017758e+01 7.718930745622834891e-04 8.607052100680316750e-04 6.722075543844670134e-04 2.586371552837514552e-03 2.854122368286851705e-03 2.289916560027605366e-03
1.712817477450927228e+01 7.548502077206453156e-04 8.408790050428421176e-04 6.581843308081019661e-04 2.511949972686151108e-03 2.771269887542501115e-03 2.224412057772385664e-03
1.739768976949836699e+01 7.387264857464967242e-04 8.221035541942012985e-04 6.449356115765334657e-04 2.442900164091145205e-03 2.694199872181928229e-03 2.163853457079699914e-03
1.766720476448746169e+01 7.234678093937538332e-04 8.043166719205664021e-04 6.324161412287306527e-04 2.378671695949801431e-03 2.622334882906589889e-03 2.107716232719533244e-03
1.793671975947655639e+01 7.090242830419210031e-04 7.874609950027519839e-04 6.205841899310688987e-04 2.318796959588932324e-03 2.555182706928228655e-03 2.055556696594606266e-03
1.820623475446565109e+01 6.953498366241887092e-04 7.714835485712372631e-04 6.094012366784211940e-04 2.262875104737415485e-03 2.492320001698974420e-03 2.006996117325016930e-03
1.847574974945474580e+01 6.824018871481348078e-04 7.563353575146179687e-04 5.988316856822267905e-04 2.210559725111781778e-03 2.433379737682828722e-03 1.961708568114409190e-03
1.874526474444384050e+01 6.701410351401072612e-04 7.419710979700230597e-04 5.888426120325104037e-04 2.161549289623482771e-03 2.378041424993871267e-03 1.919411502334167092e-03
1.901477973943293520e+01 6.585307919578038596e-04 7.283487842404316823e-04 5.794035332349976430e-04 2.115579615047995850e-03 2.326023411698913222e-03 1.879858355260594473e-03
1.928429473442203346e+01 6.475373344404949418e-04 7.154294870863299937e-04 5.704862036644069937e-04 2.072417877762571838e-03 2.277076745466163898e-03 1.842832671619231777e-03
1.955380972941112816e+01 6.371292838166348581e-04 7.031770798560068236e-04 5.620644293524276660e-04 2.031857800538511543e-03 2.230980230085232146e-03 1.808143396588436907e-03
1.982332472440022286e+01 6.272775061758246486e-04 6.915580093632184202e-04 5.541139008534371607e-04 1.993715746917810658e-03 2.187536405964714444e-03 1.775621064179816640e-03
2.009283971938931757e+01 6.179549321458743631e-04 6.805410888040780253e-04 5.466120422107654045e-04 1.957827524112246316e-03 2.146568252871466128e-03 1.745114685108471991e-03
2.036235471437841227e+01 6.091363937040408620e-04 6.700973103359494617e-04 5.395378742879896423e-04 1.924045744522581702e-03 2.107916462888197433e-03 1.716489185258352574e-03
2.063186970936750697e+01 6.007984763012003473e-04 6.601996752277046812e-04 5.328718909390093910e-04 1.892237631762238182e-03 2.071437167767475884e-03 1.689623281498812014e-03
2.090138470435660167e+01 5.929193846943180872e-04 6.508230397393196089e-04 5.265959466722138545e-04 1.862283183432551000e-03 2.037000031539506432e-03 1.664407707859263952e-03
2.117089969934569638e+01 5.854788210709626923e-04 6.419439751049820734e-04 5.206931546219413596e-04 1.834073622532153081e-03 2.004486639111601083e-03 1.640743724610120016e-03
2.144041469433479108e+01 5.784578742136937263e-04 6.335406401822249759e-04 5.151477937779826675e-04 1.807510084158381238e-03 1.973789126564919234e-03 1.618541857493671588e-03
2.170992968932388578e+01 5.718389185954326527e-04 6.255926654940310947e-04 5.099452245439675506e-04 1.782502495383204988e-03 1.944809010231778349e-03 1.597720825504660679e-03
2.197944468431298048e+01 5.656055224222343277e-04 6.180810475346692687e-04 5.050718118005144549e-04 1.758968614790263913e-03 1.917456180363853735e-03 1.578206624165207550e-03
2.224895967930207519e+01 5.597423637496766555e-04 6.109880523360374394e-04 5.005148547410653327e-04 1.736833204810413330e-03 1.891648031952523857e-03 1.559931737838178871e-03
2.251847467429116989e+01 5.542351538954933899e-04 6.042971274019317282e-04 4.962625228291551050e-04 1.716027315175169994e-03 1.867308710526567302e-03 1.542834459760280283e-03
2.278798966928026459e+01 5.490705674558646592e-04 5.979928212149516076e-04 4.923037972969230690e-04 1.696487659875316927e-03 1.844368454888403730e-03 1.526858302504677418e-03
2.305750466426935930e+01 5.442361783074685334e-04 5.920607096064755149e-04 4.886284176673190904e-04 1.678156073227891291e-03 1.822763022022607943e-03 1.511951484764464775e-03
2.332701965925845400e+01 5.397204010433364956e-04 5.864873283557925452e-04 4.852268328377188256e-04 1.660979033214495968e-03 1.802433182017892065e-03 1.498066482877597003e-03
2.359653465424754870e+01 5.355124373488318783e-04 5.812601114513525971e-04 4.820901563115381630e-04 1.644907242304217846e-03 1.783324272934464936e-03 1.485159637537363832e-03
2.386604964923664340e+01 5.316022268756857155e-04 5.763673345063110437e-04 4.792101252077150602e-04 1.629895257626979123e-03 1.765385807235467447e-03 1.473190807761257494e-03
2.413556464422573811e+01 5.279804022178109747e-04 5.717980628730804293e-04 4.765790627163242455e-04 1.615901163702595416e-03 1.748571122770194814e-03 1.462123065509495900e-03
2.440507963921483281e+01 5.246382476332912739e-04 5.675421040482529593e-04 4.741898437027065177e-04 1.602886282022867063e-03 1.732837072414001320e-03 1.451922425417687427e-03
2.467459463420393107e+01 5.215676611931426791e-04 5.635899640007927935e-04 4.720358631928634223e-04 1.590814912678749490e-03 1.718143747386523647e-03 1.442557604986262820e-03
2.494410962919302577e+01 5.187611200697240903e-04 5.599328070934005402e-04 4.701110074999430483e-04 1.579654103961820053e-03 1.704454230025909556e-03 1.433999811291522064e-03
2.521362462418212047e+01 5.162116487064770257e-04 5.565624193000005653e-04 4.684096277758247398e-04 1.569373446479286477e-03 1.691734372423378237e-03 1.426222550879959047e-03
2.548313961917121517e+01 5.139127896364670484e-04 5.534711744518518769e-04 4.669265157934426196e-04 1.559944888829210060e-03 1.679952597844342789e-03 1.419201460003034071e-03
2.575265461416030988e+01 5.118585767402723113e-04 5.506520032712411330e-04 4.656568817848775934e-04 1.551342572306513854e-03 1.669079722298850250e-03 1.412914152762842880e-03
2.602216960914940458e+01 5.100435107545067855e-04 5.480983649754877758e-04 4.645963341776564214e-04 1.543542682465997087e-03 1.659088793991067524e-03 1.407340085085258046e-03
2.629168460413849928e+01 5.084625368608978579e-04 5.458042212553145195e-04 4.637408610873449571e-04 1.536523315668368974e-03 1.649954948687076947e-03 1.402460432728300796e-03
2.656119959912759398e+01 5.071110242026201365e-04 5.437640124508865335e-04 4.630868134386530556e-04 1.530264358988897783e-03 1.641655279302672247e-03 1.398257981779421188e-03
2.683071459411668869e+01 5.059847471897586458e-04 5.419726357661511446e-04 4.626308895999968647e-04 1.524747382083769913e-03 1.634168718236057730e-03 1.394717030303866366e-03
2.710022958910578339e+01 5.050798684694673144e-04 5.404254253778046800e-04 4.623701214280092828e-04 1.519955539793042647e-03 1.627475931161109345e-03 1.391823299983876647e-03
2.736974458409487809e+01 5.043929234488261871e-04 5.391181343094148242e-04 4.623018616289585343e-04 1.515873484416424988e-03 1.621559221160314519e-03 1.389563856740100647e-03
2.763925957908397280e+01 5.039208062696937367e-04 5.380469179541372141e-04 4.624237723535451613e-04 1.512487286733383207e-03 1.616402442217371735e-03 1.387927039456768102e-03
2.790877457407306750e+01 5.036607571451382111e-04 5.372083191412014864e-04 4.627338149502384802e-04 1.509784364955756063e-03 1.611990921211010896e-03 1.386902396044193721e-03
2.817828956906216220e+01 5.036103509764338270e-04 5.365992546520760272e-04 4.632302408102511020e-04 1.507753420902147685e-03 1.608311387657145822e-03 1.386480626169013823e-03
2.844780456405125690e+01 5.037674871782243198e-04 5.362170031020243536e-04 4.639115832445318919e-04 1.506384382771188378e-03 1.605351910538334271e-03 1.386653530066554729e-03
2.871731955904035516e+01 5.041303806473753681e-04 5.360591941117828253e-04 4.647766503398802250e-04 1.505668353967466603e-03 1.603101841639816873e-03 1.387413962922928994e-03
2.898683455402944986e+01 5.046975538183498186e-04 5.361237987023946983e-04 4.658245187474746541e-04 1.505597567501125314e-03 1.601551764881895771e-03 1.388755794378395943e-03
2.925634954901854456e+01 5.054678297547111248e-04 5.364091208539152611e-04 4.670545283628770006e-04 1.506165345541211594e-03 1.600693451200499093e-03 1.390673872759736482e-03
2.952586454400763927e+01 5.064403262326624489e-04 5.369137901758380379e-04 4.684662778619391428e-04 1.507366063755149815e-03 1.600519818582744024e-03 1.393163993698871015e-03
2.979537953899673397e+01 5.076144507784246607e-04 5.376367556437483932e-04 4.700596210620770310e-04 1.509195120113043494e-03 1.601024896913160649e-03 1.396222872838904150e-03
3.006489453398582867e+01 5.089898966267933757e-04 5.385772803629538174e-04 4.718346640831221203e-04 1.511648907876939627e-03 1.602203797329860300e-03 1.399848122367765854e-03
3.033440952897492338e+01 5.105666395734518746e-04 5.397349373257263059e-04 4.737917632864570880e-04 1.514724792532223937e-03 1.604052685829152709e-03 1.404038231154620215e-03
3.060392452396401808e+01 5.123449356986004965e-04 5.411096061343740422e-04 4.759315239754419950e-04 1.518421092451822290e-03 1.606568760892457823e-03 1.408792548295641385e-03
3.087343951895311278e+01 5.143253199442264327e-04 5.427014706676819462e-04 4.782547998442582683e-04 1.522737063114182419e-03 1.609750234941451997e-03 1.414111269904244801e-03
3.114295451394220748e+01 5.165086055319392019e-04 5.445110176733894631e-04 4.807626931662934366e-04 1.527672884723774594e-03 1.613596319456840449e-03 1.419995429006765727e-03
3.141246950893130219e+01 5.188958842127582537e-04 5.465390362743165241e-04 4.834565557170806974e-04 1.533229653108270476e-03 1.618107213623070544e-03 1.426446888428475586e-03
3.168198450392039689e+01 5.214885273446119530e-04 5.487866183805880553e-04 4.863379904306328961e-04 1.539409373790234271e-03 1.623284096386416872e-03 1.433468336576739378e-03
3.195149949890949159e+01 5.242881877976127798e-04 5.512551600051468883e-04 4.894088537918034115e-04 1.546214959153176987e-03 1.629129121837312368e-03 1.441063286048779087e-03
3.222101449389858630e+01 5.272968026914595392e-04 5.539463634844498264e-04 4.926712589710792543e-04 1.553650228642667469e-03 1.635645417849841340e-03 1.449236075010762806e-03
3.249052948888768100e+01 5.305165969736120105e-04 5.568622406109298168e-04 4.961275797120321372e-04 1.561719911962914081e-03 1.642837087932386923e-03 1.457991871313303036e-03
3.276004448387677570e+01 5.339500878512207054e-04 5.600051166885398283e-04 4.997804549855027400e-04 1.570429655248324488e-03 1.650709216263564769e-03 1.467336679326121471e-03
3.302955947886587040e+01 5.376000900942093852e-04 5.633776355274698394e-04 5.036327944285447092e-04 1.579786030207891651e-03 1.659267875907244815e-03 1.477277349491614832e-03
3.329907447385497221e+01 5.414697222314370255e-04 5.669827653990430283e-04 5.076877845902196635e-04 1.589796546258395813e-03 1.668520140219559213e-03 1.487821590613846740e-03
3.356858946884406691e+01 5.455624136665503197e-04 5.708238059768229672e-04 5.119488960105405282e-04 1.600469665680288433e-03 1.678474097479912708e-03 1.498977984915943369e-03
3.383810446383316162e+01 5.498819127449985087e-04 5.749043962952067165e-04 5.164198911632629247e-04 1.611814821847970796e-03 1.689138868796899191e-03 1.510756005915447420e-03
3.410761945882225632e+01 5.544322958087837113e-04 5.792285237622275904e-04 5.211048332978316603e-04 1.623842440604363014e-03 1.700524629359308074e-03 1.523166039183817275e-03
3.437713445381135102e+01 5.592179772808831542e-04 5.838005342690295038e-04 5.260080962206654508e-04 1.636563964867967375e-03 1.712642633121883810e-03 1.536219406073269754e-03
3.464664944880044573e+01 5.642437208269615676e-04 5.886251434445330085e-04 5.311343750611330307e-04 1.649991882579692447e-03 1.725505241035629614e-03 1.549928390511606888e-03
3.491616444378954043e+01 5.695146516480381789e-04 5.937074491102374563e-04 5.364886980730859938e-04 1.664139758116346636e-03 1.739125952953307847e-03 1.564306268983855705e-03
3.518567943877863513e+01 5.750362699642390212e-04 5.990529449969786554e-04 5.420764395287173010e-04 1.679022267318264596e-03 1.753519443362519265e-03 1.579367343838408190e-03
3.545519443376772983e+01 5.808144657566965833e-04 6.046675357928033836e-04 5.479033337678682449e-04 1.694655236300230024e-03 1.768701601121719586e-03 1.595126980075371867e-03
3.572470942875682454e+01 5.868555348421411206e-04 6.105575535990541468e-04 5.539754904727479815e-04 1.711055684237806343e-03 1.784689573398796003e-03 1.611601645795931320e-03
3.599422442374591924e+01 5.931661963628141439e-04 6.167297758802919774e-04 5.602994112454539200e-04 1.728241870345671987e-03 1.801501814037678685e-03 1.628808956514069591e-03
3.626373941873501394e+01 5.997536117830927884e-04 6.231914450029557529e-04 5.668820075737254988e-04 1.746233345290790131e-03 1.819158136606221967e-03 1.646767723556156332e-03
3.653325441372410864e+01 6.066254054937626587e-04 6.299502894677259371e-04 5.737306202791305192e-04 1.765051007311497664e-03 1.837679772408409851e-03 1.665498006799886240e-03
3.680276940871320335e+01 6.137896871352741370e-04 6.370145469515265876e-04 5.808530405514494496e-04 1.784717163344137596e-03 1.857089433776153370e-03 1.685021172032158789e-03
3.707228440370229805e+01 6.212550757626903114e-04 6.443929892870963946e-04 5.882575326834830597e-04 1.805255595492022197e-03 1.877411382991009620e-03 1.705359953236028998e-03
3.734179939869139275e+01 6.290307259874878317e-04 6.520949495211710890e-04 5.959528586319742935e-04 1.826691633207597112e-03 1.898671507224168262e-03 1.726538520150024299e-03
3.761131439368048746e+01 6.371263562450598305e-04 6.601303512067485625e-04 6.039483045429344752e-04 1.849052231598129680e-03 1.920897399924720913e-03 1.748582551479443536e-03
3.788082938866958216e+01 6.455522793518132492e-04 6.685097401007313164e-04 6.122537093935157123e-04 1.872366056308423727e-03 1.944118449131744704e-03 1.771519314178973464e-03
3.815034438365867686e+01 6.543194355323261272e-04 6.772443184556982496e-04 6.208794959178489574e-04 1.896663575481507321e-03 1.968365933235770911e-03 1.795377749269581836e-03
3.841985937864777156e+01 6.634394281153423731e-04 6.863459821138304627e-04 6.298367040011243695e-04 1.921977159350400123e-03 1.993673124770267528e-03 1.820188564700671134e-03
3.868937437363686627e+01 6.729245621176164344e-04 6.958273606322911645e-04 6.391370267448407338e-04 1.948341188071676640e-03 2.020075402874461738e-03 1.845984335821409909e-03
3.895888936862596097e+01 6.827878859570292230e-04 7.057018606929624151e-04 6.487928494267978120e-04 1.975792168475143211e-03 2.047610375135907202e-03 1.872799614083674831e-03
3.922840436361505567e+01 6.930432365612493881e-04 7.159837130755682165e-04 6.588172916023139281e-04 2.004368860474360029e-03 2.076318009595510324e-03 1.900671044663782049e-03
3.949791935860415037e+01 7.037052881658393882e-04 7.266880235022822251e-04 6.692242526185829005e-04 2.034112413960877976e-03 2.106240777780052278e-03 1.929637493762057388e-03
3.976743435359324508e+01 7.147896051264008817e-04 7.378308276942153326e-04 6.800284608424011883e-04 2.065066517091853661e-03 2.137423809718841730e-03 1.959740186418991535e-03
4.003694934858233978e+01 7.263126991035892630e-04 7.494291510161817885e-04 6.912455269330018432e-04 2.097277556977248433e-03 2.169915062002906840e-03 1.991022855775619917e-03
4.030646434357143448e+01 7.382920910179911972e-04 7.615010731263062655e-04 7.028920015269250624e-04 2.130794793880499624e-03 2.203765500058701369e-03 2.023531904804577904e-03
4.057597933856052919e+01 7.507463782145134710e-04 7.740657980918979036e-04 7.149854377411264542e-04 2.165670550166648965e-03 2.239029295935028672e-03 2.057316581648786433e-03
4.084549433354962389e+01 7.636953073236568646e-04 7.871437304832341452e-04 7.275444589444924346e-04 2.201960415366339182e-03 2.275764043043593428e-03 2.092429169828112327e-03
4.111500932853871859e+01 7.771598533605131439e-04 8.007565580131519771e-04 7.405888322971807512e-04 2.239723468874433090e-03 2.314030989452244436e-03 2.128925194712585726e-03
4.138452432352781329e+01 7.911623056623319104e-04 8.149273413534830358e-04 7.541395486124554022e-04 2.279022521970728698e-03 2.353895291507958776e-03 2.166863647815672842e-03
4.165403931851690800e+01 8.057263613329307969e-04 8.296806118303265941e-04 7.682189091577847377e-04 2.319924381039754121e-03 2.395426289766497668e-03 2.206307230635141427e-03
4.192355431350600270e+01 8.208772269381117703e-04 8.450424777800178647e-04 7.828506200818355701e-04 2.362500134079647141e-03 2.438697809430550451e-03 2.247322619964786054e-03
4.219306930849509740e+01 8.366417292817946230e-04 8.610407404376820700e-04 7.980598952327528891e-04 2.406825462830343518e-03 2.483788487751511283e-03 2.289980756820712057e-03
4.246258430348419211e+01 8.530484361891416860e-04 8.777050203319110679e-04 8.138735682220065619e-04 2.452980983122181324e-03 2.530782131136047417e-03 2.334357161374639791e-03
4.273209929847328681e+01 8.701277883321542747e-04 8.950668952740426431e-04 8.303202146885778475e-04 2.501052616352202052e-03 2.579768105021631227e-03 2.380532276567781571e-03
4.300161429346238151e+01 8.879122432568796247e-04 9.131600511607103170e-04 8.474302858320761434e-04 2.551131995342142359e-03 2.630841759951260857e-03 2.428591843396945508e-03
4.327112928845147621e+01 9.064364329116556809e-04 9.320204469560291376e-04 8.652362544124343920e-04 2.603316908225020414e-03 2.684104897692295589e-03 2.478627311225204636e-03
4.354064428344057092e+01 9.257373361352300460e-04 9.516864953876282528e-04 8.837727745605171870e-04 2.657711784453756828e-03 2.739666281715744025e-03 2.530736286879084734e-03
4.381015927842966562e+01 9.458544677450399533e-04 9.721992610817949436e-04 9.030768569108494053e-04 2.714428227532998152e-03 2.797642196888400906e-03 2.585023026760124160e-03
4.407967427341876743e+01 9.668300860728252025e-04 9.936026780808949327e-04 9.231880607580011944e-04 2.773585599654218928e-03 2.858157063841536717e-03 2.641598976729650928e-03
4.434918926840786213e+01 9.887094210310966476e-04 1.015943788935126050e-03 9.441487051554905453e-04 2.835311664075103148e-03 2.921344114177607237e-03 2.700583365131740705e-03
4.461870426339695683e+01 1.011540925064462106e-03 1.039273007845563672e-03 9.660041011247945354e-04 2.899743291840081814e-03 2.987346133474981600e-03 2.762103855012654988e-03
4.488821925838605154e+01 1.035376549649929916e-03 1.063644410662138500e-03 9.888028074271815356e-04 2.967027240305347788e-03 3.056316279965496860e-03 2.826297262389377771e-03
4.515773425337514624e+01 1.060272050366620504e-03 1.089116054915527636e-03 1.012596912678647007e-03 3.037321011926463234e-03 3.128418987810634069e-03 2.893310348332044698e-03
4.542724924836424094e+01 1.086287323965468617e-03 1.115750333494054626e-03 1.037442346965221059e-03 3.110793802911239383e-03 3.203830965111021441e-03 2.963300693674140573e-03
4.569676424335333564e+01 1.113486781342620932e-03 1.143614366075210338e-03 1.063399226550777298e-03 3.187627552660082363e-03 3.282742298178072029e-03 3.036437666373984108e-03
4.596627923834243035e+01 1.141939760867167249e-03 1.172780432997695427e-03 1.090532235772086059e-03 3.268018106440578711e-03 3.365357675207167332e-03 3.112903492948076219e-03
4.623579423333152505e+01 1.171720987147475100e-03 1.203326456927618577e-03 1.118911050798076677e-03 3.352176505508051765e-03 3.451897744356815113e-03 3.192894447014343016e-03
4.650530922832061975e+01 1.202911081056109392e-03 1.235336538447837822e-03 1.148610810606245534e-03 3.440330420932095293e-03 3.542600623402517458e-03 3.276622169860083766e-03
4.677482422330971445e+01 1.235597127689588024e-03 1.268901552601887006e-03 1.179712641315747764e-03 3.532725749771146225e-03 3.637723580651331529e-03 3.364315140131631660e-03
4.704433921829880916e+01 1.269873309938103316e-03 1.304119814476817222e-03 1.212304240934302876e-03 3.629628395014233323e-03 3.737544909738205971e-03 3.456220312286885886e-03
4.731385421328790386e+01 1.305841616508592734e-03 1.341097823140706500e-03 1.246480532649030465e-03 3.731326253954456509e-03 3.842366024355174832e-03 3.552604946424300480e-03
4.758336920827699856e+01 1.343612634614208077e-03 1.379951094694500859e-03 1.282344396049235873e-03 3.838131443460947485e-03 3.952513802983554161e-03 3.653758655584344196e-03
4.785288420326609327e+01 1.383306439153422990e-03 1.420805096895406657e-03 1.320007487147835086e-03 3.950382795082228032e-03 4.068343218420322066e-03 3.759995700709301697e-03
4.812239919825518797e+01 1.425053592100005654e-03 1.463796299810100855e-03 1.359591159810836060e-03 4.068448658173983747e-03 4.190240292450578968e-03 3.871657568263723107e-03
4.839191419324428267e+01 1.468996268068677689e-03 1.509073359321703783e-03 1.401227503264242027e-03 4.192730055456564235e-03 4.318625422585800101e-03 3.989115871205727026e-03
4.866142918823337737e+01 1.515289524681078057e-03 1.556798453119054510e-03 1.445060512789584414e-03 4.323664242765593718e-03 4.453957135566985297e-03 4.112775620735416998e-03
4.893094418322247208e+01 1.564102739519435212e-03 1.607148792132054695e-03 1.491247413622631820e-03 4.461728733499497994e-03 4.596736331574060447e-03 4.243078924247869164e-03
4.920045917821156678e+01 1.615621239227903140e-03 1.660318334355295007e-03 1.539960161532678232e-03 4.607445858683352664e-03 4.747511094095636063e-03 4.380509174451104916e-03
4.946997417320066148e+01 1.670048150836057335e-03 1.716519732763371149e-03 1.591387147703361791e-03 4.761387946017737842e-03 4.906882153579194064e-03 4.525595806004228949e-03
4.973948916818975619e+01 1.727606510799581906e-03 1.775986554738286354e-03 1.645735140510716076e-03 4.924183216212889118e-03 5.075509108771529727e-03 4.678919709694459583e-03
5.000900416317885089e+01 1.788541673784265623e-03 1.838975817317989835e-03 1.703231502787663646e-03 5.096522512875985636e-03 5.254117528662512193e-03 4.841119410614373730e-03
5.027851915816794559e+01 1.853124071117120486e-03 1.905770890905568275e-03 1.764126730411295007e-03 5.279167003919208248e-03 5.443507080895637618e-03 5.012898136654760431e-03
5.054803415315704029e+01 1.921652378414616955e-03 1.976684834190550223e-03 1.828697366845174468e-03 5.472957018758363434e-03 5.644560860329246935e-03 5.195031927693633846e-03
5.081754914814613500e+01 1.994457163579393347e-03 2.052064235356452354e-03 1.897249358986625740e-03 5.678822217576179332e-03 5.858256125284997708e-03 5.388378965139942016e-03
5.108706414313522970e+01 2.071905100649309387e-03 2.132293649726462684e-03 1.970121932781529993e-03 5.897793328020999384e-03 6.085676690377368053e-03 5.593890337255689321e-03
5.135657913812432440e+01 2.154403852544626522e-03 2.217800742526671032e-03 2.047692083180297981e-03 6.131015732672213774e-03 6.328027275553745577e-03 5.812622499549165850e-03
5.162609413311341910e+01 2.242407747433935138e-03 2.309062268313938088e-03 2.130379792891833306e-03 6.379765249691362120e-03 6.586650173483939337e-03 6.045751743575466207e-03
5.189560912810251381e+01 2.336424400314876873e-03 2.406611046970829042e-03 2.218654119044771895e-03 6.645466522203580771e-03 6.863044674802329034e-03 6.294591054358522446e-03
5.216512412309160851e+01 2.437022464890825114e-03 2.511044131500475909e-03 2.313040317579185753e-03 6.929714522879917328e-03 7.158889786905569229e-03 6.560609819800253088e-03
5.243463911808071032e+01 2.544840742757330937e-03 2.623032407099227126e-03 2.414128213652202027e-03 7.234299793807529716e-03 7.476070902220352705e-03 6.845456959336378329e-03
5.270415411306980502e+01 2.660598929702470954e-03 2.743331916688192696e-03 2.522582074757705878e-03 7.561238184435914965e-03 7.816711222846944515e-03 7.150988169579671969e-03
5.297366910805889972e+01 2.785110345756141963e-03 2.872797278605652288e-03 2.639152304551320872e-03 7.912806030589079540e-03 8.183208939160939097e-03 7.479298149449536623e-03
5.324318410304799443e+01 2.919297080724829116e-03 3.012397651965288605e-03 2.764689353415698912e-03 8.291581946377859016e-03 8.578281402113255988e-03 7.832758876503915016e-03
5.351269909803708913e+01 3.064208095984663482e-03 3.163235820248495346e-03 2.900160341790548706e-03 8.700496693195390249e-03 9.005017838335240346e-03 8.214065273446341520e-03
5.378221409302618383e+01 3.221040963915681316e-03 3.326571112085755129e-03 3.046669021230174849e-03 9.142892965789402998e-03 9.466942554859145501e-03 8.626289947309786696e-03
5.405172908801527853e+01 3.391168108930762808e-03 3.503847070854941310e-03 3.205479865560558785e-03 9.622597421685748914e-03 9.968091094890914675e-03 9.072949128298028743e-03
5.432124408300437324e+01 3.576168652823185495e-03 3.696725036713548532e-03 3.378047303441988457e-03 1.014400791382977576e-02 1.051310247662315574e-02 9.558082514347896602e-03
5.459075907799346794e+01 3.777867281822014801e-03 3.907125136775791222e-03 3.566051392156451179e-03 1.071219971788901250e-02 1.110733152719246136e-02 1.008635048745161814e-02
5.486027407298256264e+01 3.998381970801921127e-03 4.137276620368965895e-03 3.771441615737862983e-03 1.133305564554394802e-02 1.175698648801362482e-02 1.066315317287929582e-02
5.512978906797165735e+01 4.240182960316825518e-03 4.389780067584360228e-03 3.996491004189637805e-03 1.201342640178792824e-02 1.246929862014651072e-02 1.129477715263089467e-02
5.539930406296075205e+01 4.506166139770226460e-03 4.667684799003188334e-03 4.243863465137392640e-03 1.276132951711496030e-02 1.325273262660684945e-02 1.198857744698438380e-02
5.566881905794984675e+01 4.799745024735984321e-03 4.974585906592850389e-03 4.516698167840164056e-03 1.358619786372572760e-02 1.411724954355634068e-02 1.275320482481040116e-02
5.593833405293894145e+01 5.124966944369471408e-03 5.314746832963602140e-03 4.818716128509165780e-03 1.449919243655442558e-02 1.507463763906856206e-02 1.359889185736533855e-02
5.620784904792803616e+01 5.486661047662347475e-03 5.693255529666645109e-03 5.154355972695537184e-03 1.551359916640925561e-02 1.613893224287104786e-02 1.453781577623585938e-02
5.647736404291713086e+01 5.890628552207881168e-03 6.116225196536433269e-03 5.528948430848609936e-03 1.664533665822198749e-02 1.732695297429813139e-02 1.558456270390382210e-02
5.674687903790622556e+01 6.343889687375682540e-03 6.591054856245215192e-03 5.948942815558627174e-03 1.791361185015378707e-02 1.865899753182438670e-02 1.675672705089262596e-02
5.701639403289532027e+01 6.855007630106252532e-03 7.126771189716301323e-03 6.422204087712569780e-03 1.934177509838513540e-02 2.015974656968852474e-02 1.807569312075083673e-02
5.728590902788441497e+01 7.434518347402860154e-03 7.734482153377154716e-03 6.958407015742128741e-03 2.095844732038513319e-02 2.185945655871114612e-02 1.956766525158391140e-02
5.755542402287350967e+01 8.095508171027381017e-03 8.427986529596649679e-03 7.569565765687915303e-03 2.279902305953645028e-02 2.379555059906239209e-02 2.126504132718601975e-02
5.782493901786260437e+01 8.854400636468555061e-03 9.224604366221331869e-03 8.270755320293263560e-03 2.490770025025847850e-02 2.601476683799428327e-02 2.320826730333224244e-02
5.809445401285169908e+01 9.732044810431685761e-03 1.014632566463849299e-02 9.081109252240451152e-03 2.734025919461407703e-02 2.857610011789016996e-02 2.544837583647074908e-02
5.836396900784079378e+01 1.075524621767396695e-02 1.122142629040045851e-02 1.002522317435488100e-02 3.016792505481869988e-02 3.155489089462589630e-02 2.805051406354968496e-02
5.863348400282988848e+01 1.195896132283233958e-02 1.248678438503606630e-02 1.113516635078921034e-02 3.348282607440728614e-02 3.504860393482752551e-02 3.109892778921410569e-02
5.890299899781898318e+01 1.338951067310023210e-02 1.399127220910528942e-02 1.245342686325052323e-02 3.740584940789433432e-02 3.918514620684947908e-02 3.470413333357909996e-02
5.917251399280807789e+01 1.510939858420806865e-02 1.580084415622366040e-02 1.403732897671144432e-02 4.209818000390610354e-02 4.413508581571690820e-02 3.901344878838731989e-02
5.944202898779717259e+01 1.720474648437698983e-02 1.800638442011806908e-02 1.596584536486298986e-02 4.777863754971285043e-02 5.013001311729866488e-02 4.422681163782312547e-02
5.971154398278626729e+01 1.979713579984754279e-02 2.073621088800856396e-02 1.835044924799526453e-02 5.475039215654975422e-02 5.749083910485081050e-02 5.062114294445552165e-02
5.998105897777536200e+01 2.306322026109365944e-02 2.417678394490747548e-02 2.135308356748151504e-02 6.344331064673387754e-02 6.667265929022865578e-02 5.858894557797556663e-02
6.025057397276445670e+01 2.726877726547699901e-02 2.860866579557886855e-02 2.521735396206189680e-02 7.448320450070393395e-02 7.833813747875235933e-02 6.870137823167307700e-02
6.052008896775355140e+01 3.283149100681708593e-02 3.447283261726269421e-02 3.032602672678920072e-02 8.880891115813907555e-02 9.348162267420923044e-02 8.181479424854286309e-02
6.078960396274264610e+01 4.044645208724056973e-02 4.250326641677371065e-02 3.731591186073524025e-02 1.078767533041823934e-01 1.136459991766203687e-01 9.925653258138773805e-02
6.105911895773174081e+01 5.136705808095939907e-02 5.402390135219053285e-02 4.733475877417030880e-02 1.340254302925050212e-01 1.413099571040920543e-01 1.231558211589932200e-01
6.132863395272084261e+01 6.812927687760560180e-02 7.171512982127510594e-02 6.270234835386535865e-02 1.711191042342077862e-01 1.805711893622356790e-01 1.570252197910591840e-01
6.159814894770993732e+01 9.662297257525262473e-02 1.018096856980356263e-01 8.879544938567351942e-02 2.255724260527554315e-01 2.382369390893278316e-01 2.066831141904405256e-01
6.186766394269903202e+01 1.517344785645039495e-01 1.600859520021999660e-01 1.391646057328881636e-01 3.075006940529577126e-01 3.250513230802533626e-01 2.812786280184814691e-01
6.213717893768812672e+01 2.687300198088448111e-01 2.839833238890168143e-01 2.458163905866854460e-01 4.304449432888561300e-01 4.554134928822541895e-01 3.930137294799384007e-01
6.240669393267722143e+01 5.117244588477868339e-01 5.416625730052252452e-01 4.667810057400303414e-01 6.059282999913283563e-01 6.416019298102397794e-01 5.521974698686590299e-01
6.267620892766631613e+01 9.433977340934921463e-01 9.998722945282280117e-01 8.585868839524656293e-01 8.293491120053960719e-01 8.787734134069993264e-01 7.545284671440192215e-01
6.294572392265541083e+01 1.524930543984593712e+00 1.617502553905253881e+00 1.385795837536498709e+00 1.062839278332460946e+00 1.126710091958669446e+00 9.657219200374220769e-01
6.321523891764450553e+01 2.031228771724963078e+00 2.155290668616097527e+00 1.844597664382596314e+00 1.235586890022492668e+00 1.310136728221156011e+00 1.121897613118023385e+00
6.348475391263360024e+01 2.165207813755903654e+00 2.297367570153370675e+00 1.966237807028157203e+00 1.278363459390141399e+00 1.355450094105528080e+00 1.160680668924291670e+00
6.375426890762269494e+01 1.836446310916140856e+00 1.947748854617138869e+00 1.668773874700409499e+00 1.172184896070411098e+00 1.242497956692808936e+00 1.064941026013967562e+00
6.402378390261179675e+01 1.258750256343828866e+00 1.333970224067464239e+00 1.145380820147919199e+00 9.632504604344686028e-01 1.020449609337462205e+00 8.762407264677564145e-01
6.429329889760089145e+01 7.276757791137331566e-01 7.701908110569950505e-01 6.635652171311129388e-01 7.276797865164501555e-01 7.702389777442179009e-01 6.631844996921058000e-01
6.456281389258998615e+01 3.842573295660650645e-01 4.060004763419193807e-01 3.514348555919838968e-01 5.238123576585009822e-01 5.538239275912657522e-01 4.785042715973684135e-01
6.483232888757908086e+01 2.068092992339049807e-01 2.180542674869257735e-01 1.897918062553874963e-01 3.731496808054903802e-01 3.939710569909886662e-01 3.417919391433595910e-01
6.510184388256817556e+01 1.237640592306635950e-01 1.302055388267372993e-01 1.139697562770916606e-01 2.708853411874053152e-01 2.855070605763126435e-01 2.488622937011529535e-01
6.537135887755727026e+01 8.355524279432298418e-02 8.770323975081530110e-02 7.720307064259741836e-02 2.034104070302167611e-01 2.139439989096964534e-01 1.874938365130328632e-01
6.564087387254636496e+01 6.165969650236772376e-02 6.455607422693825093e-02 5.718072116001373523e-02 1.584601201458442632e-01 1.662498440526597454e-01 1.466120372912714520e-01
6.591038886753545967e+01 4.824505929313384345e-02 5.036076689356025482e-02 4.492988085922508534e-02 1.276839938661136487e-01 1.335617682847059229e-01 1.186511945137654067e-01
6.617990386252455437e+01 3.932943199118488914e-02 4.090958831163978016e-02 3.680831410055853542e-02 1.059615269558218803e-01 1.104490415426742506e-01 9.896105411973245281e-02
6.644941885751364907e+01 3.309395390684998634e-02 3.428152043344868949e-02 3.115062749795160721e-02 9.022269453529735417e-02 9.365664046030244827e-02 8.474962093719966283e-02
6.671893385250274378e+01 2.859140591431166487e-02 2.947593446615332305e-02 2.708968806753676503e-02 7.859673590441218494e-02 8.120067715788087392e-02 7.431492427208798157e-02
6.698844884749183848e+01 2.527921078543055380e-02 2.591913977894842389e-02 2.412941821179282256e-02 6.991018967015598384e-02 7.183561072050062557e-02 6.659029175406587509e-02
6.725796384248093318e+01 2.282658780361839640e-02 2.326071736695668746e-02 2.196821436387969700e-02 6.340608700933746122e-02 6.475636359557783439e-02 6.088943245454443709e-02
6.752747883747002788e+01 2.102385407997064970e-02 2.127770904358442308e-02 2.041591754672778675e-02 5.858618690977218657e-02 5.943093957733934507e-02 5.676312249024273449e-02
6.779699383245912259e+01 1.973564854412881292e-02 1.982514602265218751e-02 1.935106401621223063e-02 5.512034900756764694e-02 5.550415180682611443e-02 5.391697983489829316e-02
6.806650882744821729e+01 1.887537120192418066e-02 1.880892932650656338e-02 1.869763130607342283e-02 5.279343742457939109e-02 5.274102102601892217e-02 5.216351708647606888e-02
6.833602382243731199e+01 1.839087955580864450e-02 1.817053146242867193e-02 1.841217776155709349e-02 5.147418970104096492e-02 5.099329592560038898e-02 5.139438436141625238e-02
6.860553881742640669e+01 1.825675037802436743e-02 1.787853772004037098e-02 1.847711198452546208e-02 5.109784284306085472e-02 5.018032808630070590e-02 5.156542007522094129e-02
6.887505381241550140e+01 1.847087842875440311e-02 1.792462772827350601e-02 1.889810850407373094e-02 5.165833200908390849e-02 5.027976019180416950e-02 5.269083276909738295e-02
6.914456880740459610e+01 1.905452331938753754e-02 1.832298086009080326e-02 1.970495230140238696e-02 5.320832201709877612e-02 5.132601161047694455e-02 5.484514220755080938e-02
6.941408380239369080e+01 2.005585406602447204e-02 1.911302414531489482e-02 2.095602356213255649e-02 5.586716049895883857e-02 5.341637151321478733e-02 5.817331025701011349e-02
6.968359879738278551e+01 2.155800503636666129e-02 2.036635619744123216e-02 2.274764524649905070e-02 5.983871335111951711e-02 5.672629711826485122e-02 6.291143707584011258e-02
6.995311379237188021e+01 2.369408920746604585e-02 2.219999218958796511e-02 2.523107675075758963e-02 6.544364093592425213e-02 6.153791261228327980e-02 6.942319739055821670e-02
7.022262878736097491e+01 2.667429150478031752e-02 2.480048846249007302e-02 2.864290000556573082e-02 7.317504815647425664e-02 6.828967724038995102e-02 7.826198110119135520e-02
7.049214378235006961e+01 3.083587832450889257e-02 2.846862940919006602e-02 3.336090052389510674e-02 8.379457446457147518e-02 7.766253421812258084e-02 9.027764821657952021e-02
7.076165877733916432e+01 3.674050587253242101e-02 3.370648711974759404e-02 4.001263726692213391e-02 9.850183737621409641e-02 9.073214131888879264e-02 1.068042333277838540e-01
7.103117377232825902e+01 4.537933594008299737e-02 4.140098386346634934e-02 4.970414512875250684e-02 1.192411263160098878e-01 1.092447441603025121e-01 1.299988839898877091e-01
7.130068876731735372e+01 5.865872995011554847e-02 5.325850133418168209e-02 6.456118557179264805e-02 1.492645007674042457e-01 1.361242906049677792e-01 1.634623615961758314e-01
7.157020376230644843e+01 8.075150433371369729e-02 7.301416411237077186e-02 8.923308788064467090e-02 1.941299808469434118e-01 1.763731581742692123e-01 2.133339838149694578e-01
7.183971875729554313e+01 1.224478363836301875e-01 1.103316142204136124e-01 1.357191133342980083e-01 2.631617653796030076e-01 2.383959101043592044e-01 2.898787528234665345e-01
7.210923375228463783e+01 2.143803720011964731e-01 1.927044574535421162e-01 2.379563078158686562e-01 3.701753990472252398e-01 3.346792265601713501e-01 4.082284717623021475e-01
7.237874874727373253e+01 4.307625300217916009e-01 3.870163744482735257e-01 4.777376020213978669e-01 5.286666666276869098e-01 4.775049146865795735e-01 5.830059624916004157e-01
7.264826374226282724e+01 8.710944170629961736e-01 7.836724468442882729e-01 9.638404196282738257e-01 7.339306727175618494e-01 6.628403431478533392e-01 8.086929915347804698e-01
7.291777873725192194e+01 1.488303978063955091e+00 1.341779482419845904e+00 1.642808730545349372e+00 9.378005385990292320e-01 8.473878839540062158e-01 1.032201708483093228e+00
7.318729373224101664e+01 1.915043715792053902e+00 1.730123434169367203e+00 2.110234454871493970e+00 1.053267420165022727e+00 9.524450710368460582e-01 1.158335557358300072e+00
7.345680872723011134e+01 1.775178756636064392e+00 1.606397510105644688e+00 1.954685087853536007e+00 1.016522165847241199e+00 9.198954208702542212e-01 1.117652704756572968e+00
7.372632372221920605e+01 1.200383335012705111e+00 1.087220248784439125e+00 1.322314708779319892e+00 8.485997381510107518e-01 7.683595251451618147e-01 9.333973861263717975e-01
7.399583871720830075e+01 6.377578913065394817e-01 5.775715681453782446e-01 7.036602738112084365e-01 6.340078207382416897e-01 5.742539885738664474e-01 6.979545740567335566e-01
7.426535371219739545e+01 3.085542783365586295e-01 2.791609667578370257e-01 3.411926014237501303e-01 4.463989867318502447e-01 4.044248297368707168e-01 4.918659094453934344e-01
7.453486870718649016e+01 1.613077832053577410e-01 1.458068170822791054e-01 1.786343999242684388e-01 3.116706159888045780e-01 2.824593129407578784e-01 3.436004219229507606e-01
7.480438370217558486e+01 9.802624752712843503e-02 8.860309670571688001e-02 1.085628872006775270e-01 2.230303514112810526e-01 2.022415250591913238e-01 2.458757141006207292e-01
7.507389869716467956e+01 6.707976633934036037e-02 6.067359422834584654e-02 7.422985884906675713e-02 1.655427704432592684e-01 1.502362443327378005e-01 1.824051157963479941e-01
7.534341369215377426e+01 4.942826361240269806e-02 4.475515029676277456e-02 5.463264960077938992e-02 1.273410798869469562e-01 1.156866148173183451e-01 1.401888589824631104e-01
7.561292868714286897e+01 3.821590895121662612e-02 3.464583643072668973e-02 4.218300855190394716e-02 1.010000292235629649e-01 9.186561466127102227e-02 1.110660445970840238e-01
7.588244368213196367e+01 3.057582295407064096e-02 2.775690512286035916e-02 3.370120063584904763e-02 8.215891663757943220e-02 7.482549059818047188e-02 9.023227118302855343e-02
7.615195867712105837e+01 2.510614100226767412e-02 2.282382192618179900e-02 2.763083028478258846e-02 6.823923821317083582e-02 6.223347320938308475e-02 7.484180573445955997e-02
7.642147367211015307e+01 2.104149048844141875e-02 1.915661638658625390e-02 2.312171546058911301e-02 5.766753921146427347e-02 5.266681649354582051e-02 6.315607713017402924e-02
7.669098866709924778e+01 1.793068730156770207e-02 1.634871587193029163e-02 1.967252123969081418e-02 4.944788371268809407e-02 4.522534057703576915e-02 5.407373708779248528e-02
7.696050366208834248e+01 1.549212299980099253e-02 1.414642561938013986e-02 1.697027551156523456e-02 4.292752957771934358e-02 3.931923902027704282e-02 4.687253987421725887e-02
7.723001865707743718e+01 1.354197270420269376e-02 1.238417289145007580e-02 1.481065521784886117e-02 3.766506547133798011e-02 3.454974675564626008e-02 4.106387346725981491e-02
7.749953365206653189e+01 1.195579178390789900e-02 1.094988303568380193e-02 1.305532982856924193e-02 3.335363000506182812e-02 3.063969101679341056e-02 3.630796593089610780e-02
7.776904864705562659e+01 1.064674114374310893e-02 9.765354429095367272e-03 1.160776844614192123e-02 2.977464842812837728e-02 2.739166276167672928e-02 3.236275350537695661e-02
7.803856364204472129e+01 9.552644295871274421e-03 8.774596489432557808e-03 1.039885648332001568e-02 2.676905550409690651e-02 2.466200668695528106e-02 2.905205569324630088e-02
7.830807863703381599e+01 8.627985902421527603e-03 7.936621697281430118e-03 9.378002274092878468e-03 2.421887053302477014e-02 2.234417246310693023e-02 2.624518916150370140e-02
7.857759363202291070e+01 7.838797530969575378e-03 7.220839344650992371e-03 8.507451997929590601e-03 2.203508964244991000e-02 2.035777668176794522e-02 2.384356622046780380e-02
7.884710862701200540e+01 7.159293549458788965e-03 6.604026030400212549e-03 7.758549702628575982e-03 2.014954116309514848e-02 1.864124639448458062e-02 2.177167712166713093e-02
7.911662362200110010e+01 6.569602078863372337e-03 6.068282542985659403e-03 7.109214534272568012e-03 1.850929031827551474e-02 1.714676603395725793e-02 1.997089341681273708e-02
7.938613861699019481e+01 6.054200353276719543e-03 5.599625149411045603e-03 6.542201035855328348e-03 1.707272146913473704e-02 1.583673976160085428e-02 1.839512829322629064e-02
7.965565361197928951e+01 5.600814398786247914e-03 5.186995005869163462e-03 6.043875662967144492e-03 1.580674725142829778e-02 1.468127162693714724e-02 1.700774466111037997e-02
7.992516860696838421e+01 5.199631497217358130e-03 4.821549201423871132e-03 5.603341071745863988e-03 1.468478902763806215e-02 1.365634228208004002e-02 1.577931747258222439e-02
8.019468360195747891e+01 4.842727500030915774e-03 4.496145235490776187e-03 5.211799304448041029e-03 1.368529438975994370e-02 1.274247063407467871e-02 1.468599093656677151e-02
8.046419859694657362e+01 4.523644338699229529e-03 4.204960709381002498e-03 4.862081990737722632e-03 1.279063450565785104e-02 1.192371844738672991e-02 1.370825655637619364e-02
8.073371359193566832e+01 4.237074222132677231e-03 3.943209056312485528e-03 4.548299187495423272e-03 1.198627401544501321e-02 1.118694100303460094e-02 1.283003316102373711e-02
8.100322858692476302e+01 3.978620726332838912e-03 3.706924485246790996e-03 4.265573726914626516e-03 1.126013910267873591e-02 1.052121665615597321e-02 1.203796654425391861e-02
8.127274358191385772e+01 3.744616046030693236e-03 3.492797476326583821e-03 4.009838020804139605e-03 1.060213143850726250e-02 9.917408070029203743e-03 1.132089076729813314e-02
8.154225857690295243e+01 3.531979773103054859e-03 3.298047653584750254e-03 3.777677046023174539e-03 1.000375072725655581e-02 9.367821478027621093e-03 1.066940982773234049e-02
8.181177357189204713e+01 3.338108729984522269e-03 3.120324608975602425e-03 3.566205865514435972e-03 9.457798963314363941e-03 8.865939699064144877e-03 1.007556989624881945e-02
8.208128856688114183e+01 3.160790271851913504e-03 2.957629849485607105e-03 3.372973248173252378e-03 8.958146775063093731e-03 8.406211192340355687e-03 9.532600372741605391e-03
8.235080356187023654e+01 2.998133498279789005e-03 2.808254863682355714e-03 3.195885204846711080e-03 8.499547380097791441e-03 7.983882085294494863e-03 9.034707717624374315e-03
8.262031855685933124e+01 2.848514256676297745e-03 2.670731601697886801e-03 3.033143860971751222e-03 8.077487366346258399e-03 7.594861440084685333e-03 8.576910103697229712e-03
8.288983355184844015e+01 2.710530857063808870e-03 2.543792596258978838e-03 2.883198239927978104e-03 7.688066187598140491e-03 7.235612437598337547e-03 8.154903897165581214e-03
8.315934854683753485e+01 2.582968172186382062e-03 2.426338631385498244e-03 2.744704370215363728e-03 7.327898219010376031e-03 6.903063924465762703e-03 7.764955145475618999e-03
8.342886354182662956e+01 2.464768351196877563e-03 2.317412364226664918e-03 2.616492746017891769e-03 6.994032664225700337e-03 6.594538073744299345e-03 7.403810852463599095e-03
8.369837853681572426e+01 2.355006786271758839e-03 2.216176675482593294e-03 2.497541627933808940e-03 6.683887683832384283e-03 6.307690882956725441e-03 7.068626016356485339e-03
8.396789353180481896e+01 2.252872279126847885e-03 2.121896800708094298e-03 2.386955012796801879e-03 6.395195925446627537e-03 6.040462964695837017e-03 6.756903304688945816e-03
8.423740852679391367e+01 2.157650586540460404e-03 2.033925503701372942e-03 2.283944359693812921e-03 6.125959249978355989e-03 5.791038639380698648e-03 6.466442921182902724e-03
8.450692352178300837e+01 2.068710700544516574e-03 1.951690712066148515e-03 2.187813355650898746e-03 5.874410917691607649e-03 5.557811763048137003e-03 6.195300739637542124e-03
8.477643851677210307e+01 1.985493354231835771e-03 1.874685156783552570e-03 2.097945154925936594e-03 5.638983858393198725e-03 5.339357048594377958e-03 5.941753179794194428e-03
8.504595351176119777e+01 1.907501348528097039e-03 1.802457651581799731e-03 2.013791641960169070e-03 5.418283929379783502e-03 5.134405890928310165e-03 5.704267609791087261e-03
8.531546850675029248e+01 1.834291376382587687e-03 1.734605720880054826e-03 1.934864358244141715e-03 5.211067282420670833e-03 4.941825902909204385e-03 5.481477301126190180e-03
8.558498350173938718e+01 1.765467084241754796e-03 1.670769342147202831e-03 1.860726803874876434e-03 5.016221131699425198e-03 4.760603522937900851e-03 5.272160151241529411e-03
