# [8.88436557 8.88436557 1.52733558], [9.22576218 9.22576218 0.92637802], [8.53426898 8.53426898 2.08714763]
5.000000000000000000e+00 1.248138997258657207e-01 1.295898490609776188e-01 1.238170889763351712e-01 1.307842573615654480e+00 1.274948893642777081e+00 1.292235327184428906e+00
5.108672396648123559e+00 1.170337944870071117e-01 1.215933949905985689e-01 1.159490218265597505e-01 1.183329798366588470e+00 1.158110265396208538e+00 1.148284057359607813e+00
5.217344793296247119e+00 1.100748355660359501e-01 1.144340392494140879e-01 1.089240243553512566e-01 1.081556160441811354e+00 1.063193346246431581e+00 1.033112850665179439e+00
5.326017189944369790e+00 1.038179019470914927e-01 1.079903784961684515e-01 1.026187730202952758e-01 1.003725110725040226e+00 9.897199217396235316e-01 9.488796081420259876e-01
5.434689586592493349e+00 9.816712943720182216e-02 1.021648924767882410e-01 9.693403584061807687e-02 9.475299961676253435e-01 9.343279036915225211e-01 8.930637765060939204e-01
5.543361983240616908e+00 9.304429637961170174e-02 9.687808205774969816e-02 9.178889120930036616e-02 9.077180735358986174e-01 8.915345574285696850e-01 8.593968561821441199e-01
5.652034379888740467e+00 8.838487236996594998e-02 9.206438355628938919e-02 8.711663912878785110e-02 8.771918209043855219e-01 8.548873409559392123e-01 8.392681505257936214e-01
5.760706776536864027e+00 8.413515243330317583e-02 8.766922592414405635e-02 8.286182597542471329e-02 8.484718495188063869e-01 8.182810652918884875e-01 8.234078013061024715e-01
5.869379173184986698e+00 8.025013139216985447e-02 8.364685841389482568e-02 7.897803305539441432e-02 8.152051924121619386e-01 7.771358852519500982e-01 8.035832899030275200e-01
5.978051569833110257e+00 7.669190141861208232e-02 7.995871817708356810e-02 7.542620717271736330e-02 7.733487444056530435e-01 7.291453874733705431e-01 7.739934793411932246e-01
6.086723966481233816e+00 7.342843083467850973e-02 7.657218876795006401e-02 7.217338715698974616e-02 7.217320556634773121e-01 6.744258901151496399e-01 7.320661795329025390e-01
6.195396363129357375e+00 7.043262875807071444e-02 7.345965022324472959e-02 6.919172767538751823e-02 6.618907588366103045e-01 6.150837592610846061e-01 6.784945152497059428e-01
6.304068759777480935e+00 6.768163064177887267e-02 7.059775344711564926e-02 6.645775287692221034e-02 5.972899075307254169e-01 5.543917681706973521e-01 6.165563223603197640e-01
6.412741156425603606e+00 6.515626084656291062e-02 6.796687354646442636e-02 6.395179414812728058e-02 5.322315538269269952e-01 4.958587317783557658e-01 5.509675699028823148e-01
6.521413553073727165e+00 6.284064406745899778e-02 6.555071283984416353e-02 6.165758247155927324e-02 4.707952197659419080e-01 4.424597663181486507e-01 4.866352740642778674e-01
6.630085949721850724e+00 6.072195036015437530e-02 6.333603729547487848e-02 5.956197927000159154e-02 4.160852866488504165e-01 3.961900507856806475e-01 4.276520825741600973e-01
6.738758346369974284e+00 5.879027087418618042e-02 6.131254235484975140e-02 5.765484245780973932e-02 3.699056514480951185e-01 3.579694996907074045e-01 3.767368382503585855e-01
6.847430743018097843e+00 5.703863566743251623e-02 5.947285782931003434e-02 5.592903930545397445e-02 3.328247006875991176e-01 3.278172998756749834e-01 3.351460424197706400e-01
6.956103139666220514e+00 5.546320497137171429e-02 5.781272029884954727e-02 5.438063874785884627e-02 3.044929305739744185e-01 3.051662159557615994e-01 3.029385609180061945e-01
7.064775536314344073e+00 5.406369840573108099e-02 5.633137172341102367e-02 5.300935097885875469e-02 2.840521626934471855e-01 2.891959650649651992e-01 2.794144665636896230e-01
7.173447932962467632e+00 5.284418905595681532e-02 5.503229877894907918e-02 5.181934925257256075e-02 2.705123833089732033e-01 2.791091098902955259e-01 2.635666631894840739e-01
7.282120329610590304e+00 5.181451755072834925e-02 5.392454021772165318e-02 5.082074772912287958e-02 2.630348091453094672e-01 2.743233012647778302e-01 2.544473436810567590e-01
7.390792726258714751e+00 5.099285571871508410e-02 5.302502910260487728e-02 5.003230723087513654e-02 2.611161782518590657e-01 2.745905433475157031e-01 2.514206265706072640e-01
7.499465122906837422e+00 5.041053277229831653e-02 5.236294710983923489e-02 4.948657141667858056e-02 2.647026520956815565e-01 2.800705989360859349e-01 2.543209270059128002e-01
7.608137519554960981e+00 5.012141129357344099e-02 5.198810840098405661e-02 4.923989018054843875e-02 2.742699994050943335e-01 2.913845055925427530e-01 2.635549826658561412e-01
7.716809916203084541e+00 5.022022863761854000e-02 5.198732223798477325e-02 4.939201218175166136e-02 2.908960035082250872e-01 3.096622285004631547e-01 2.801783706431763554e-01
7.825482312851207212e+00 5.087755357127662220e-02 5.251574686798730907e-02 5.012318224961097995e-02 3.163290347468327712e-01 3.365822777715293812e-01 3.059544391395774277e-01
7.934154709499331659e+00 5.240248502630032168e-02 5.385387225455266075e-02 5.175985471510091002e-02 3.530298188296837059e-01 3.743851653729722839e-01 3.433743623456265714e-01
8.042827106147454330e+00 5.534468418553198377e-02 5.650227525864102290e-02 5.487957163063229837e-02 4.041368659498885130e-01 4.258289952023356362e-01 3.955893649788327360e-01
8.151499502795577001e+00 6.063796632757738336e-02 6.131952541557118830e-02 6.045411686803534718e-02 4.732854257974592471e-01 4.940442517503165765e-01 4.661867272853505995e-01
8.260171899443701449e+00 6.975944660736482783e-02 6.968453267083038472e-02 6.999913033249724470e-02 5.642021861333335053e-01 5.822352152024580230e-01 5.587364373745042911e-01
8.368844296091824120e+00 8.482690184153733604e-02 8.361700927314488774e-02 8.564578799263093678e-02 6.800121057201548025e-01 6.931699631676300211e-01 6.760530864821934216e-01
8.477516692739948567e+00 1.084963512164515281e-01 1.057276047392343987e-01 1.099935387952936383e-01 8.222410615066360062e-01 8.284117702780365855e-01 8.191688913617128920e-01
8.586189089388071238e+00 1.434950567059361526e-01 1.388301266798200040e-01 1.455888512729002493e-01 9.895906524098921908e-01 9.872960743542265050e-01 9.861117071583354043e-01
8.694861486036195686e+00 1.916965278750585033e-01 1.850953592000660064e-01 1.939659072231864345e-01 1.176703564606492280e+00 1.165774039934835526e+00 1.170729955251353260e+00
8.803533882684318357e+00 2.528557444383969788e-01 2.448119402830654379e-01 2.544116481125610063e-01 1.373304780579039708e+00 1.355422573556453125e+00 1.361973836363941759e+00
8.912206279332441028e+00 3.234283960879864583e-01 3.151208230472085092e-01 3.229146575415355325e-01 1.564221454476478756e+00 1.543096247669160093e+00 1.544143383276427084e+00
9.020878675980565475e+00 3.961294189210127215e-01 3.893590254543337070e-01 3.919453872830876984e-01 1.730735923990504022e+00 1.711740251630202936e+00 1.698524493369292676e+00
9.129551072628688146e+00 4.608199829220883670e-01 4.576584623648399242e-01 4.515841740693223305e-01 1.853414595006565024e+00 1.842663712553046729e+00 1.806466908747430100e+00
9.238223469276810818e+00 5.068380164498472729e-01 5.090449035873790828e-01 4.919948689322263258e-01 1.916001954135007734e+00 1.919065620868242172e+00 1.853368472070882955e+00
9.346895865924935265e+00 5.261651021236339876e-01 5.345703361913655138e-01 5.065399109802599664e-01 1.909378027905423547e+00 1.929979125528323847e+00 1.832461737775058719e+00
9.455568262573059712e+00 5.162598076070344932e-01 5.303661969875232973e-01 4.943592458297736969e-01 1.834275356304997384e+00 1.873377580550900090e+00 1.747089539039039074e+00
9.564240659221180607e+00 4.813833983089454427e-01 4.993611267848476754e-01 4.613335702335683575e-01 1.701693002952775036e+00 1.757266650732095314e+00 1.610520842357602067e+00
9.672913055869305055e+00 4.318664801743730131e-01 4.509239891316197402e-01 4.190081615199214293e-01 1.530709348898911415e+00 1.598227296068678749e+00 1.443203122963399920e+00
9.781585452517429502e+00 3.816485922162967115e-01 3.985841963522579467e-01 3.818680256781942228e-01 1.344342393675818981e+00 1.417802938937205104e+00 1.268278542414718713e+00
9.890257849165552173e+00 3.450199206442309263e-01 3.567018823625314194e-01 3.638457690035887815e-01 1.164765778577250277e+00 1.237884282398200364e+00 1.106749364641382627e+00
9.998930245813674844e+00 3.335019934834974609e-01 3.371255865239020655e-01 3.749326758323812125e-01 1.009259539276555317e+00 1.076480949933795506e+00 9.736338436988808409e-01
1.010760264246179929e+01 3.533956390665158875e-01 3.465518218597192779e-01 4.184943357696636612e-01 8.878069604027803985e-01 9.449392980115071117e-01 8.759322591844822536e-01
1.021627503910992196e+01 4.041706981370263296e-01 3.849038760993807595e-01 4.897474711209466314e-01 8.025727220573011245e-01 8.470307888619870162e-01 8.125687725531439698e-01
1.032494743575804463e+01 4.778952006583582768e-01 4.449272535164672249e-01 5.759328110515647969e-01 7.489674859880722790e-01 7.797440775120906276e-01 7.759876256405756623e-01
1.043361983240616908e+01 5.601551582128183604e-01 5.133022720153002094e-01 6.586944003528123481e-01 7.177732363812175942e-01 7.352744316870779562e-01 7.548435988891539772e-01
1.054229222905429353e+01 6.329002754397563546e-01 5.735023593963312072e-01 7.186298768915249102e-01 6.977903622679026974e-01 7.036084414218027883e-01 7.371404962051332221e-01
1.065096462570241442e+01 6.790055073225539362e-01 6.100691643867014458e-01 7.409205701681783607e-01 6.785041767538512181e-01 6.751269711831282549e-01 7.131361748618839647e-01
1.075963702235053887e+01 6.872852031848953880e-01 6.131150249531504004e-01 7.200096509227947861e-01 6.522778544593015315e-01 6.427086467010160176e-01 6.773630486857916688e-01
1.086830941899866332e+01 6.559857316441884967e-01 5.813314009942440741e-01 6.612789845345372619e-01 6.156231549656462354e-01 6.029238587388442427e-01 6.293021892729322442e-01
1.097698181564678599e+01 5.931073009214667957e-01 5.221425580337176742e-01 5.788539331404681798e-01 5.692836958204048337e-01 5.561187170812262881e-01 5.726288529263046101e-01
1.108565421229490866e+01 5.132704103327485612e-01 4.488535788346104116e-01 4.904451362850053009e-01 5.171968135068650829e-01 5.054907986742093184e-01 5.134001200058061487e-01
1.119432660894303311e+01 4.324737270196735706e-01 3.760099339601654100e-01 4.114585111110984350e-01 4.647516767916689551e-01 4.555500442959775076e-01 4.578729047719033440e-01
1.130299900559115578e+01 3.630032771420978466e-01 3.148965334976805419e-01 3.507367640902074313e-01 4.169574011613789155e-01 4.105064059574084490e-01 4.106733552679987520e-01
1.141167140223927845e+01 3.104704376831482482e-01 2.708220906856729226e-01 3.093040851436108518e-01 3.770828383636871117e-01 3.730685825628198837e-01 3.737998999407673439e-01
1.152034379888740290e+01 2.737721697722252379e-01 2.428651512831553894e-01 2.820509125045220222e-01 3.460794683356622770e-01 3.439235188280603817e-01 3.465815214215957063e-01
1.162901619553552734e+01 2.474222199359085161e-01 2.257064597346004065e-01 2.611618472994032825e-01 3.227914677007380218e-01 3.219080658745920309e-01 3.264000798450316654e-01
1.173768859218364824e+01 2.248545258951860082e-01 2.124998008140288053e-01 2.396615549313217408e-01 3.047230866294055041e-01 3.046833917868539965e-01 3.098134332420505177e-01
1.184636098883177269e+01 2.012129614882584017e-01 1.975831782050254393e-01 2.137413646520309185e-01 2.890289971288617643e-01 2.896233612315314287e-01 2.936877308982971391e-01
1.195503338547989713e+01 1.746862163697875947e-01 1.781237958866164761e-01 1.832834189181224427e-01 2.734064541069373133e-01 2.746261923923076775e-01 2.760235928263747307e-01
1.206370578212801981e+01 1.462641753154660385e-01 1.543501708040608267e-01 1.508450662782296614e-01 2.566611289859582756e-01 2.586324086132558708e-01 2.563028546267821506e-01
1.217237817877614248e+01 1.184774059127646773e-01 1.286277022402285974e-01 1.199324541899846608e-01 2.388545777679263182e-01 2.417552789960450421e-01 2.353538986676226574e-01
1.228105057542426692e+01 9.395385666886904574e-02 1.040357962573393025e-01 9.346884227131363465e-02 2.210833663884602673e-01 2.250661712279036220e-01 2.148865524767775703e-01
1.238972297207238960e+01 7.445047251758812878e-02 8.314645508156282006e-02 7.301144063943490470e-02 2.050442835430793254e-01 2.101787904745521518e-01 1.969278874177336769e-01
1.249839536872051227e+01 6.059032479616448946e-02 6.741975154635783396e-02 5.876806968838787365e-02 1.925689990068473467e-01 1.988035662834339024e-01 1.833667858396606509e-01
1.260706776536863671e+01 5.213889526501448712e-02 5.722805071754467204e-02 5.010385454379772535e-02 1.852579149438842721e-01 1.923920067040759685e-01 1.757050708908398096e-01
1.271574016201676116e+01 4.846907149315893976e-02 5.223104332187666898e-02 4.613481983090716998e-02 1.842428621229214025e-01 1.918995842580792088e-01 1.749768508444150827e-01
1.282441255866488206e+01 4.890478119941828183e-02 5.176067832899316351e-02 4.611770113554704287e-02 1.900246076256366656e-01 1.976253606151266440e-01 1.817071956082561002e-01
1.293308495531300650e+01 5.279892453591152751e-02 5.500241897773999050e-02 4.952666348396250751e-02 2.023170320056283111e-01 2.090816848892556867e-01 1.957839749241003513e-01
1.304175735196112917e+01 5.938451841915035750e-02 6.096152763331569996e-02 5.586417002606507143e-02 2.198947301187344772e-01 2.249069410525953716e-01 2.162154401787646785e-01
1.315042974860925362e+01 6.757021185431634491e-02 6.836615680670009298e-02 6.436116721542332886e-02 2.405392966449641512e-01 2.429093709564092152e-01 2.408934259524272981e-01
1.325910214525737629e+01 7.589150446967081465e-02 7.570799985580159430e-02 7.377702988385602401e-02 2.612328496540793354e-01 2.603516810837585571e-01 2.665903641050972328e-01
1.336777454190550074e+01 8.275366743125889268e-02 8.153606651159144014e-02 8.248554235098123910e-02 2.786922268216737164e-01 2.745133019511513117e-01 2.893964806959857805e-01
1.347644693855362341e+01 8.693439279949065346e-02 8.495096083762006256e-02 8.890497977645248073e-02 2.901781290509511946e-01 2.834240475899184042e-01 3.056195285835753284e-01
1.358511933520174608e+01 8.814847107825649064e-02 8.610889326776616226e-02 9.213991416435073079e-02 2.943366818461229384e-01 2.865346022503628687e-01 3.129010549077717585e-01
1.369379173184987053e+01 8.743535022095808018e-02 8.654019641050464395e-02 9.256985605151284158e-02 2.917555901292525067e-01 2.850660190830225371e-01 3.111160382352063936e-01
1.380246412849799320e+01 8.725359921250724904e-02 8.921130598049370475e-02 9.215260192145041662e-02 2.850065123237698894e-01 2.818870997518347354e-01 3.026591259042639148e-01
1.391113652514611765e+01 9.134343402450956217e-02 9.837316726631703534e-02 9.438010502238594612e-02 2.781497420366021434e-01 2.809398973950130163e-01 2.919780555556653057e-01
1.401980892179424032e+01 1.044571277959685934e-01 1.191843700128537159e-01 1.039571439886807780e-01 2.758665266000464578e-01 2.863653277861014090e-01 2.845302017558923868e-01
1.412848131844236299e+01 1.318674691024430690e-01 1.568836061392067383e-01 1.262059158338036113e-01 2.824516411495577861e-01 3.015171534990829239e-01 2.855141144209214499e-01
1.423715371509048744e+01 1.783104127885567214e-01 2.151781140901733724e-01 1.659928307168851702e-01 3.008480780997431214e-01 3.280299684834263596e-01 2.986951670308882201e-01
1.434582611173861011e+01 2.460687177716643914e-01 2.938650430259553414e-01 2.259470006046732649e-01 3.318402420609894432e-01 3.651072359845439208e-01 3.255083633161653944e-01
1.445449850838673456e+01 3.325269257189542582e-01 3.865577403753994723e-01 3.042090048608221409e-01 3.735381331613232270e-01 4.092463539468937928e-01 3.645439845570798143e-01
1.456317090503485723e+01 4.284940092621535301e-01 4.801875394309817469e-01 3.927995790391734521e-01 4.213633360466836342e-01 4.546383105215145992e-01 4.115519083666769329e-01
1.467184330168297990e+01 5.190807333679242630e-01 5.577677057702307151e-01 4.782214443689936090e-01 4.687516619116169903e-01 4.943450965450171819e-01 4.601217936613952175e-01
1.478051569833110435e+01 5.880899358022618761e-01 6.043091193172908104e-01 5.452749118093304093e-01 5.085917050759479752e-01 5.220432319032126678e-01 5.030552497241158605e-01
1.488918809497922702e+01 6.247929434653155534e-01 6.135773768251188143e-01 5.832343125812167184e-01 5.350612864059186569e-01 5.337816801276277223e-01 5.341387149162940551e-01
1.499786049162735146e+01 6.299340731967024709e-01 5.922478322057231903e-01 5.916377457612808088e-01 5.452236566293947595e-01 5.290817694287709427e-01 5.497456228476109708e-01
1.510653288827547414e+01 6.174508385227630569e-01 5.589950448842605502e-01 5.824911998537807278e-01 5.397387888024611780e-01 5.109335711151986592e-01 5.496727362083706492e-01
1.521520528492359681e+01 6.101893435381239295e-01 5.384857780319205478e-01 5.771433609834857315e-01 5.223831027817160688e-01 4.847050499831889181e-01 5.368995632714661514e-01
1.532387768157172125e+01 6.307503321575191890e-01 5.524384546235775462e-01 5.984705419924765124e-01 4.985747120232005281e-01 4.564133108670257455e-01 5.163856716800949709e-01
1.543255007821984393e+01 6.909915893081767235e-01 6.108695931565018000e-01 6.610186711804481030e-01 4.735082993599550871e-01 4.310049592558076181e-01 4.933686248727563450e-01
1.554122247486796837e+01 7.847859156546922454e-01 7.066866363054287170e-01 7.628895929226313655e-01 4.506401269964069312e-01 4.112218117131957174e-01 4.717821149464613284e-01
1.564989487151609104e+01 8.880519203506090919e-01 8.163193384323627066e-01 8.833689882320708842e-01 4.310931297477659796e-01 3.973711049557055452e-01 4.533649667353642498e-01
1.575856726816421371e+01 9.674411968889059521e-01 9.074945566923158236e-01 9.889001301963256108e-01 4.141368683437623432e-01 3.879688710401780205e-01 4.377716185386827386e-01
1.586723966481233816e+01 9.946304996386786668e-01 9.519269356509444391e-01 1.046275577154219372e+00 3.983869092732911232e-01 3.808754712049599034e-01 4.235490924451772998e-01
1.597591206146046083e+01 9.591379935830797177e-01 9.370455426752958283e-01 1.037119185671182553e+00 3.830057838484941524e-01 3.743372057405146003e-01 4.093888079229790478e-01
1.608458445810858706e+01 8.723678558438353603e-01 8.701922483088075921e-01 9.655654522441728949e-01 3.682154152038649708e-01 3.674399800108387182e-01 3.949034869524212232e-01
1.619325685475670795e+01 7.605147397043050539e-01 7.728491893207325436e-01 8.544549789824127384e-01 3.548925390279549230e-01 3.598775833976392557e-01 3.805152403268285966e-01
1.630192925140482885e+01 6.510046549572691132e-01 6.689323710277302881e-01 7.327362283442665492e-01 3.436459740256020412e-01 3.514054527552265550e-01 3.666951868223279343e-01
1.641060164805295329e+01 5.610082203391801858e-01 5.748753419449418312e-01 6.224450462585364718e-01 3.341334080074850887e-01 3.415485907638632912e-01 3.532825563175924222e-01
1.651927404470107774e+01 4.943992152951758867e-01 4.971446723479671648e-01 5.330672876871510590e-01 3.251947798240261145e-01 3.298936641585899499e-01 3.395322768912044098e-01
1.662794644134920219e+01 4.474131002065605545e-01 4.370464098168546641e-01 4.651276285423373569e-01 3.157811445952158347e-01 3.167985120216453843e-01 3.249459289079416058e-01
1.673661883799732664e+01 4.179460612692142973e-01 3.980500441961745128e-01 4.186200601479285743e-01 3.060719317245588766e-01 3.039818763507225463e-01 3.103032056923070159e-01
1.684529123464544753e+01 4.121531269257671659e-01 3.903015511310589658e-01 3.997767991879099814e-01 2.980042602569805688e-01 2.944767312070087906e-01 2.981127371028890471e-01
1.695396363129357198e+01 4.443824219284757127e-01 4.294803731623102472e-01 4.218312427799204012e-01 2.947690207595148326e-01 2.917873353720412677e-01 2.920444386410017135e-01
1.706263602794169287e+01 5.300623335769127920e-01 5.299627602195836618e-01 4.990654436605835298e-01 2.994080584919869836e-01 2.985133463314761371e-01 2.954944294701654650e-01
1.717130842458981732e+01 6.742619960250433309e-01 6.943616454969794294e-01 6.364273308667373064e-01 3.131277819360421821e-01 3.149698440447452064e-01 3.098898064846900557e-01
1.727998082123794177e+01 8.612046567406882458e-01 9.037957840412890187e-01 8.193941114381937396e-01 3.341195637125828344e-01 3.383874285966858575e-01 3.334857473349011059e-01
1.738865321788606622e+01 1.051549531902530310e+00 1.115408974924048557e+00 1.010516762084447073e+00 3.575133909131312793e-01 3.631455573589472130e-01 3.612569359625126264e-01
1.749732561453419066e+01 1.192381835141242297e+00 1.272565565724468994e+00 1.157937044255755277e+00 3.766418489671425895e-01 3.821621994239209896e-01 3.860913907601394301e-01
1.760599801118231156e+01 1.237897661829461038e+00 1.326270134278166202e+00 1.214907000430078599e+00 3.851868145120965758e-01 3.890561727786521762e-01 4.009301369047485464e-01
1.771467040783043601e+01 1.170231183537998820e+00 1.257142289107131994e+00 1.160701619909916493e+00 3.792919211499550802e-01 3.802287461455157169e-01 4.009839762205208435e-01
1.782334280447855690e+01 1.007469892456535732e+00 1.084213637306558953e+00 1.009957046599978758e+00 3.586822625298908274e-01 3.559299009590298213e-01 3.850497405565402320e-01
1.793201520112668135e+01 7.936495312018134740e-01 8.546451232164670175e-01 8.042519013268366601e-01 3.263500141760753426e-01 3.198513510192808607e-01 3.554146913601072266e-01
1.804068759777480579e+01 5.777683861024609513e-01 6.214713985363118365e-01 5.919244763121821462e-01 2.871362577536938909e-01 2.775607933530150340e-01 3.166068660818627811e-01
1.814935999442293024e+01 3.951326684772891173e-01 4.234453095082394980e-01 4.091565301007509259e-01 2.460400691899715941e-01 2.346317039179152963e-01 2.737753759892346261e-01
1.825803239107105469e+01 2.601374196045681542e-01 2.768895166747859515e-01 2.719174117839901483e-01 2.070166437430489836e-01 1.952935549562350992e-01 2.314409608435274990e-01
1.836670478771917558e+01 1.702344910186816829e-01 1.795982606753392663e-01 1.791685844449745768e-01 1.725495946145974568e-01 1.619536347271684773e-01 1.929095798804028317e-01
1.847537718436729648e+01 1.146959009880827440e-01 1.201482100209893267e-01 1.212591315882517312e-01 1.438166351323539593e-01 1.354327913829802554e-01 1.602176760687888946e-01
1.858404958101542093e+01 8.202173509267070284e-02 8.600861106624904662e-02 8.732729101014410911e-02 1.210947906300190169e-01 1.155210560013872623e-01 1.343356876412470091e-01
1.869272197766354537e+01 6.358938343494992262e-02 6.768801253625211789e-02 6.910972599981947406e-02 1.041438159943355313e-01 1.015100626949303197e-01 1.154325936129417807e-01
1.880139437431166982e+01 5.426886196219789238e-02 5.948837430723872416e-02 6.166951723354550940e-02 9.246793175519596453e-02 9.253018443999456999e-02 1.031065440898251001e-01
1.891006677095979427e+01 5.161248465936649210e-02 5.850290783794406813e-02 6.249245478666107939e-02 8.544621073576419423e-02 8.766696765496798105e-02 9.652892127717720150e-02
1.901873916760791516e+01 5.465324706242950803e-02 6.307736939262875708e-02 6.999012246802073511e-02 8.234190524333326322e-02 8.591879718525245735e-02 9.448099207419137502e-02
1.912741156425603961e+01 6.265081142826017802e-02 7.139315481471961156e-02 8.202032954229927786e-02 8.222081666843063241e-02 8.610904851426595674e-02 9.533973481020582841e-02
1.923608396090416051e+01 7.397754710698274672e-02 8.066647530691802015e-02 9.504582596215939427e-02 8.386220198377324075e-02 8.688440889325763083e-02 9.715367790141478388e-02
1.934475635755228495e+01 8.558923498291647058e-02 8.737729258418835965e-02 1.045335187218705136e-01 8.578991159441202996e-02 8.688614523697302250e-02 9.793697681765775598e-02
1.945342875420040940e+01 9.357576068937692448e-02 8.848070598084777083e-02 1.065858982426036022e-01 8.651204140724573499e-02 8.506402681136089605e-02 9.615516413300313758e-02
1.956210115084853385e+01 9.471688213587046989e-02 8.282681780012848827e-02 9.981162203882815165e-02 8.491763112183146889e-02 8.097691495275111118e-02 9.117962348410171836e-02
1.967077354749665830e+01 8.810687724923589592e-02 7.172502634798719190e-02 8.604908230570025574e-02 8.063015099310315292e-02 7.489420558155941710e-02 8.343224567669689506e-02
1.977944594414477919e+01 7.565545637985642002e-02 5.819050151268689158e-02 6.935260430123625641e-02 7.409652796678881104e-02 6.762168007978165696e-02 7.410852433479891976e-02
1.988811834079290364e+01 6.105979389816598712e-02 4.542382556496850354e-02 5.397628940264021652e-02 6.634103489841890189e-02 6.014546938436420714e-02 6.463185677929217388e-02
1.999679073744102453e+01 4.799192787408871480e-02 3.554377188264987164e-02 4.268443399625343471e-02 5.852237540648955877e-02 5.328414824530534888e-02 5.613594304680075836e-02
2.010546313408914898e+01 3.867098607949090439e-02 2.917751197290198439e-02 3.616958206873477355e-02 5.153213433302273466e-02 4.749851282045011031e-02 4.919955406088988292e-02
2.021413553073727343e+01 3.344616195821065174e-02 2.578350335295456763e-02 3.344499923089617327e-02 4.580318384393192166e-02 4.288813965709185189e-02 4.386701365229734445e-02
2.032280792738539787e+01 3.123435914086892390e-02 2.423958222788070993e-02 3.266822866707354278e-02 4.134415417835997364e-02 3.930628012409628086e-02 3.984193393176690967e-02
2.043148032403352232e+01 3.032899486763929869e-02 2.336538308049812204e-02 3.198796275311424631e-02 3.790546024693488419e-02 3.650180602439292293e-02 3.671336808870162560e-02
2.054015272068164322e+01 2.919492433614833196e-02 2.228661920699933144e-02 3.020248472472178078e-02 3.516341808781581896e-02 3.422841563115306546e-02 3.412323195611607907e-02
2.064882511732976411e+01 2.701064522401801574e-02 2.062329078269176108e-02 2.705650011200913876e-02 3.284973349196797232e-02 3.230214451559378780e-02 3.184462191873087961e-02
2.075749751397788856e+01 2.380078924838705673e-02 1.846907458399990598e-02 2.307824331811022395e-02 3.080426610308590815e-02 3.061370540363247614e-02 2.978163839266752266e-02
2.086616991062601301e+01 2.015735519931233233e-02 1.618457179920675462e-02 1.909320398332939664e-02 2.896480754770263538e-02 2.911227034693802604e-02 2.792272022749007696e-02
2.097484230727413745e+01 1.677057583317453915e-02 1.413345378057886265e-02 1.574374811647705208e-02 2.732499011622020746e-02 2.777883001458035517e-02 2.628475343060579505e-02
2.108351470392225835e+01 1.407331347709563085e-02 1.251329224231176318e-02 1.327619821772618898e-02 2.589168129847181643e-02 2.660341255818249317e-02 2.487498204801424223e-02
2.119218710057038280e+01 1.215393355775795485e-02 1.133709224044831751e-02 1.160872090785974864e-02 2.466035236147925622e-02 2.557294502424564339e-02 2.367866366885140045e-02
2.130085949721850724e+01 1.087258576797795091e-02 1.051025289934242810e-02 1.051684377691469371e-02 2.361032260008468636e-02 2.466899308410699584e-02 2.266472841172949629e-02
2.140953189386663169e+01 1.002220693522706124e-02 9.916102781048456369e-03 9.781679048030039736e-03 2.271140145639932023e-02 2.387065633108606880e-02 2.179699904173836023e-02
2.151820429051475259e+01 9.429427246289982106e-03 9.462937198685412998e-03 9.250151991121557948e-03 2.193244102800962977e-02 2.315814425665647242e-02 2.104265709527102998e-02
2.162687668716287703e+01 8.982520551630623906e-03 9.093361263468418415e-03 8.833662492608321259e-03 2.124674140016764856e-02 2.251486650271278256e-02 2.037577367600883899e-02
2.173554908381100148e+01 8.619771022370232433e-03 8.775808037237591008e-03 8.486027607876988482e-03 2.063373131511727840e-02 2.192789331234551442e-02 1.977731769055321095e-02
2.184422148045912238e+01 8.309522974420903083e-03 8.493708673397337011e-03 8.183786431912283901e-03 2.007839036770812588e-02 2.138747921936456908e-02 1.923370050459827577e-02
2.195289387710724682e+01 8.035459338715866123e-03 8.238072740533312552e-03 7.914422131134525931e-03 1.956991311952579679e-02 2.088630913906738135e-02 1.873517520854863991e-02
2.206156627375537127e+01 7.788540149599033728e-03 8.003558514728906226e-03 7.670582489127247827e-03 1.910044060997215243e-02 2.041881541730223779e-02 1.827458967951940683e-02
2.217023867040349216e+01 7.563215483334074889e-03 7.786642974975585378e-03 7.447490698552639531e-03 1.866411701233102252e-02 1.998066739665089325e-02 1.784654093132348462e-02
2.227891106705161661e+01 7.355742584096691336e-03 7.584797094737315976e-03 7.241786765530632865e-03 1.825645674388118658e-02 1.956841964635564965e-02 1.744683120085354505e-02
2.238758346369974106e+01 7.163415919484309238e-03 7.396095685262565542e-03 7.050971743656195279e-03 1.787393446086893781e-02 1.917927531807431599e-02 1.707211988796384500e-02
2.249625586034786551e+01 6.984183028445938024e-03 7.219014077058404956e-03 6.873112868255090886e-03 1.751371856029930452e-02 1.881092578913914556e-02 1.671969622678473946e-02
2.260492825699598640e+01 6.816432391957011859e-03 7.052310815872186653e-03 6.706671705209527046e-03 1.717349400519453326e-02 1.846143959136501214e-02 1.638732621221448624e-02
2.271360065364411085e+01 6.658865761476287330e-03 6.894954166700522323e-03 6.550396458229024166e-03 1.685134105134508675e-02 1.812918344874304283e-02 1.607314624374506229e-02
2.282227305029223530e+01 6.510416189958395140e-03 6.746073160784268712e-03 6.403250751773972155e-03 1.654564982226926564e-02 1.781276474323181466e-02 1.577558713157101514e-02
2.293094544694035619e+01 6.370192802310634811e-03 6.604923462744142874e-03 6.264364558479555700e-03 1.625505860083197723e-02 1.751098870868868229e-02 1.549331852240260626e-02
2.303961784358848064e+01 6.237442160191599728e-03 6.470862711256603061e-03 6.132999262140838639e-03 1.597840832143419126e-02 1.722282605756658008e-02 1.522520751647241273e-02
2.314829024023660509e+01 6.111520406951237959e-03 6.343332193093684408e-03 6.008522113720709580e-03 1.571470847414868297e-02 1.694738821826448014e-02 1.497028745820395447e-02
2.325696263688472598e+01 5.991872681558660721e-03 6.221842910563077193e-03 5.890387143051782626e-03 1.546311128894175754e-02 1.668390828835872655e-02 1.472773424433283275e-02
2.336563503353285043e+01 5.878017591971934283e-03 6.105964794819532422e-03 5.778120640102185103e-03 1.522289210765635781e-02 1.643172641202162235e-02 1.449684836188598266e-02
2.347430743018097488e+01 5.769535310206490818e-03 5.995318236382775681e-03 5.671309958436556928e-03 1.499343452661553756e-02 1.619027869679447174e-02 1.427704144383896805e-02
2.358297982682909932e+01 5.666058327630794748e-03 5.889567368016826281e-03 5.569594796141965481e-03 1.477421934797245803e-02 1.595908907131633053e-02 1.406782652777638191e-02
2.369165222347722022e+01 5.567264213392171708e-03 5.788414707498972141e-03 5.472660371933712846e-03 1.456481669863594376e-02 1.573776369823248061e-02 1.386881149188299960e-02
2.380032462012534467e+01 5.472869919863234192e-03 5.691596884558068441e-03 5.380232090961496565e-03 1.436488091434849276e-02 1.552598772555180764e-02 1.367969536709007748e-02
2.390899701677346911e+01 5.382627316208691247e-03 5.598881258496091716e-03 5.292071418313871144e-03 1.417414797765599935e-02 1.532352430642123196e-02 1.350026741420125992e-02
2.401766941342159001e+01 5.296319728442181428e-03 5.510063293739675752e-03 5.207972768322796826e-03 1.399243546648713636e-02 1.513021595837238213e-02 1.333040903312286522e-02
2.412634181006971446e+01 5.213759336671088679e-03 5.424964608310154854e-03 5.127761287478617078e-03 1.381964513450027396e-02 1.494598848394403622e-02 1.317009875800339777e-02
2.423501420671783890e+01 5.134785337616454975e-03 5.343431650997026300e-03 5.051291467173191045e-03 1.365576842377581174e-02 1.477085785184105958e-02 1.301942080808410514e-02
2.434368660336595980e+01 5.059262830231508676e-03 5.265335001751592255e-03 4.978446576741930342e-03 1.350089542548774287e-02 1.460494066215009198e-02 1.287857793473145239e-02
2.445235900001408424e+01 4.987082430394681153e-03 5.190569331158996838e-03 4.909138963979360268e-03 1.335522808122714851e-02 1.444846911898254281e-02 1.274790966471643291e-02
2.456103139666220869e+01 4.918160673255988699e-03 5.119054104183579784e-03 4.843311336793767671e-03 1.321909879351884469e-02 1.430181185061336381e-02 1.262791753789137272e-02
2.466970379331033314e+01 4.852441326075695831e-03 5.050735177947526279e-03 4.780939225522697414e-03 1.309299614338767931e-02 1.416550251349073253e-02 1.251929964899219788e-02
2.477837618995845403e+01 4.789897820264246708e-03 4.985587533872663617e-03 4.722034944661600633e-03 1.297760017963432537e-02 1.404027899036696184e-02 1.242299784540288297e-02
2.488704858660657848e+01 4.730537133966873989e-03 4.923619518268822562e-03 4.666653547410645232e-03 1.287383088182765013e-02 1.392713730081873713e-02 1.234026249267627592e-02
2.499572098325470293e+01 4.674405640507348948e-03 4.864879171068983536e-03 4.614901532976275339e-03 1.278291512265981519e-02 1.382740634040757061e-02 1.227274210424275300e-02
2.510439337990282382e+01 4.621597724987045949e-03 4.809463549634165370e-03 4.566949487659656415e-03 1.270648012326323212e-02 1.374285267985955912e-02 1.222260885548979298e-02
2.521306577655094827e+01 4.572268434768803416e-03 4.757532492850964981e-03 4.523050528176792914e-03 1.264668561553995360e-02 1.367582961743734997e-02 1.219273694894716653e-02
2.532173817319907272e+01 4.526652203857299897e-03 4.709329187382594629e-03 4.483567576285712661e-03 1.260641375722236848e-02 1.362949276097597841e-02 1.218696052417367684e-02
2.543041056984719361e+01 4.485091032538465923e-03 4.665211519495988599e-03 4.449014527160682561e-03 1.258954717892852952e-02 1.360811790072824837e-02 1.221045413385823952e-02
2.553908296649531806e+01 4.448077923933506025e-03 4.625701193453128808e-03 4.420120090204373089e-03 1.260138484328653802e-02 1.361757998573594371e-02 1.227030699019192490e-02
2.564775536314344251e+01 4.416325959708277717e-03 4.591563438526382636e-03 4.397930223015434660e-03 1.264927917469596368e-02 1.366609236488178225e-02 1.237641227359221989e-02
2.575642775979156696e+01 4.390882586750846292e-03 4.563942285119962014e-03 4.383979686606388586e-03 1.274363863361555743e-02 1.376537743263476880e-02 1.254288441285782672e-02
2.586510015643968785e+01 4.373328554140280648e-03 4.544603985648843283e-03 4.380595645532410660e-03 1.289955140064120639e-02 1.393256885087545104e-02 1.279038869248083805e-02
2.597377255308781230e+01 4.366148381910333470e-03 4.536411245789804918e-03 4.391476232382977504e-03 1.313949138861191489e-02 1.419336935801454765e-02 1.315008925198491059e-02
2.608244494973593675e+01 4.373487367189829444e-03 4.544351502933470337e-03 4.422910915158368740e-03 1.349793059730537530e-02 1.458732705300327601e-02 1.367049402885203539e-02
2.619111734638405764e+01 4.402894402385142646e-03 4.578049232508216507e-03 4.486692322889522001e-03 1.402921739180555682e-02 1.517638433704434145e-02 1.442929687243736832e-02
2.629978974303218209e+01 4.469799047469859635e-03 4.658347240409534476e-03 4.607750302523800148e-03 1.482040619507975221e-02 1.605721040540114899e-02 1.555263290360637748e-02
2.640846213968030654e+01 4.609260131694443118e-03 4.833572284389422123e-03 4.843826493480782140e-03 1.600901218332394585e-02 1.737363419467677361e-02 1.724065580280280396e-02
2.651713453632842743e+01 4.902866313461966968e-03 5.210907808168352418e-03 5.327323971539611909e-03 1.779715447256988853e-02 1.931357024764008765e-02 1.978317230109594843e-02
2.662580693297655188e+01 5.520965872301154126e-03 5.987289702493057454e-03 6.319341072749108841e-03 2.043276249616361034e-02 2.205622974549997437e-02 2.351586377057026528e-02
2.673447932962467632e+01 6.735630122594846864e-03 7.407351691056644587e-03 8.190500166010965255e-03 2.410451169215953662e-02 2.563279926468836969e-02 2.863914648011309932e-02
2.684315172627280077e+01 8.788372102255132337e-03 9.547901297925459607e-03 1.116668291212604032e-02 2.871710774390518611e-02 2.972332730590497921e-02 3.487889040900824661e-02
2.695182412292092167e+01 1.154554510634431611e-02 1.199507472567995156e-02 1.483933506419520855e-02 3.363774560521851781e-02 3.353996832093570496e-02 4.117896879282171435e-02
2.706049651956904611e+01 1.419878328064914409e-02 1.380090689496309662e-02 1.792766982096006753e-02 3.767621097772887173e-02 3.601068628497362117e-02 4.582458950047337692e-02
2.716916891621717056e+01 1.553690072619865956e-02 1.404437563614655514e-02 1.891988582110002565e-02 3.952757748820737854e-02 3.629093772529106560e-02 4.721103579120176919e-02
2.727784131286529146e+01 1.483663826026627129e-02 1.259768820908027318e-02 1.728560911043922413e-02 3.850729649013427680e-02 3.427359483114947314e-02 4.482526837026308553e-02
2.738651370951341590e+01 1.250748701214448796e-02 1.024524744414398621e-02 1.396358737996286625e-02 3.500047178778362827e-02 3.066195105739572338e-02 3.959991834001834465e-02
2.749518610616154035e+01 9.724468215118280828e-03 8.011888138934485440e-03 1.053325235531149019e-02 3.021158009029330932e-02 2.653966662276577293e-02 3.330359862137086124e-02
2.760385850280966125e+01 7.495988618473258154e-03 6.480062814698921148e-03 8.064162326657199273e-03 2.545096975493156208e-02 2.281827980440534129e-02 2.754337642032659086e-02
2.771253089945778569e+01 6.166419251784359228e-03 5.697642755059579255e-03 6.778180520361263596e-03 2.156299403915327983e-02 1.996141996264174170e-02 2.318166523462823758e-02
2.782120329610591014e+01 5.606040848071969056e-03 5.496505271700052701e-03 6.478372941665278342e-03 1.882088414355081660e-02 1.804537459888759174e-02 2.038915095682538453e-02
2.792987569275403459e+01 5.620669697095992054e-03 5.792200205339914296e-03 7.069803253143961894e-03 1.714552892625623853e-02 1.695677068573814283e-02 1.899567330021159975e-02
2.803854808940215548e+01 6.203551080658048673e-03 6.686256300490832534e-03 8.780422005557281598e-03 1.635244645182160061e-02 1.653694065394784377e-02 1.875654459264076979e-02
2.814722048605027993e+01 7.567973686589688290e-03 8.345657788271823932e-03 1.195759646287495453e-02 1.626575958027158542e-02 1.661553703345517927e-02 1.939873948798246511e-02
2.825589288269840438e+01 9.927201324966723750e-03 1.065903620940242789e-02 1.640361556358407163e-02 1.669950893252694635e-02 1.697948410959770546e-02 2.053016134222537814e-02
2.836456527934652527e+01 1.301767778620253543e-02 1.292904143656597310e-02 2.075369170283456952e-02 1.739199124571419106e-02 1.736452595419244946e-02 2.160333031239575555e-02
2.847323767599464972e+01 1.579456409263927871e-02 1.413963103983406286e-02 2.298463844365241163e-02 1.800675476178192208e-02 1.753053956321119766e-02 2.208531399296673192e-02
2.858191007264277417e+01 1.698877333843420295e-02 1.382546574771649495e-02 2.214088458655864150e-02 1.826203802410165944e-02 1.738848503576451848e-02 2.176448210965451976e-02
2.869058246929089506e+01 1.629941697899147529e-02 1.262225851892148643e-02 1.944091494983216095e-02 1.811113832299629869e-02 1.706870417108413349e-02 2.091872965175654159e-02
2.879925486593901951e+01 1.490587622569578344e-02 1.186495829488468969e-02 1.747334185818629967e-02 1.780874693284397597e-02 1.686498514739929663e-02 2.017624925392222379e-02
2.890792726258714396e+01 1.483918708996323152e-02 1.298646821708883924e-02 1.894812100025895785e-02 1.779960796209237653e-02 1.711091715099476857e-02 2.021438053560873152e-02
2.901659965923526840e+01 1.847541100015131013e-02 1.776038802602651276e-02 2.691801027026018492e-02 1.853137801719936806e-02 1.807958653916539454e-02 2.153068400024635981e-02
2.912527205588338930e+01 2.891032034893651834e-02 2.899757736067192643e-02 4.539575325922024646e-02 2.029148134489491481e-02 1.990562756876364248e-02 2.429326211563475474e-02
2.923394445253151375e+01 4.934128030728834186e-02 4.951852341690133469e-02 7.660771189583966134e-02 2.303893561951909225e-02 2.245984515269311421e-02 2.813077026082139512e-02
2.934261684917963819e+01 7.879826500862795180e-02 7.760694775006971025e-02 1.140592736951783481e-01 2.621722919122101980e-02 2.520182571853103390e-02 3.195249165884572057e-02
2.945128924582775909e+01 1.070393328294252794e-01 1.027332475626204916e-01 1.401764771078881644e-01 2.875518689607862999e-02 2.721961437124219285e-02 3.420452443999704578e-02
2.955996164247588354e+01 1.182070365491145331e-01 1.104153087673681588e-01 1.384517770094035316e-01 2.951726219672814663e-02 2.763491174864408581e-02 3.372095363244534405e-02
2.966863403912400798e+01 1.047865887986744182e-01 9.546895773795631424e-02 1.099509231977193191e-01 2.802421429681352730e-02 2.616228905995588230e-02 3.054121450635931961e-02
2.977730643577212888e+01 7.555262698490296247e-02 6.753029061908828734e-02 7.211947497168662291e-02 2.479129467488580540e-02 2.330546940697574357e-02 2.584848828328748307e-02
2.988597883242025333e+01 4.627863331791940565e-02 4.102050478600638428e-02 4.156063495433081484e-02 2.092251715942723689e-02 1.998308577702922681e-02 2.109147233930019211e-02
2.999465122906837777e+01 2.617780807039451346e-02 2.338234754822296826e-02 2.328948320176603068e-02 1.738946180591598861e-02 1.696597287822430855e-02 1.718132080115056248e-02
3.010332362571650222e+01 1.531568335052838417e-02 1.399770235654978177e-02 1.415137505800083233e-02 1.464110791232119992e-02 1.460103249572160256e-02 1.433805312151852952e-02
3.021199602236462312e+01 1.008744891766117334e-02 9.473885030939327087e-03 9.791380726500799325e-03 1.268185679103766422e-02 1.288826891273105180e-02 1.238292620739921655e-02
3.032066841901274756e+01 7.527365059195950496e-03 7.223988540174017259e-03 7.550979001221145778e-03 1.132618638743575386e-02 1.168003526176641937e-02 1.104544136685017656e-02
3.042934081566087201e+01 6.127900585133230424e-03 5.970232595346228709e-03 6.245614388576685612e-03 1.037839442798684127e-02 1.081915515885308911e-02 1.010679908886931433e-02
3.053801321230899291e+01 5.263365586273285879e-03 5.184147091431132691e-03 5.398578828767854922e-03 9.694643892114768527e-03 1.018773945978501856e-02 9.422770047338142538e-03
3.064668560895711735e+01 4.678458586745825459e-03 4.646949704470272960e-03 4.806677637176560297e-03 9.182488113367991145e-03 9.708190077617587926e-03 8.904805173586934769e-03
3.075535800560524180e+01 4.257512152314782070e-03 4.257514796887570258e-03 4.371334850443563819e-03 8.784790924523786307e-03 9.331444583671657383e-03 8.498849128025910346e-03
3.086403040225336269e+01 3.940838919226761008e-03 3.962825771396863601e-03 4.038732727693105165e-03 8.465978106509090481e-03 9.026365839508573505e-03 8.171108189572487759e-03
3.097270279890148714e+01 3.694352701189010206e-03 3.732282239946929907e-03 3.776894561818785762e-03 8.203302712497407417e-03 8.772742370641330167e-03 7.899742748391740468e-03
3.108137519554961159e+01 3.497149812660851984e-03 3.546979542971951706e-03 3.565639870312688892e-03 7.981752298334645127e-03 8.557079714126095485e-03 7.670158958586527700e-03
3.119004759219773604e+01 3.335723537295735754e-03 3.394635649970180555e-03 3.391638364847157031e-03 7.791110007551870983e-03 8.370111391781171264e-03 7.472302026387105285e-03
3.129871998884585693e+01 3.200985237985536601e-03 3.266950602934540638e-03 3.245759416966533754e-03 7.624225798685569169e-03 8.205306579931162872e-03 7.299053945734417653e-03
3.140739238549398138e+01 3.086614926764437439e-03 3.158132838963228009e-03 3.121559604177945833e-03 7.475969940770257546e-03 8.057953265411811963e-03 7.145253837324839520e-03
3.151606478214210583e+01 2.988095962624293285e-03 3.064031472308363039e-03 3.014376201753157618e-03 7.342580174671163411e-03 7.924579605855176095e-03 7.007080073505034257e-03
3.162473717879022672e+01 2.902124551866929608e-03 2.981602881091953601e-03 2.920761665375330805e-03 7.221242653754839438e-03 7.802579033720571065e-03 6.881649335608180235e-03
3.173340957543835117e+01 2.826235062635332543e-03 2.908570870420424184e-03 2.838118814393453000e-03 7.109815807785880085e-03 7.689961350636172373e-03 6.766749672871102440e-03
3.184208197208647562e+01 2.758554805171271537e-03 2.843203499276880999e-03 2.764458655553877261e-03 7.006644013580693234e-03 7.585183724445487656e-03 6.660658626705549291e-03
3.195075436873459651e+01 2.697639211427330010e-03 2.784162639728003825e-03 2.698235581305992274e-03 6.910429139191056301e-03 7.487033571448419543e-03 6.562016711383015372e-03
3.205942676538272451e+01 2.642358450179706914e-03 2.730400222287255891e-03 2.638232754252270353e-03 6.820140252173305384e-03 7.394545872420818511e-03 6.469737736836810027e-03
3.216809916203084185e+01 2.591817811950599803e-03 2.681085221781217241e-03 2.583480842794761909e-03 6.734949027999139089e-03 7.306943801938776441e-03 6.382944156482975653e-03
3.227677155867897341e+01 2.545300777721795291e-03 2.635551344567843308e-03 2.533199402086417848e-03 6.654182798931820679e-03 7.223595433586440379e-03 6.300919731269665792e-03
3.238544395532709075e+01 2.502227637627456140e-03 2.593258938537248981e-03 2.486753929308515524e-03 6.577289924148783593e-03 7.143981718137094698e-03 6.223074380052075194e-03
3.249411635197521520e+01 2.462124965382484886e-03 2.553766852076560200e-03 2.443623957404292366e-03 6.503813904212868424e-03 7.067672489638895938e-03 6.148917739777278769e-03
3.260278874862333964e+01 2.424602797028277239e-03 2.516711366388889315e-03 2.403379045177615313e-03 6.433373792923693761e-03 6.994308270271241447e-03 6.078039039752998127e-03
3.271146114527145699e+01 2.389337359733694280e-03 2.481790231490727840e-03 2.365660497157255800e-03 6.365649205881547187e-03 6.923586319104072830e-03 6.010091613484632410e-03
3.282013354191958854e+01 2.356057853649646140e-03 2.448750434676323553e-03 2.330167295674253920e-03 6.300368726409479210e-03 6.855249824742689832e-03 5.944780858102258723e-03
3.292880593856770588e+01 2.324536230834563146e-03 2.417378732613381393e-03 2.296645166859706544e-03 6.237300851521299094e-03 6.789079453343053148e-03 5.881854785580922958e-03
3.303747833521583033e+01 2.294579216049841362e-03 2.387494253160959198e-03 2.264878004219096110e-03 6.176246857398080305e-03 6.724886679832075415e-03 5.821096542749578349e-03
3.314615073186395477e+01 2.266022022450605959e-03 2.358942663644331486e-03 2.234681083996042841e-03 6.117035129958403247e-03 6.662508482407082308e-03 5.762318441386980565e-03
3.325482312851207922e+01 2.238723361346406978e-03 2.331591536332865318e-03 2.205895655318596080e-03 6.059516624126526536e-03 6.601803088831317140e-03 5.705357157088126671e-03
3.336349552516020367e+01 2.212561449099908779e-03 2.305326637264635929e-03 2.178384594546333396e-03 6.003561200234659723e-03 6.542646541173912159e-03 5.650069840411668827e-03
3.347216792180832101e+01 2.187430788963372688e-03 2.280048933270079504e-03 2.152028890235261217e-03 5.949054647639614307e-03 6.484929902540838460e-03 5.596330945773275722e-03
3.358084031845645256e+01 2.163239560002407254e-03 2.255672162074962191e-03 2.126724781440535086e-03 5.895896250891816300e-03 6.428556971195481876e-03 5.544029629254004603e-03
3.368951271510456991e+01 2.139907485190351791e-03 2.232120847161829166e-03 2.102381413656803210e-03 5.843996787341195452e-03 6.373442398545289649e-03 5.493067600526363795e-03
3.379818511175269435e+01 2.117364080381029575e-03 2.209328666395449225e-03 2.078918907689338968e-03 5.793276870156504124e-03 6.319510130752070166e-03 5.443357339668564339e-03
3.390685750840081880e+01 2.095547208043260258e-03 2.187237103892090105e-03 2.056266760053387585e-03 5.743665569664341969e-03 6.266692111313418474e-03 5.394820609006127470e-03
3.401552990504894325e+01 2.074401876380451738e-03 2.165794330082185075e-03 2.034362511166333716e-03 5.695099260308902379e-03 6.214927195355423976e-03 5.347387204908672816e-03
3.412420230169706770e+01 2.053879237197031755e-03 2.144954266696907745e-03 2.013150631095050359e-03 5.647520651564412290e-03 6.164160236652721850e-03 5.300993905843843883e-03
3.423287469834518504e+01 2.033935745639552008e-03 2.124675802448407549e-03 1.992581583008237820e-03 5.600877969645958777e-03 6.114341316331842364e-03 5.255583581803756517e-03
3.434154709499331659e+01 2.014532452481164818e-03 2.104922132157833244e-03 1.972611032533330179e-03 5.555124263480553173e-03 6.065425088389351550e-03 5.211104437089410062e-03
3.445021949164143393e+01 1.995634405480077068e-03 2.085660197518538882e-03 1.953199177496308097e-03 5.510216813575255848e-03 6.017370221992210388e-03 5.167509363833019953e-03
3.455889188828955838e+01 1.977210140928381023e-03 2.066860211934550429e-03 1.934310177450748172e-03 5.466116626491672806e-03 5.970138924336021620e-03 5.124755387895234097e-03
3.466756428493768283e+01 1.959231250117317562e-03 2.048495255224312174e-03 1.915911666293397585e-03 5.422788000860378176e-03 5.923696530854441131e-03 5.082803192156132473e-03
3.477623668158580728e+01 1.941672008302093144e-03 2.030540926632278670e-03 1.897974334352532395e-03 5.380198153435536944e-03 5.878011151976899641e-03 5.041616704918620503e-03
3.488490907823393172e+01 1.924509056023938555e-03 2.012975046704025377e-03 1.880471568801356805e-03 5.338316895743645124e-03 5.833053367556809143e-03 5.001162743309862414e-03
3.499358147488204906e+01 1.907721124466823376e-03 1.995777400271844543e-03 1.863379143226967906e-03 5.297116353533601850e-03 5.788795961642232216e-03 4.961410703314552730e-03
3.510225387153018062e+01 1.891288797989644065e-03 1.978929514158539894e-03 1.846674948780511810e-03 5.256570722570085702e-03 5.745213691514331790e-03 4.922332289490964803e-03
3.521092626817829796e+01 1.875194308157203263e-03 1.962414464307260173e-03 1.830338760626122130e-03 5.216656055397872992e-03 5.702283085937309183e-03 4.883901278573976774e-03
3.531959866482642241e+01 1.859421354552993075e-03 1.946216707938238375e-03 1.814352034457340605e-03 5.177350074589161938e-03 5.659982268394958202e-03 4.846093312113177419e-03
3.542827106147454685e+01 1.843954948439305254e-03 1.930321937062013087e-03 1.798697728708809800e-03 5.138632008711266699e-03 5.618290801769977409e-03 4.808885714068985955e-03
3.553694345812266420e+01 1.828781275970716358e-03 1.914716950275161846e-03 1.783360148795576881e-03 5.100482447848323463e-03 5.577189551483442004e-03 4.772257329928646270e-03
3.564561585477079575e+01 1.813887578193526398e-03 1.899389540255191737e-03 1.768324810292925793e-03 5.062883216003532562e-03 5.536660564574556916e-03 4.736188384432793441e-03
3.575428825141891309e+01 1.799262045498215478e-03 1.884328394776237960e-03 1.753578318449637097e-03 5.025817258116615019e-03 5.496686962585557897e-03 4.700660355443021972e-03
3.586296064806704464e+01 1.784893724551743542e-03 1.869523009402562818e-03 1.739108261825734331e-03 4.989268539770949119e-03 5.457252846436251061e-03 4.665655861847011615e-03
3.597163304471516199e+01 1.770772436035642590e-03 1.854963610295890485e-03 1.724903118177607527e-03 4.953221957949007284e-03 5.418343211739658737e-03 4.631158563704774501e-03
3.608030544136328643e+01 1.756888701765272481e-03 1.840641085805220199e-03 1.710952170990338167e-03 4.917663261431949075e-03 5.379943873234706644e-03 4.597153073096637774e-03
3.618897783801141088e+01 1.743233679974276820e-03 1.826546925702630074e-03 1.697245435289541828e-03 4.882578979639428871e-03 5.342041397199418819e-03 4.563624874350653143e-03
3.629765023465952822e+01 1.729799107723602354e-03 1.812673167092018495e-03 1.683773591560230442e-03 4.847956358874124481e-03 5.304623040867551161e-03 4.530560252510195361e-03
3.640632263130765978e+01 1.716577249541867802e-03 1.799012346155568192e-03 1.670527926765024958e-03 4.813783305077854770e-03 5.267676698005414535e-03 4.497946229057640972e-03
3.651499502795577712e+01 1.703560851528572928e-03 1.785557455019093701e-03 1.657500281593455487e-03 4.780048332327352552e-03 5.231190849920080641e-03 4.465770504042060676e-03
3.662366742460390157e+01 1.690743100257090584e-03 1.772301903115918635e-03 1.644683003192185964e-03 4.746740516400196203e-03 5.195154521266683034e-03 4.434021403871128177e-03
3.673233982125202601e+01 1.678117585904111489e-03 1.759239482512842080e-03 1.632068902726708029e-03 4.713849452829777138e-03 5.159557240105766378e-03 4.402687834123474898e-03
3.684101221790015046e+01 1.665678269108477119e-03 1.746364336732915455e-03 1.619651217210716591e-03 4.681365218942562696e-03 5.124389001732029478e-03 4.371759236820210379e-03
3.694968461454827491e+01 1.653419451127568617e-03 1.733670932670829546e-03 1.607423575112737349e-03 4.649278339435500285e-03 5.089640235856818760e-03 4.341225551664620874e-03
3.705835701119639936e+01 1.641335746915156520e-03 1.721154035248792947e-03 1.595379965312454821e-03 4.617579755107162690e-03 5.055301776778656914e-03 4.311077180820171301e-03
3.716702940784451670e+01 1.629422060792593994e-03 1.708808684505558166e-03 1.583514709033139551e-03 4.586260794403074562e-03 5.021364836221394595e-03 4.281304956849473452e-03
3.727570180449264114e+01 1.617673564426242534e-03 1.696630174849789348e-03 1.571822434423182169e-03 4.555313147477494697e-03 4.987820978558216677e-03 4.251900113481931615e-03
3.738437420114076559e+01 1.606085676859745487e-03 1.684614036242166246e-03 1.560298053499743374e-03 4.524728842509424635e-03 4.954662098173461850e-03 4.222854258917686614e-03
3.749304659778889004e+01 1.594654046380205052e-03 1.672756017099291019e-03 1.548936741202410101e-03 4.494500224041289224e-03 4.921880398743387272e-03 4.194159351409189329e-03
