# Dy3+ 10 200
5.000000000000000000e+00 1.344702365983167225e-01 1.310258453768977649e+00 1.111861322208216457e-02 2.689247803848215240e-02
5.163281641194918947e+00 1.146669245482411642e-01 1.112535886208334546e+00 1.078554303974348788e-02 2.528199532016636025e-02
5.326563282389837894e+00 8.754329782417749617e-02 1.019522181292146223e+00 1.048955489519495451e-02 2.406519340506903595e-02
5.489844923584756842e+00 9.101727359382644211e-02 9.343627945265980950e-01 1.022454175609953386e-02 2.326997576211442542e-02
5.653126564779675789e+00 7.292583178403483357e-02 9.079419131994317382e-01 9.985917185237343230e-03 2.275083849631499844e-02
5.816408205974595624e+00 9.625325413332602720e-02 8.372067628315164045e-01 9.770164636291859064e-03 2.226705235645742853e-02
5.979689847169514572e+00 8.112008380952730191e-02 7.789522943028397428e-01 9.574560223766726691e-03 2.160618827492834931e-02
6.142971488364433519e+00 8.621916461850386015e-02 6.894189413858522464e-01 9.396995791858701874e-03 2.067015689638475665e-02
6.306253129559352466e+00 6.141698127980201039e-02 5.855273948623671565e-01 9.235866610621678782e-03 1.949254021182039720e-02
6.469534770754271413e+00 4.966474234996817727e-02 4.905726712395545586e-01 9.090005817386913323e-03 1.820221353255001631e-02
6.632816411949190361e+00 4.967747580184142531e-02 4.166952288177146468e-01 8.958658189795441068e-03 1.696174844242239257e-02
6.796098053144110196e+00 5.968787019879107092e-02 3.597680722012646104e-01 8.841494291419324525e-03 1.590806209456113035e-02
6.959379694339029143e+00 6.324148727205146370e-02 3.097782382379655197e-01 8.738676393852808783e-03 1.511745812872570052e-02
7.122661335533948090e+00 5.762705725475938262e-02 2.614603238847231226e-01 8.651006362716061326e-03 1.460570229056764452e-02
7.285942976728867038e+00 5.994177652812107682e-02 2.681868737045840501e-01 8.580231089117235088e-03 1.435542842206003616e-02
7.449224617923785985e+00 4.583218222675905507e-02 2.703412449311896615e-01 8.529712554948141318e-03 1.435016370271628185e-02
7.612506259118704932e+00 5.438158368900229689e-02 2.716444212443954731e-01 8.506067222840630465e-03 1.459846936404876096e-02
7.775787900313623879e+00 4.169954056172688744e-02 2.907809273272376482e-01 8.523432822153014995e-03 1.514351100383678345e-02
7.939069541508542827e+00 5.000719316149472571e-02 3.588403112675930817e-01 8.613867112701178996e-03 1.605709215235055776e-02
8.102351182703461774e+00 5.344590215875508199e-02 3.979171830075515781e-01 8.846978218250554915e-03 1.741525374727238493e-02
8.265632823898380721e+00 7.647779722796752000e-02 5.649555835944046756e-01 9.347714480186012503e-03 1.925794449125985824e-02
8.428914465093299668e+00 1.007493321054042518e-01 8.014304112842033367e-01 1.026925946511279310e-02 2.154714245006888323e-02
8.592196106288220392e+00 1.385445878668636610e-01 1.014297316618591793e+00 1.169198054531516567e-02 2.414004152065304248e-02
8.755477747483137563e+00 2.065991313958188136e-01 1.326681396484777675e+00 1.352217803789965145e-02 2.678522698631759583e-02
8.918759388678058286e+00 3.289204490415818527e-01 1.585581559240208049e+00 1.548050477440057054e-02 2.914589826070269549e-02
9.082041029872975457e+00 4.065259320811414612e-01 1.819215701178547029e+00 1.717484266866410245e-02 3.085578687475610746e-02
9.245322671067896181e+00 5.105974545148406207e-01 1.896868248245905830e+00 1.822301084793821399e-02 3.160621439382212822e-02
9.408604312262813352e+00 5.285872841195814464e-01 1.859026065831885788e+00 1.839287580460333485e-02 3.124362063644762696e-02
9.571885953457734075e+00 4.676564893473521001e-01 1.644052740390762768e+00 1.771854017462239084e-02 2.984075587000754523e-02
9.735167594652653023e+00 4.362748086434179440e-01 1.424806940154746737e+00 1.656358831554287023e-02 2.770786417486032632e-02
9.898449235847571970e+00 3.622560691119083853e-01 1.134981400894273795e+00 1.560601226569501010e-02 2.533013876086561214e-02
1.006173087704249092e+01 3.238344532937597609e-01 9.492598433955806714e-01 1.559087181355208601e-02 2.323279890663288577e-02
1.022501251823740986e+01 4.200670427924903527e-01 7.771255794432869735e-01 1.672557633287352977e-02 2.178469712126496899e-02
1.038829415943232881e+01 5.094333764465655001e-01 7.683531249818964515e-01 1.844234921182309056e-02 2.101929838174043316e-02
1.055157580062724776e+01 6.563484502503892370e-01 6.823101248851747291e-01 1.992212898061081552e-02 2.064405392576545289e-02
1.071485744182216671e+01 6.608989052573910339e-01 6.433605170973275555e-01 2.055619201102583046e-02 2.026643405816040341e-02
1.087813908301708565e+01 6.872821549637876393e-01 6.032195071496456729e-01 2.011489337991287027e-02 1.962631606255269001e-02
1.104142072421200638e+01 5.421022366961655292e-01 5.553503232256894462e-01 1.877899727819848721e-02 1.868697816480776458e-02
1.120470236540692355e+01 4.307897017588083188e-01 4.428087989096215482e-01 1.704930731982700481e-02 1.759789992998549157e-02
1.136798400660184427e+01 3.488046035913684451e-01 3.890326819579005280e-01 1.550375078944428442e-02 1.658064260658495895e-02
1.153126564779676144e+01 2.830626575554492375e-01 3.225480210845592111e-01 1.444450331306024009e-02 1.578946621955493179e-02
1.169454728899168217e+01 2.351257878311256155e-01 3.285813624857312210e-01 1.371824173190446840e-02 1.522462942157368562e-02
1.185782893018659934e+01 1.940694964478330842e-01 2.959768108344990045e-01 1.296889724968176318e-02 1.476500504918694910e-02
1.202111057138152006e+01 1.426053653672081367e-01 2.732125704503253760e-01 1.199695309296454349e-02 1.428248704049079124e-02
1.218439221257643901e+01 1.063185439400560206e-01 2.104675292045008195e-01 1.085668268760041702e-02 1.373394164175050988e-02
1.234767385377135795e+01 6.881990359273539026e-02 1.970284106356806619e-01 9.755236055122077504e-03 1.318148083554738365e-02
1.251095549496627690e+01 5.838576080045163041e-02 1.652470167584726979e-01 8.915456717111710713e-03 1.275727038273676700e-02
1.267423713616119585e+01 3.818016132372241411e-02 1.828920208368402800e-01 8.479148013718195570e-03 1.260067687925077451e-02
1.283751877735611480e+01 5.299810148169742385e-02 1.906816177797710232e-01 8.467104010460517471e-03 1.278687703099950015e-02
1.300080041855103374e+01 6.261738803756712601e-02 1.993640385720343300e-01 8.784754410981046591e-03 1.327417328885697502e-02
1.316408205974595269e+01 7.332688763875877536e-02 2.494605775251816648e-01 9.255463507207010998e-03 1.390612274243330573e-02
1.332736370094087164e+01 8.208339549162343984e-02 2.756459157950079675e-01 9.676891540910666917e-03 1.447293986451351003e-02
1.349064534213579059e+01 8.931909569619807254e-02 2.694771186609389857e-01 9.899456789226700540e-03 1.479927193004627710e-02
1.365392698333070953e+01 8.098146646050904951e-02 2.915131129166548263e-01 9.909594309026706002e-03 1.482284151029714114e-02
1.381720862452562848e+01 8.802982128412874252e-02 2.692563047154009626e-01 9.895235818925421020e-03 1.463804214344560303e-02
1.398049026572054743e+01 9.131783316720162857e-02 2.778220768137446006e-01 1.025024202059857115e-02 1.448267306374730924e-02
1.414377190691546815e+01 1.284956980477877375e-01 2.895650459315068370e-01 1.137811457582749847e-02 1.464288836802793772e-02
1.430705354811038710e+01 2.128768106941593963e-01 3.104062271063198764e-01 1.332945745413730183e-02 1.528086237740969647e-02
1.447033518930530605e+01 3.310765386297067625e-01 3.931833335442539989e-01 1.572038799919770607e-02 1.630536209465083611e-02
1.463361683050022499e+01 4.878980224723824533e-01 4.609401829632557290e-01 1.793879840967112921e-02 1.742151161186031652e-02
1.479689847169514394e+01 6.282469192536600522e-01 4.859129461356646029e-01 1.940455129457005837e-02 1.829773833690358925e-02
1.496018011289006289e+01 5.821858056134578963e-01 5.670589571597721701e-01 1.986824682097150865e-02 1.871430724651379496e-02
1.512346175408498183e+01 6.090766619588050546e-01 5.168175253086727539e-01 1.966934673798538882e-02 1.863923963134506839e-02
1.528674339527990078e+01 6.095134359756180231e-01 5.253998763660449045e-01 1.970306772039543547e-02 1.821866889522379129e-02
1.545002503647481973e+01 7.035672340401845082e-01 4.410373739562514772e-01 2.071929019242143080e-02 1.768188660083916397e-02
1.561330667766973868e+01 8.858418016548750273e-01 4.596000263635179328e-01 2.241416608503123131e-02 1.720069408195067096e-02
1.577658831886465762e+01 9.740614925106644284e-01 4.117447580524429274e-01 2.370868361869022528e-02 1.680547633476719982e-02
1.593986996005957657e+01 9.631025327165401162e-01 3.735454979506374618e-01 2.375705282146577807e-02 1.644053688023125459e-02
1.610315160125449552e+01 8.749088015974836319e-01 3.679599578108161961e-01 2.249564519012896627e-02 1.608353780353158347e-02
1.626643324244941624e+01 6.758040618652780829e-01 3.660298555016586186e-01 2.057583596867991471e-02 1.577296898809184278e-02
1.642971488364433341e+01 5.495709344449682954e-01 3.146221954422855349e-01 1.881562239596300604e-02 1.552519791998161099e-02
1.659299652483925058e+01 4.574604666451042023e-01 3.089866415610832973e-01 1.757984648577787246e-02 1.528938752043284242e-02
1.675627816603417131e+01 4.251855356255225260e-01 2.728247231224316671e-01 1.687220727820074734e-02 1.503623293345559588e-02
1.691955980722909203e+01 4.504044122164765351e-01 3.033993519342519374e-01 1.705116785614416153e-02 1.486852235162219350e-02
1.708284144842401275e+01 5.678054174714465274e-01 2.938008330188881523e-01 1.875804280839136334e-02 1.497665833074106854e-02
1.724612308961892992e+01 8.209143538569675380e-01 3.325629544455036557e-01 2.174581581336356220e-02 1.542459351901685934e-02
1.740940473081384710e+01 1.084427975563481805e+00 3.642721384249834604e-01 2.468882794095006092e-02 1.600650865571275061e-02
1.757268637200876782e+01 1.242789002603131410e+00 3.987646633764247994e-01 2.615868054222078229e-02 1.637015679477155441e-02
1.773596801320368854e+01 1.129723273229572333e+00 3.864049131472121479e-01 2.540052926857613164e-02 1.625058640556963085e-02
1.789924965439860571e+01 8.694016352641801282e-01 3.233054725672916407e-01 2.261977197541250456e-02 1.559705530036133159e-02
1.806253129559352288e+01 5.386287833148919457e-01 2.901897200363991458e-01 1.876481281225170564e-02 1.455018939958888785e-02
1.822581293678844361e+01 3.253218690504724453e-01 2.217346546039440647e-01 1.496305244352354701e-02 1.333306490573125599e-02
1.838909457798336433e+01 1.516274730943994453e-01 1.656238145566380771e-01 1.198508941415298013e-02 1.214776617313807587e-02
1.855237621917828150e+01 7.947930297276335765e-02 1.211648272319430508e-01 1.004329437751370208e-02 1.113358759700247558e-02
1.871565786037319867e+01 7.684020996841925411e-02 1.102121061290980281e-01 8.971534816868900405e-03 1.037465069025603204e-02
1.887893950156811940e+01 5.906764272576450758e-02 9.956807566445474711e-02 8.567125783496047642e-03 9.912800947836013926e-03
1.904222114276304012e+01 6.706478738145499330e-02 9.775442543901950720e-02 8.731809213144606230e-03 9.739593461522050993e-03
1.920550278395795729e+01 6.840888621009290349e-02 8.533936135389770528e-02 9.298368007769779175e-03 9.773606567099387202e-03
1.936878442515287801e+01 9.658556479374820480e-02 7.015642413904030206e-02 9.905025341781330261e-03 9.863331148956263478e-03
1.953206606634779519e+01 1.071157725728694443e-01 8.190349481266316622e-02 1.015467063844509299e-02 9.846580241614813836e-03
1.969534770754271591e+01 9.027910172978134695e-02 7.400179196491676881e-02 9.850172384952459587e-03 9.632659039705617279e-03
1.985862934873763663e+01 6.729634733077251296e-02 6.013835507859577323e-02 9.106223050999527613e-03 9.243573771609262316e-03
2.002191098993255380e+01 4.384568260815928376e-02 5.608372420450231932e-02 8.276941379128609916e-03 8.784588125854107810e-03
2.018519263112747097e+01 3.881772859300823553e-02 4.102620769399736161e-02 7.725639694589184203e-03 8.367868649701733913e-03
2.034847427232239170e+01 2.545307895696670430e-02 4.999002768310406575e-02 7.529915251407406918e-03 8.047215286263351489e-03
2.051175591351731242e+01 3.015998247200573495e-02 3.976429298890630376e-02 7.452172145543924965e-03 7.810754006729671989e-03
2.067503755471222959e+01 2.957678435658072508e-02 4.179476000423539006e-02 7.261474174811923150e-03 7.621606131377018159e-03
2.083831919590714676e+01 2.429993049368360178e-02 2.688124274537248906e-02 6.924584000840540432e-03 7.455735254559628378e-03
2.100160083710206749e+01 1.978291172850190488e-02 2.074675950936374566e-02 6.551994598056632216e-03 7.308913588909106591e-03
2.116488247829698821e+01 1.319081672952780206e-02 2.111800434908459728e-02 6.259102349396205439e-03 7.184332417793038751e-03
2.132816411949190538e+01 1.457542513330504011e-02 2.558337719936737767e-02 6.076021857861444234e-03 7.082098236308188507e-03
2.149144576068682611e+01 1.063673942736019160e-02 2.065918811162322649e-02 5.968065189596759995e-03 6.998138877089580753e-03
2.165472740188174328e+01 9.720969887349589084e-03 2.315291508117861205e-02 5.896794195412944847e-03 6.927405243392987383e-03
2.181800904307666400e+01 8.141306118341478174e-03 1.571387321810726809e-02 5.842121281626401486e-03 6.865969946322365500e-03
2.198129068427158117e+01 7.708768218652771627e-03 1.456072190426706964e-02 5.796139875765046051e-03 6.811285028983841625e-03
2.214457232546650189e+01 3.590577438407210019e-03 3.084593016124487219e-02 5.755722325416850159e-03 6.761757881925913559e-03
2.230785396666141907e+01 -3.349202572303863062e-03 2.880273050212888569e-02 5.719371980692143816e-03 6.716356105837329935e-03
2.247113560785633979e+01 2.141068268702271682e-04 2.221471389275557137e-02 5.686218266962708712e-03 6.674371909566030256e-03
2.263441724905125696e+01 5.104644342449585377e-03 2.047717560258228986e-02 5.655687676961995529e-03 6.635295815232676760e-03
2.279769889024617768e+01 9.740982287492757491e-03 9.710365771664931922e-03 5.627373008424710332e-03 6.598747825380436166e-03
2.296098053144109485e+01 1.130535914991999055e-03 2.567999517883251537e-02 5.600970612169417842e-03 6.564437777608407576e-03
2.312426217263601558e+01 2.986174472762888159e-03 2.901528930208014528e-02 5.576246235310894014e-03 6.532141259659422425e-03
2.328754381383093630e+01 1.312581705842481850e-02 1.317059096229579798e-02 5.553014814733959331e-03 6.501684433942750418e-03
2.345082545502585347e+01 2.897677697932284427e-03 1.970438065871373337e-02 5.531127804095321843e-03 6.472934364963883400e-03
2.361410709622077420e+01 4.377725939941169014e-03 1.881296301836042628e-02 5.510464898658007891e-03 6.445793037670937559e-03
2.377738873741569137e+01 7.228162427993138975e-03 1.706247297723273437e-02 5.490928508597333474e-03 6.420194108872468060e-03
2.394067037861061209e+01 6.206804465375709984e-04 1.399135323933134271e-02 5.472440072629275280e-03 6.396101948981259416e-03
2.410395201980552926e+01 4.073491637189570469e-03 7.928932441517972871e-03 5.454937707890623703e-03 6.373512901536640927e-03
2.426723366100044998e+01 -8.519880423914823891e-05 1.473714915211938106e-02 5.438374937633010456e-03 6.352459025870751258e-03
2.443051530219536716e+01 4.822855004788136057e-06 1.152888058251386183e-02 5.422720414486633181e-03 6.333014983644472823e-03
2.459379694339028788e+01 1.860544396190470622e-03 1.045540026282984480e-02 5.407958718628806671e-03 6.315309287737972191e-03
2.475707858458520505e+01 1.565424270624487038e-02 9.047788347500257053e-03 5.394092506030144507e-03 6.299542014380285146e-03
2.492036022578012577e+01 2.644622757003983055e-04 1.754389730188369786e-02 5.381146578693095893e-03 6.286012576059966765e-03
2.508364186697504294e+01 -2.236912346059946079e-03 1.407193204337209638e-02 5.369174967340462068e-03 6.275163821109073364e-03
2.524692350816996367e+01 2.510602882085796565e-03 2.154660156819046546e-02 5.358273111780117483e-03 6.267653696594346208e-03
2.541020514936488084e+01 1.923070643915709196e-03 1.369092175006768677e-02 5.348599284258639952e-03 6.264475389234533745e-03
2.557348679055980156e+01 -5.226600057503904065e-03 1.620877383753503362e-02 5.340414019361588646e-03 6.267166605630647425e-03
2.573676843175471873e+01 3.656116960603200336e-03 1.781593569543446498e-02 5.334157705389221821e-03 6.278190933846536023e-03
2.590005007294963946e+01 1.259633178625268676e-02 1.171480828954573304e-02 5.330618458427436278e-03 6.301668417839989891e-03
2.606333171414456018e+01 8.461138391286648908e-03 7.411405386729646820e-03 5.331351179965943855e-03 6.344839672860954141e-03
2.622661335533947735e+01 -5.105863846879563420e-04 1.428423507788700690e-02 5.339983076862850689e-03 6.420996488120471989e-03
2.638989499653439808e+01 3.186170087041302439e-03 2.772069221466217162e-03 5.367228687229367093e-03 6.554307764157944055e-03
2.655317663772931525e+01 6.018213094435630010e-03 1.788883226678085470e-02 5.447545186997403491e-03 6.781373944985714941e-03
2.671645827892423597e+01 2.846779535275872040e-03 1.933799293029689337e-02 5.655933356654570601e-03 7.127982163086248220e-03
2.687973992011915314e+01 -9.921592337641896991e-04 3.366022542662414074e-02 6.023829338057723817e-03 7.545792666984530925e-03
2.704302156131407386e+01 1.267438251345560235e-02 3.720341724319813775e-02 6.382394969377428590e-03 7.877344561281397761e-03
2.720630320250899103e+01 1.322628159475027453e-02 3.641806434457100367e-02 6.465948246279610429e-03 7.946715252426649057e-03
2.736958484370391176e+01 8.629420429518199279e-03 3.046905360925050710e-02 6.208227936112869702e-03 7.712738360824694141e-03
2.753286648489882893e+01 -1.750540708804036380e-03 2.333787994159667797e-02 5.823366843638275517e-03 7.309590097683235990e-03
2.769614812609374965e+01 -2.726299135248221213e-03 2.468234535350517442e-02 5.563812961939080051e-03 6.926800976881085023e-03
2.785942976728866682e+01 -1.581702261802455517e-04 1.513373220130304238e-02 5.491559147699254760e-03 6.673569409836099808e-03
2.802271140848358755e+01 1.308647831885748417e-02 7.608729615019403300e-03 5.579675091824859434e-03 6.563697162138504293e-03
2.818599304967850472e+01 8.054779791765243405e-03 6.571244854830557425e-03 5.859995227029374254e-03 6.570441649927899475e-03
2.834927469087342544e+01 1.251803718814675954e-02 1.653701783261183819e-02 6.279444090639546561e-03 6.641594832024451736e-03
2.851255633206834261e+01 1.247784829280875786e-02 2.401677110537284165e-02 6.571393447132782215e-03 6.698682910756610827e-03
2.867583797326326334e+01 2.131385742639323178e-02 2.250671580066930522e-02 6.543157530959647743e-03 6.693361739322540790e-03
2.883911961445818406e+01 1.342021677235774937e-02 2.155442777777593147e-02 6.411246693720415966e-03 6.668922834710681521e-03
2.900240125565310123e+01 2.685161294223506814e-02 2.356467164911537487e-02 6.727258031407914313e-03 6.730331889901625467e-03
2.916568289684802195e+01 3.509766530851696903e-02 2.461135525136045818e-02 7.898996809410533532e-03 6.941645287666371386e-03
2.932896453804293913e+01 6.641692589285796977e-02 2.221302083569551278e-02 9.613999098546724409e-03 7.234220713303384648e-03
2.949224617923785985e+01 1.127803147905783732e-01 2.241745044879304982e-02 1.077177161862013198e-02 7.416081027919615119e-03
2.965552782043277702e+01 1.188478529880551693e-01 2.541670070269189119e-02 1.042177290711777601e-02 7.330983526993578234e-03
2.981880946162769774e+01 6.569714815061349078e-02 1.753731918873707718e-02 8.850826039236019821e-03 7.012612812561385897e-03
2.998209110282261491e+01 3.755432568134730448e-02 1.567415165664863552e-02 7.204991951194932714e-03 6.635160876247299735e-03
3.014537274401753564e+01 5.851998931656648278e-03 1.844139603474584041e-02 6.200415743737619154e-03 6.335443384830504766e-03
3.030865438521245281e+01 1.816233324688307574e-02 1.830110036389819700e-02 5.734129760810617767e-03 6.138119264685505325e-03
3.047193602640737353e+01 1.064534710200781137e-02 6.954938761010002329e-03 5.505457527117587485e-03 6.012662609800260849e-03
3.063521766760229070e+01 2.983492431867008649e-03 3.256344434392029717e-03 5.371525147417913204e-03 5.929085259992447447e-03
3.079849930879721143e+01 1.883740152729763799e-03 9.574828350488572698e-03 5.283116466575609772e-03 5.869624880809404081e-03
3.096178094999212860e+01 2.900120253192966548e-04 1.901300199904712440e-03 5.220313908938966491e-03 5.824731858017726839e-03
3.112506259118704932e+01 5.505956638095337204e-03 1.508631259763177149e-02 5.173313187743046500e-03 5.789140742529684351e-03
3.128834423238197004e+01 1.074356329837027578e-02 5.146533555183591818e-03 5.136684285786584370e-03 5.759790964353046078e-03
3.145162587357688722e+01 4.697483876613593907e-03 5.973345513731593420e-03 5.107183010556163097e-03 5.734809008588559118e-03
3.161490751477180794e+01 1.342205214778889773e-02 8.774431830985095909e-03 5.082761468608569359e-03 5.712994960978001052e-03
3.177818915596672511e+01 2.762814879954870843e-04 2.902546119822291618e-03 5.062070368248351195e-03 5.693550018135186408e-03
3.194147079716164583e+01 8.534393613590634392e-03 1.213682194567834022e-02 5.044189246801091854e-03 5.675924483991469892e-03
3.210475243835656300e+01 -2.712682635760524635e-03 7.994301373346989273e-03 5.028471666104133292e-03 5.659729103482937125e-03
3.226803407955148373e+01 2.194864156037278947e-03 7.258418068428165032e-03 5.014452235911168176e-03 5.644681274367730275e-03
3.243131572074639735e+01 -5.681702897997534252e-03 1.275634108239629902e-02 5.001788625541072134e-03 5.630571277833570400e-03
3.259459736194132518e+01 3.443650227939101544e-03 6.744452238932209694e-03 4.990224223746031820e-03 5.617240427760837942e-03
3.275787900313623879e+01 3.342497727143678432e-03 3.530400792533177051e-03 4.979563423437070348e-03 5.604566549725200318e-03
3.292116064433115952e+01 2.717757947654851191e-03 5.102606854673461326e-03 4.969654864385175848e-03 5.592454099271907710e-03
3.308444228552608024e+01 -3.430415748431377230e-03 5.437652152890293591e-03 4.960379827352563199e-03 5.580827292992061178e-03
3.324772392672099386e+01 3.838826157857146235e-04 5.914472867598290565e-03 4.951644042125766254e-03 5.569625241791083606e-03
3.341100556791591458e+01 1.356826413855131974e-02 1.375872822916622724e-02 4.943371805831838113e-03 5.558798442698530823e-03
3.357428720911083531e+01 3.382494055986008576e-03 4.362100460684730646e-04 4.935501694372058240e-03 5.548306210020580165e-03
3.373756885030575603e+01 6.612799511876718030e-03 -4.251841762216651034e-03 4.927983391283034982e-03 5.538114767222163635e-03
3.390085049150067675e+01 -9.424100544776227960e-04 1.951898676734506628e-03 4.920775312598104148e-03 5.528195810904754440e-03
3.406413213269559037e+01 -8.787773748411718475e-04 4.845147108368197397e-03 4.913842806822861856e-03 5.518525416983585501e-03
3.422741377389051110e+01 -4.986789846210719704e-03 3.084665070874435117e-04 4.907156775870379420e-03 5.509083198212675128e-03
3.439069541508543182e+01 3.357362440218207393e-03 6.462554984079596151e-03 4.900692607837136422e-03 5.499851648595826398e-03
3.455397705628034544e+01 2.046869029857974805e-03 1.114125173361624199e-02 4.894429343362689463e-03 5.490815628335356420e-03
3.471725869747527327e+01 -1.636201260461945736e-03 9.397564755914565929e-03 4.888349018765980256e-03 5.481961955581236140e-03
3.488054033867018688e+01 -2.566654343419918615e-03 3.981087571267798164e-03 4.882436144255571445e-03 5.473279080140497702e-03
3.504382197986510761e+01 4.852141633975488345e-03 3.421219858320182806e-03 4.876677286277214876e-03 5.464756820661326522e-03
3.520710362106002833e+01 2.291464240142682216e-03 4.657534342207019298e-03 4.871060730823318502e-03 5.456386151397570397e-03
3.537038526225494195e+01 2.188406640006085400e-03 6.043044482085256283e-03 4.865576210183308187e-03 5.448159028012365158e-03
3.553366690344986267e+01 8.117471697117000645e-03 3.180861172064728022e-03 4.860214679774438849e-03 5.440068244353103884e-03
3.569694854464478340e+01 1.150449559023189287e-03 1.130174971257525904e-02 4.854968134782570825e-03 5.432107313972095106e-03
3.586023018583969701e+01 1.195315875303646497e-02 5.273729610105798785e-03 4.849829458657388057e-03 5.424270371551330634e-03
3.602351182703462484e+01 8.121490124270573305e-03 1.518659713857739742e-02 4.844792297255325932e-03 5.416552090438510672e-03
3.618679346822953846e+01 5.440736858199216389e-03 1.751254742848356010e-03 4.839850953754764110e-03 5.408947613302531043e-03
3.635007510942445919e+01 -2.370390818509386568e-03 -6.327075630119346171e-03 4.835000300489103973e-03 5.401452493532812003e-03
3.651335675061937991e+01 9.140720761531280492e-03 7.642467303219964772e-03 4.830235704631884522e-03 5.394062645484674207e-03
3.667663839181429353e+01 7.107836088144788532e-03 -3.850675581032312125e-03 4.825552965281122708e-03 5.386774302045434226e-03
3.683992003300922136e+01 2.289198999117903095e-03 1.230399747492817719e-02 4.820948259969664966e-03 5.379583978288601451e-03
3.700320167420413497e+01 7.851026059813867933e-03 2.260715068680967978e-03 4.816418099005794276e-03 5.372488440214689270e-03
3.716648331539905570e+01 5.510307316113960407e-03 6.236479568338167828e-03 4.811959286347086868e-03 5.365484677760744454e-03
3.732976495659397642e+01 -7.496015010929225376e-03 8.764330244228898253e-03 4.807568885948305948e-03 5.358569881407559445e-03
3.749304659778889004e+01 5.703342465475565344e-03 9.375424700847263294e-04 4.803244192714300163e-03 5.351741421831247153e-03
