# [ 0.          0.         16.69565766], [ 0.          0.         14.37620971], [ 0.          0.         16.82876127]
5.000000000000000000e+00 3.246926136130947604e+00 3.135900392934750869e+00 3.194694387012081638e+00 7.783917269379092563e-01 7.760262989938299105e-01 7.667209476435808968e-01
5.056795028240862244e+00 3.133162699445889210e+00 3.033083117866938849e+00 3.056761661712421585e+00 7.527546478363154048e-01 7.508162144517426251e-01 7.403642569724698808e-01
5.113590056481723600e+00 3.088653114889994278e+00 3.000375203363955912e+00 2.986632423325344288e+00 7.307278532386426440e-01 7.290786809662358481e-01 7.170194694853501138e-01
5.170385084722585844e+00 3.075369871616583595e+00 2.998527178221456424e+00 2.953857132785584483e+00 7.101241998321166093e-01 7.087255554131115520e-01 6.951955172634718405e-01
5.227180112963447201e+00 3.046275867378180013e+00 2.980264868235665610e+00 2.916137349165276227e+00 6.879730193968377483e-01 6.869964346606578509e-01 6.724841044705482940e-01
5.283975141204309445e+00 2.959974810434832460e+00 2.904463626489885097e+00 2.833326143804936859e+00 6.615243078761297024e-01 6.613547643914097218e-01 6.464536697999698767e-01
5.340770169445171689e+00 2.792279844613287043e+00 2.747202644149977058e+00 2.679374316647079812e+00 6.290979956267727102e-01 6.302396702942818507e-01 6.154650267888667203e-01
5.397565197686033045e+00 2.541564153721992181e+00 2.506778430628671117e+00 2.448797948930287571e+00 5.905588094341212013e-01 5.934854646205544038e-01 5.791853790684247105e-01
5.454360225926895289e+00 2.227107638277082913e+00 2.201967521353323409e+00 2.156422511780618834e+00 5.473350405658696793e-01 5.523390864933510613e-01 5.386956558439764953e-01
5.511155254167756645e+00 1.882070062420553302e+00 1.865112481910388587e+00 1.831570506338478621e+00 5.020461649927554504e-01 5.091314284059846873e-01 4.962229887612390478e-01
5.567950282408618889e+00 1.544250512156996047e+00 1.533068227982452125e+00 1.509539370478672815e+00 4.579069794377975677e-01 4.667475239525581410e-01 4.546349025891324724e-01
5.624745310649480246e+00 1.247902008314238476e+00 1.239168662211103555e+00 1.223559988536247367e+00 4.181037766970037706e-01 4.280664930014335123e-01 4.168712069344695514e-01
5.681540338890342490e+00 1.018694034182517472e+00 1.008266319452857163e+00 9.994664371393066071e-01 3.852935868975838063e-01 3.955061645334519982e-01 3.854605903497293484e-01
5.738335367131204734e+00 8.721504051074234765e-01 8.552096504040007652e-01 8.536561441794124905e-01 3.612924342136167311e-01 3.707353215743267039e-01 3.621969341494452044e-01
5.795130395372066090e+00 8.144039633597168759e-01 7.856784229638456019e-01 7.934186823605314798e-01 3.469366768329503192e-01 3.545451177392286435e-01 3.479747346789451301e-01
5.851925423612928334e+00 8.435219080000222469e-01 7.976920275578268660e-01 8.180154347666517278e-01 3.420576142832438826e-01 3.468302235956263746e-01 3.427376742403898113e-01
5.908720451853789690e+00 9.500959005691638204e-01 8.824724902602544274e-01 9.192000567238444164e-01 3.455149776991938704e-01 3.466303890097009455e-01 3.454930829940235371e-01
5.965515480094651934e+00 1.116908038260240765e+00 1.024366634959681388e+00 1.080894065100463930e+00 3.552750748853908402e-01 3.522135746306404580e-01 3.543773867712451398e-01
6.022310508335513290e+00 1.318636018933522447e+00 1.200622854306238274e+00 1.278865753414734963e+00 3.685630429073700753e-01 3.612176945323007926e-01 3.667963540860987859e-01
6.079105536576375535e+00 1.523098759067665231e+00 1.382377873886684094e+00 1.481850597941786196e+00 3.821343364805337428e-01 3.708834225113853966e-01 3.796795661939181277e-01
6.135900564817237779e+00 1.695105580544804758e+00 1.537889941461976662e+00 1.655200452113503529e+00 3.926827633704280673e-01 3.783918402296104211e-01 3.898650472230931197e-01
6.192695593058099135e+00 1.802697945050919515e+00 1.637953610471370558e+00 1.766946835488037548e+00 3.973408000073115898e-01 3.812742387264148047e-01 3.945744277054404336e-01
6.249490621298961379e+00 1.824103314320850266e+00 1.662099008762060626e+00 1.794708898548329268e+00 3.941641562137787047e-01 3.778111032460820251e-01 3.918793585993976536e-01
6.306285649539822735e+00 1.752899923544245508e+00 1.603372380159648225e+00 1.731001970991040917e+00 3.824640568757621817e-01 3.673127576604496847e-01 3.810309789916466183e-01
6.363080677780684979e+00 1.599277575309409061e+00 1.469747902238389692e+00 1.584795825636117206e+00 3.628796270949686820e-01 3.501939237401640592e-01 3.625480729716634709e-01
6.419875706021546335e+00 1.386765219322177112e+00 1.281486517038701756e+00 1.378579473975760639e+00 3.371618287843995976e-01 3.278146515308751896e-01 3.380313441810796071e-01
6.476670734262408580e+00 1.145627061569373550e+00 1.065396243773783391e+00 1.142002898779867381e+00 3.077353262024301594e-01 3.021352033002568382e-01 3.097604618619290151e-01
6.533465762503270824e+00 9.053548486496106884e-01 8.481068117802570416e-01 9.044424756266296050e-01 2.771726832607137037e-01 2.752890428592114636e-01 2.801972419051865781e-01
6.590260790744132180e+00 6.887374774348057338e-01 6.506033310763036370e-01 6.889748131727323477e-01 2.477284247778184512e-01 2.491927217609066769e-01 2.515348629374209444e-01
6.647055818984994424e+00 5.089897660750034580e-01 4.854289996011449948e-01 5.093133318760673101e-01 2.210390984715897011e-01 2.252823406944268192e-01 2.253976282888841276e-01
6.703850847225855780e+00 3.700185738349148212e-01 3.567200416765793913e-01 3.698791384465090482e-01 1.980247251919599050e-01 2.044115687921133073e-01 2.027305402969302173e-01
6.760645875466718024e+00 2.688176523325884748e-01 2.622294982117469031e-01 2.680648480146353152e-01 1.789604065041340564e-01 1.868920141492716180e-01 1.838540807069067307e-01
6.817440903707579380e+00 1.985997654879417540e-01 1.961046393106337937e-01 1.973200670086941722e-01 1.636484325762728453e-01 1.726230938353146560e-01 1.686207193800822457e-01
6.874235931948441625e+00 1.515359928346057539e-01 1.513797284863599990e-01 1.499096035589759235e-01 1.516168559092650747e-01 1.612517342181072622e-01 1.566027962683954333e-01
6.931030960189303869e+00 1.205418509170381181e-01 1.216431873666837388e-01 1.187491754423906920e-01 1.422905069067154360e-01 1.523159290045022762e-01 1.472585569611280787e-01
6.987825988430165225e+00 1.000800830050773971e-01 1.018204084629151934e-01 9.825841061745675675e-02 1.351090038041843633e-01 1.453483242262418873e-01 1.400496885113866052e-01
7.044621016671027469e+00 8.625294549302030267e-02 8.830063638729075681e-02 8.448825238963346418e-02 1.295904506884852925e-01 1.399359225855947020e-01 1.345070910076997805e-01
7.101416044911889713e+00 7.652422000363426347e-02 7.871067201939258018e-02 7.486052382467052457e-02 1.253532776061286880e-01 1.357442445987396828e-01 1.302556010416096310e-01
7.158211073152751069e+00 6.933506345663707771e-02 7.157752984710256949e-02 6.778849520571651743e-02 1.221124947183014064e-01 1.325185320558586455e-01 1.270128559284113279e-01
7.215006101393612425e+00 6.376045534062246833e-02 6.601869142628243037e-02 6.233143221549976298e-02 1.196642012096041235e-01 1.300734161596460714e-01 1.245757022959582683e-01
7.271801129634474670e+00 5.925762535597957348e-02 6.151153509932913432e-02 5.793913005591550675e-02 1.178674561087652006e-01 1.282790033227312054e-01 1.228032447998955584e-01
7.328596157875336914e+00 5.550368462440775918e-02 5.774258156247294438e-02 5.428603397233038724e-02 1.166281968554500059e-01 1.270477815096486551e-01 1.216013980414676204e-01
7.385391186116198270e+00 5.229954526013991245e-02 5.451725274279205224e-02 5.117276114881543631e-02 1.158868517124903297e-01 1.263241505585690205e-01 1.209107935786658677e-01
7.442186214357060514e+00 4.951620770876450500e-02 5.170887544161299060e-02 4.847101228445615390e-02 1.156096613419565072e-01 1.260768844236710429e-01 1.206982187197121331e-01
7.498981242597922758e+00 4.706557443147839359e-02 4.923068757788979372e-02 4.609369881827985599e-02 1.157830924124370053e-01 1.262941784427402681e-01 1.209510726158477545e-01
7.555776270838784114e+00 4.488458387538279970e-02 4.702048045447173447e-02 4.397877841038565216e-02 1.164106455914145077e-01 1.269807782968151721e-01 1.216741981498625502e-01
7.612571299079645470e+00 4.292634732674388554e-02 4.503195504626345685e-02 4.208028375290909923e-02 1.175115160089069966e-01 1.281567663196895857e-01 1.228885750747374245e-01
7.669366327320507715e+00 4.115496105326581916e-02 4.322963556319240480e-02 4.036310934368874531e-02 1.191207876813376448e-01 1.298577434320699886e-01 1.246315686308348131e-01
7.726161355561369959e+00 3.954229920596138981e-02 4.158571503288844423e-02 3.879981024893025543e-02 1.212910714230898551e-01 1.321363263888510609e-01 1.269586500458844414e-01
7.782956383802231315e+00 3.806592559888189592e-02 4.007799820113945588e-02 3.736852904210265919e-02 1.240957263470231914e-01 1.350650687477628897e-01 1.299467345299355203e-01
7.839751412043093559e+00 3.670767355113077612e-02 3.868850173554905236e-02 3.605159176675781785e-02 1.276340692683407829e-01 1.387411283129084405e-01 1.336995469083821220e-01
7.896546440283955803e+00 3.545264628638845200e-02 3.740246884502691771e-02 3.483452272428116253e-02 1.320393282526096945e-01 1.432932815661877024e-01 1.383557769562262507e-01
7.953341468524817159e+00 3.428849414012644092e-02 3.620765680456872193e-02 3.370533376808742404e-02 1.374906133507249051e-01 1.488922830865745395e-01 1.441013010025078145e-01
8.010136496765678515e+00 3.320488053287155156e-02 3.509381059110937978e-02 3.265400020428551459e-02 1.442309569289813020e-01 1.557661610875313296e-01 1.511875189970229294e-01
8.066931525006541648e+00 3.219308033754483128e-02 3.405226703343049860e-02 3.167206725379246440e-02 1.525946044507168475e-01 1.642229129720286507e-01 1.599589725075080682e-01
8.123726553247403004e+00 3.124567325121184805e-02 3.307565260235340032e-02 3.075235002025016734e-02 1.630481761155332665e-01 1.746842536044407035e-01 1.708948360239747610e-01
8.180521581488264360e+00 3.035630667202101132e-02 3.215764969963946091e-02 2.988870175388125619e-02 1.762516328222595297e-01 1.877354042210876983e-01 1.846701942558549026e-01
8.237316609729127492e+00 2.951951029865008264e-02 3.129281391699754999e-02 2.907583286486397495e-02 1.931448351841635602e-01 2.041966793724558360e-01 2.022429460906514098e-01
8.294111637969988848e+00 2.873054982421178669e-02 3.047642982038449577e-02 2.830916824623204778e-02 2.150610714190422379e-01 2.252210464572711457e-01 2.249679634980975562e-01
8.350906666210850204e+00 2.798531062638397529e-02 2.970439629446556748e-02 2.758473395578578055e-02 2.438558708974286338e-01 2.524145413393805160e-01 2.547274191615529482e-01
8.407701694451711560e+00 2.728020482919225193e-02 2.897313491887167775e-02 2.689906674724905009e-02 2.820133863286628517e-01 2.879587886382394823e-01 2.940404784088573864e-01
8.464496722692574693e+00 2.661209688761348446e-02 2.827951659487829353e-02 2.624914168967069222e-02 3.326539560130695738e-01 3.346833632772852618e-01 3.460766452811619431e-01
8.521291750933436049e+00 2.597824415852461460e-02 2.762080292872192214e-02 2.563231440362854358e-02 3.993273324413383341e-01 3.959934621263342391e-01 4.144563427382865761e-01
8.578086779174297405e+00 2.537624993186985561e-02 2.699459986315565913e-02 2.504627543260871947e-02 4.854655975098580156e-01 4.755226237869608075e-01 5.027084616611995349e-01
8.634881807415158761e+00 2.480402722481269209e-02 2.639882184693657582e-02 2.448901507624131821e-02 5.934278855947787701e-01 5.763861443643581994e-01 6.133086636922669976e-01
8.691676835656021893e+00 2.425977239324983437e-02 2.583166553734533161e-02 2.395879773976939200e-02 7.232216556428755494e-01 7.000012362041118097e-01 7.463736570397521142e-01
8.748471863896883249e+00 2.374194840259773870e-02 2.529159273768625746e-02 2.345414560886576252e-02 8.712074684255346479e-01 8.446353043954948348e-01 8.983151968522332664e-01
8.805266892137744605e+00 2.324927858478566256e-02 2.477732309903286217e-02 2.297383239146745526e-02 1.029288805929352568e+00 1.004101492224936942e+00 1.060967340069463472e+00
8.862061920378607738e+00 2.278075318227091792e-02 2.428783825198622612e-02 2.251688924681561482e-02 1.185115144035079782e+00 1.167216558986604369e+00 1.221744490851500053e+00
8.918856948619469094e+00 2.233565355598073066e-02 2.382240083489419596e-02 2.208262740669851912e-02 1.323588583464948121e+00 1.318604541263336261e+00 1.365155082968154021e+00
8.975651976860330450e+00 2.191360400577650053e-02 2.338059509908025843e-02 2.167068665654644372e-02 1.429502985706365470e+00 1.441068343918196826e+00 1.475515724430597420e+00
9.032447005101193582e+00 2.151467189993077136e-02 2.296240208597001564e-02 2.128112870109085189e-02 1.490657021228375623e+00 1.519133434738877630e+00 1.540185099300614979e+00
9.089242033342054938e+00 2.113956003617922796e-02 2.256833562471513566e-02 2.091461580034449652e-02 1.500522303287725734e+00 1.542763013751507373e+00 1.552343673210542008e+00
9.146037061582916294e+00 2.078998342898530707e-02 2.219969391379907064e-02 2.057275984235919578e-02 1.459663550896530992e+00 1.509993955070482841e+00 1.512460819333766304e+00
9.202832089823779427e+00 2.046941337264319288e-02 2.185904123593211679e-02 2.025881248601793874e-02 1.375544639182399331e+00 1.427545245902032134e+00 1.428066256870022199e+00
9.259627118064639006e+00 2.018451325885510864e-02 2.155114980554348469e-02 1.997900459202560028e-02 1.260896217159228394e+00 1.309204749278813251e+00 1.312035133128665043e+00
9.316422146305502139e+00 1.994774307596598739e-02 2.128482281916683344e-02 1.974500275884830472e-02 1.131231258526574024e+00 1.172641493176316274e+00 1.180031212849578459e+00
9.373217174546365271e+00 1.978161631274026958e-02 2.107625482318802035e-02 1.957799633139466547e-02 1.002242580422233909e+00 1.035806189911163466e+00 1.047881776931540054e+00
9.430012202787224851e+00 1.972463779442531692e-02 2.095468338399720382e-02 1.951456596374904692e-02 8.877024633498117323e-01 9.140542844802297395e-01 9.295017900519326748e-01
9.486807231028087983e+00 1.983766952817915194e-02 2.097060521170764080e-02 1.961334175446934752e-02 7.981978091297563527e-01 8.186348314702621698e-01 8.356685651246829050e-01
9.543602259268949339e+00 2.020734833731469698e-02 2.120510844215975008e-02 1.995942608065535973e-02 7.406954971620109962e-01 7.565279231592613174e-01 7.736117273551182949e-01
9.600397287509810695e+00 2.094110351173322088e-02 2.177549905780551756e-02 2.066132791989237424e-02 7.186619476731324063e-01 7.310984647307928741e-01 7.471354105879967067e-01
9.657192315750673828e+00 2.214821651921916948e-02 2.282823671531419851e-02 2.183447450918642868e-02 7.323530902730404080e-01 7.428504316198740742e-01 7.568983216378453172e-01
9.713987343991535184e+00 2.390516346337260081e-02 2.450838678241142043e-02 2.356828017306125331e-02 7.789811981609060521e-01 7.897297199727206785e-01 8.005632617312038457e-01
9.770782372232396540e+00 2.621116351539292538e-02 2.690022068219061549e-02 2.588085342750133522e-02 8.527029886531027891e-01 8.668281296755373511e-01 8.727501626768031651e-01
9.827577400473259672e+00 2.894825256625731952e-02 2.994931662149952559e-02 2.867440392045088327e-02 9.446363771178895030e-01 9.658141940762400290e-01 9.649849584435882255e-01
9.884372428714121028e+00 3.186444809376916959e-02 3.339824883423632429e-02 3.171070344919123263e-02 1.043264440020424955e+00 1.074758864824668425e+00 1.066005446665117873e+00
9.941167456954982384e+00 3.459552646397823922e-02 3.678168999522670596e-02 3.462542790312054392e-02 1.135541488316381242e+00 1.179048876457992279e+00 1.162770913137534112e+00
9.997962485195845517e+00 3.673111522000449547e-02 3.951548663218299590e-02 3.699148247794189354e-02 1.208782855489249020e+00 1.263697579184738684e+00 1.242305308761803895e+00
1.005475751343670510e+01 3.791694220054236258e-02 4.107313432336205661e-02 3.842596226201629162e-02 1.253078958090014794e+00 1.316677795348160762e+00 1.294148922831038995e+00
1.011155254167756823e+01 3.797018609936259059e-02 4.119072596062493125e-02 3.871684810947967348e-02 1.263651183360938068e+00 1.332233405889567734e+00 1.312831240367590802e+00
1.016834756991843136e+01 3.697325325288329523e-02 4.001251511296958357e-02 3.793018863233994786e-02 1.242399520586413564e+00 1.312865555318784905e+00 1.299567291854634599e+00
1.022514259815929094e+01 3.530978497778380215e-02 3.810770123209744620e-02 3.645488289612752730e-02 1.197986396970969647e+00 1.269043828657239636e+00 1.262451268985302910e+00
1.028193762640015407e+01 3.362001862439006200e-02 3.634472588451081315e-02 3.495566192448654880e-02 1.144172140438094898e+00 1.216519568033880727e+00 1.214802245399623226e+00
1.033873265464101543e+01 3.267580983722682270e-02 3.566394394913697391e-02 3.423109502829450868e-02 1.096645459968861536e+00 1.172000735103658542e+00 1.171891257073332193e+00
1.039552768288187679e+01 3.319563905528922360e-02 3.681148520998722001e-02 3.500039744079951748e-02 1.069071383046080959e+00 1.148479421895074015e+00 1.146831281515969581e+00
1.045232271112273992e+01 3.563035775434387348e-02 4.009145277621654901e-02 3.766325512142424531e-02 1.069344086073179323e+00 1.151542642626429025e+00 1.146744400083417270e+00
1.050911773936360127e+01 3.996151999618550998e-02 4.519146448978196562e-02 4.209512774535138779e-02 1.097048060662494384e+00 1.177672884791068242e+00 1.170344028801816316e+00
1.056591276760446263e+01 4.557787381007131350e-02 5.115130883143467061e-02 4.755882878106818673e-02 1.142942533738705135e+00 1.215045130712740562e+00 1.207786065834597355e+00
1.062270779584532576e+01 5.131651642501086630e-02 5.654389487253680402e-02 5.281186147049048152e-02 1.190890799140634559e+00 1.246723480509094761e+00 1.243075234591817679e+00
1.067950282408618712e+01 5.572850753826378428e-02 5.987395744380465817e-02 5.643446558886282965e-02 1.222005783922048172e+00 1.255464228722907194e+00 1.258520309503943668e+00
1.073629785232704847e+01 5.752744584102537778e-02 6.007684973466636408e-02 5.729262902131587731e-02 1.219947396925792571e+00 1.228693128723495454e+00 1.239917176493880113e+00
1.079309288056791161e+01 5.604905786199407963e-02 5.689979117924080093e-02 5.494455201954978607e-02 1.175638185257613655e+00 1.161987041334451298e+00 1.180686252185769058e+00
1.084988790880877296e+01 5.149511567474847340e-02 5.097047997287978277e-02 4.978983023477795422e-02 1.089655020344682201e+00 1.059853025672513382e+00 1.083466660235463674e+00
1.090668293704963432e+01 4.482736689881970660e-02 4.351674057474944068e-02 4.288311176702368915e-02 9.714229414571899923e-01 9.336767769253083715e-01 9.586853589456162394e-01
1.096347796529049745e+01 3.737044690415812498e-02 3.589190822042276352e-02 3.551597413816598436e-02 8.357156054845434889e-01 7.978742595642581703e-01 8.208949212215842506e-01
1.102027299353135703e+01 3.033874356165304140e-02 2.914711091246177666e-02 2.878436834957010318e-02 6.980765969872223531e-01 6.658843071167084293e-01 6.845093993826744105e-01
1.107706802177222016e+01 2.451170028628563147e-02 2.382358696516700264e-02 2.333104177407079385e-02 5.709927468829500974e-01 5.474034160995463472e-01 5.605390537259080652e-01
1.113386305001308152e+01 2.015780364010356929e-02 1.998646806288657124e-02 1.932214198660778606e-02 4.619597999314828951e-01 4.474412562781103775e-01 4.551679657422317282e-01
1.119065807825394288e+01 1.715789508653623938e-02 1.740122770164395649e-02 1.658904608358088839e-02 3.735246138765660473e-01 3.669150552308489410e-01 3.700732614582720736e-01
1.124745310649480601e+01 1.520301785246170982e-02 1.572718080280236311e-02 1.481650640778905265e-02 3.046039798852281377e-01 3.040353823821069223e-01 3.037706350741976591e-01
1.130424813473566736e+01 1.395970721349770738e-02 1.464947050983307283e-02 1.368743506003652737e-02 2.521703373985890173e-01 2.557503138907080142e-01 2.531740855746105190e-01
1.136104316297652872e+01 1.315883301535586067e-02 1.393439804152589098e-02 1.295445882061044621e-02 2.126459104715680004e-01 2.188144989775048510e-01 2.148274258624356947e-01
1.141783819121739185e+01 1.261771681614764010e-02 1.343146374789255457e-02 1.245298124497315820e-02 1.827498226224694711e-01 1.903775441292021031e-01 1.856252002217817498e-01
1.147463321945825321e+01 1.222615273814976929e-02 1.305261188535227108e-02 1.208487881038470928e-02 1.598488255076588038e-01 1.681898539790712965e-01 1.630940529770606717e-01
1.153142824769911456e+01 1.192257443332485518e-02 1.274914245035898598e-02 1.179565909397329790e-02 1.419902154231284241e-01 1.505848382208803127e-01 1.454013825534934135e-01
1.158822327593997770e+01 1.167384534434748149e-02 1.249456865836643706e-02 1.155601650292937925e-02 1.277894412989102613e-01 1.363692595250820816e-01 1.312434216214626026e-01
1.164501830418083905e+01 1.146209461016330609e-02 1.227419817639297840e-02 1.135008862320242319e-02 1.162841118074699615e-01 1.246998479909988411e-01 1.197086167210998225e-01
1.170181333242170041e+01 1.127736097746721150e-02 1.207951986751879328e-02 1.116897214075252519e-02 1.068064593104875448e-01 1.149796423737935169e-01 1.101600026645636748e-01
1.175860836066256354e+01 1.111384667696065087e-02 1.190537525729924197e-02 1.100743925375178428e-02 9.888856157192045526e-02 1.067815318105683753e-01 1.021479653601291421e-01
1.181540338890342312e+01 1.096809690971813772e-02 1.174856567614230435e-02 1.086234370580171915e-02 9.219745281722534214e-02 9.979546400250653704e-02 9.535030884460242440e-02
1.187219841714428625e+01 1.083813092368457118e-02 1.160716412954562043e-02 1.073185881807089438e-02 8.649245097606331201e-02 9.379310729545760339e-02 8.953260058065917737e-02
1.192899344538514939e+01 1.072304633986115308e-02 1.148018192522028136e-02 1.061513065792946998e-02 8.159755957916604852e-02 8.860446255073697874e-02 8.452234146824461059e-02
1.198578847362600897e+01 1.062289424324995915e-02 1.136743832979831247e-02 1.051217226755101278e-02 7.738377163341089715e-02 8.410245065033224166e-02 8.019228219509125233e-02
1.204258350186687210e+01 1.053877534943541312e-02 1.126958328175315868e-02 1.042396117550828394e-02 7.375795902556772643e-02 8.019288190325606080e-02 7.644986958618660289e-02
1.209937853010773345e+01 1.047323102075769889e-02 1.118829222136491497e-02 1.035281769095154104e-02 7.065640455639882189e-02 7.680823535584961614e-02 7.323103799745878106e-02
1.215617355834859481e+01 1.043118361739544912e-02 1.112673874585855087e-02 1.030331405550770872e-02 6.804196126875237949e-02 7.390439216968738845e-02 7.049738623785488378e-02
1.221296858658945794e+01 1.042200421669649615e-02 1.109061736433391947e-02 1.028426495588003094e-02 6.590436532838095385e-02 7.145996250086274204e-02 6.823623898553894673e-02
1.226976361483031930e+01 1.046376218221258501e-02 1.109032517505645528e-02 1.031275903801545830e-02 6.426329174718246884e-02 6.947812867771011036e-02 6.646309098493777268e-02
1.232655864307118065e+01 1.059102216767105441e-02 1.114548686521241172e-02 1.042136792476320260e-02 6.317303292926665370e-02 6.799085246544894767e-02 6.522523089333802371e-02
1.238335367131204379e+01 1.086670145793864652e-02 1.129364268529315339e-02 1.066869806748968821e-02 6.272587647822833179e-02 6.706450103313572886e-02 6.460373556985486709e-02
1.244014869955290514e+01 1.139499722947868478e-02 1.160471275587552330e-02 1.115017890681080023e-02 6.304856145260083478e-02 6.680394643358847362e-02 6.470882382112795594e-02
1.249694372779376650e+01 1.232606919215251465e-02 1.219982048791998577e-02 1.200070250821028486e-02 6.428408308758851164e-02 6.734882956517976305e-02 6.566211453296323663e-02
1.255373875603462963e+01 1.383814717750289115e-02 1.326506820988587916e-02 1.337734086432837768e-02 6.655241453241397820e-02 6.885207710996800456e-02 6.756087260598302169e-02
1.261053378427548921e+01 1.608718776034592443e-02 1.503909934665683366e-02 1.541510578474292355e-02 6.989076481404514485e-02 7.143026357678285143e-02 7.042537054804745567e-02
1.266732881251635234e+01 1.913182524174526777e-02 1.774687709172467071e-02 1.816281502512624366e-02 7.418551399821962655e-02 7.508302797829408126e-02 7.413971762826142287e-02
1.272412384075721548e+01 2.286093841715012773e-02 2.146739275817747400e-02 2.151973786713241160e-02 7.911807789437688698e-02 7.959749340697599984e-02 7.840464916557432495e-02
1.278091886899807506e+01 2.695348797524874801e-02 2.597008411755822102e-02 2.519489461401475117e-02 8.414946228959703511e-02 8.447845868952057191e-02 8.272387725316325546e-02
1.283771389723893819e+01 3.088507283597686018e-02 3.061533042435349294e-02 2.870452193858721163e-02 8.856249710828109634e-02 8.895972266260261663e-02 8.644291799695198730e-02
1.289450892547979954e+01 3.398883663288256723e-02 3.443484114841310201e-02 3.142658649994298919e-02 9.157012103782626034e-02 9.213561937036156280e-02 8.885074562334036030e-02
1.295130395372066090e+01 3.558929601903729895e-02 3.643448945866054750e-02 3.273758539304958554e-02 9.248174566791220186e-02 9.319784927000888952e-02 8.933648727918765131e-02
1.300809898196152403e+01 3.521433513300908230e-02 3.600913785244218984e-02 3.222570022516596522e-02 9.089241171026501975e-02 9.169432762709532614e-02 8.756337358452069564e-02
1.306489401020238539e+01 3.281701349687108499e-02 3.323679287669931842e-02 2.989490147658809688e-02 8.682765079691243115e-02 8.769130132969135683e-02 8.359299940529395234e-02
1.312168903844324674e+01 2.886491954842903759e-02 2.885597976555337105e-02 2.622166398372480570e-02 8.076887151767257744e-02 8.175377864982691367e-02 7.789290924871983268e-02
1.317848406668410988e+01 2.419457113642313820e-02 2.393042117830918719e-02 2.199014451337809664e-02 7.352612937275905536e-02 7.475069782027310428e-02 7.120702025245434497e-02
1.323527909492497123e+01 1.968865255293947986e-02 1.941189639051105892e-02 1.798614785791009113e-02 6.600331841208408046e-02 6.758106403154182096e-02 6.433961884366233563e-02
1.329207412316583259e+01 1.596804406682832828e-02 1.585111888944681566e-02 1.473213394300954861e-02 5.895988700939757549e-02 6.094515056583549306e-02 5.794875075599468378e-02
1.334886915140669394e+01 1.326488028742000939e-02 1.336358666045482646e-02 1.239792596315113064e-02 5.286676596168926601e-02 5.523930221163512316e-02 5.243012835897067209e-02
1.340566417964755708e+01 1.149431922414256846e-02 1.177886137391547308e-02 1.088286433174584511e-02 4.789074997159632058e-02 5.057589189499488852e-02 4.791354935013209665e-02
1.346245920788841843e+01 1.041970505745141648e-02 1.082849276713459749e-02 9.967149129474855984e-03 4.397302784108076540e-02 4.687545704969713067e-02 4.433681507961650947e-02
1.351925423612927979e+01 9.795237885615927856e-03 1.027226205372417170e-02 9.433589802649881492e-03 4.093814060870576421e-02 4.396936064748883238e-02 4.154132660676513461e-02
1.357604926437014292e+01 9.435914051955528528e-03 9.943744390408531045e-03 9.122956510267921440e-03 3.858325690077308440e-02 4.167502177369204058e-02 3.934808506771098752e-02
1.363284429261100428e+01 9.226846144090193255e-03 9.744738794601661563e-03 8.938057297957650860e-03 3.672895641688166818e-02 3.983496261423071644e-02 3.759997686118554672e-02
1.368963932085186563e+01 9.105224360606649012e-03 9.622945152845495745e-03 8.826368485532662053e-03 3.523685929851572834e-02 3.832848948691890134e-02 3.617596214310924568e-02
1.374643434909272877e+01 9.039293588412539507e-03 9.551999838041691851e-03 8.761515335109555658e-03 3.400814303234259844e-02 3.706890601947954861e-02 3.498936479200617095e-02
1.380322937733359012e+01 9.013644799076214395e-03 9.518899369271766747e-03 8.730729698312565332e-03 3.297494063392265862e-02 3.599586084699925304e-02 3.398035393875811772e-02
1.386002440557445148e+01 9.021088012533175909e-03 9.517411134484409646e-03 8.728045248592716104e-03 3.209128471518613024e-02 3.506775665397773856e-02 3.310814167291813159e-02
1.391681943381531283e+01 9.058736850751133995e-03 9.544959889079636731e-03 8.751054044741440885e-03 3.132602361882396574e-02 3.425587870331123913e-02 3.234488578765291888e-02
1.397361446205617597e+01 9.126267255814094273e-03 9.601233024864550339e-03 8.799470798214000314e-03 3.065795488476019681e-02 3.354033149397991215e-02 3.167148529185646877e-02
1.403040949029703732e+01 9.225200093903639445e-03 9.687591527250866835e-03 8.874540195982553309e-03 3.007268962089145251e-02 3.290737676684020452e-02 3.107485472550084588e-02
1.408720451853789868e+01 9.358679972528205493e-03 9.806881504421952056e-03 8.978850676911591042e-03 2.956070093620150399e-02 3.234774167618566926e-02 3.054621458649271065e-02
1.414399954677876181e+01 9.531541900404751771e-03 9.963486262325916762e-03 9.116382862946118340e-03 2.911615018255394455e-02 3.185557691162468896e-02 3.008005250573962674e-02
1.420079457501962317e+01 9.750606466606819359e-03 1.016357169259196960e-02 9.292742564678178885e-03 2.873623570538072144e-02 3.142785989212529968e-02 2.967353614474109100e-02
1.425758960326048452e+01 1.002522462254014889e-02 1.041553901238999498e-02 9.515592749031095629e-03 2.842092333715852751e-02 3.106412632021644110e-02 2.932625501753211364e-02
1.431438463150134588e+01 1.036816071924206127e-02 1.073074928611912268e-02 9.795351526272829887e-03 2.817300058830152915e-02 3.076647768580353243e-02 2.904023782404346887e-02
1.437117965974220901e+01 1.079699448317292775e-02 1.112464857424444627e-02 1.014629294322185599e-02 2.799846398592640076e-02 3.053986417584694801e-02 2.882024768805550516e-02
1.442797468798307037e+01 1.133638736233124993e-02 1.161852893462314053e-02 1.058830928279487840e-02 2.790731928415116081e-02 3.039269413064323022e-02 2.867441425064156876e-02
1.448476971622393172e+01 1.202190053163928671e-02 1.224236081966110362e-02 1.114984078413563257e-02 2.791496693293761891e-02 3.033788581471112342e-02 2.861533423363649825e-02
1.454156474446479486e+01 1.290684808971051187e-02 1.303954796823094189e-02 1.187304185382477388e-02 2.804448251835871264e-02 3.039457066349290221e-02 2.866187840211515889e-02
1.459835977270565621e+01 1.407569664861801385e-02 1.407540445080686202e-02 1.282366879451675434e-02 2.833029900327043923e-02 3.059079717511297217e-02 2.884209692976123784e-02
1.465515480094651757e+01 1.567278437056298518e-02 1.545350509740956585e-02 1.411188205010309622e-02 2.882401359420930578e-02 3.096777762444170856e-02 2.919779617742825073e-02
1.471194982918737892e+01 1.796747588999322159e-02 1.735004876486717293e-02 1.593922557646304874e-02 2.960303943179377548e-02 3.158640696468259512e-02 2.979141618860305096e-02
1.476874485742824206e+01 2.149854597424852298e-02 2.009051530133674698e-02 1.870466630323347479e-02 3.078191648454246462e-02 3.253669647108029667e-02 3.071529986779561808e-02
1.482553988566910341e+01 2.735490954600403729e-02 2.431943375942703656e-02 2.322073782521819410e-02 3.252304913285389287e-02 3.394966874086095127e-02 3.210138186621606243e-02
1.488233491390996477e+01 3.758991042809448069e-02 3.134051859877187013e-02 3.106407133339432122e-02 3.503753910516246850e-02 3.600779054364246223e-02 3.412481160955728454e-02
1.493912994215082790e+01 5.553307059561378434e-02 4.366371367834279149e-02 4.492525752355842894e-02 3.855980082311021018e-02 3.894287656727434682e-02 3.698899339340059461e-02
1.499592497039168926e+01 8.541706322123929218e-02 6.555031449222767370e-02 6.852202608142905771e-02 4.327988906283587039e-02 4.300102018811701593e-02 4.087731809512452907e-02
1.505271999863255061e+01 1.307581186634731996e-01 1.028308277298897178e-01 1.055063916917102496e-01 4.923522143324930017e-02 4.835081513171665679e-02 4.586707623620554092e-02
1.510951502687341197e+01 1.918700129053548808e-01 1.608475731666575703e-01 1.573610657312521088e-01 5.619635285103597583e-02 5.492935740050786109e-02 5.182597493492200474e-02
1.516631005511427510e+01 2.641572084965921330e-01 2.399948202445023604e-01 2.214039053065118834e-01 6.360403492389656022e-02 6.227041611652981562e-02 5.833634835053112810e-02
1.522310508335513646e+01 3.385210004350910351e-01 3.306496707220613618e-01 2.903242309439708624e-01 7.059948046152407508e-02 6.942164070344872262e-02 6.469261674989712496e-02
1.527990011159599781e+01 4.030630105351417636e-01 4.119579791589088047e-01 3.533188417613168375e-01 7.614928026649814274e-02 7.507446761707486926e-02 6.999081181503781501e-02
1.533669513983686095e+01 4.445877792396367711e-01 4.584622297962908100e-01 3.977904405332680082e-01 7.924584279112256713e-02 7.794316807499761246e-02 7.330152752420027173e-02
1.539349016807772230e+01 4.509706984638782168e-01 4.529169617528664427e-01 4.118073402338784939e-01 7.916604500829033109e-02 7.725730247103085313e-02 7.390334195642531134e-02
1.545028519631858366e+01 4.164472636064345812e-01 3.967896204871609322e-01 3.886190902110358558e-01 7.573639440469728812e-02 7.310151899326446101e-02 7.152550968450747948e-02
1.550708022455944501e+01 3.472589067832254628e-01 3.097697901196690418e-01 3.317313741928966109e-01 6.947581166734850822e-02 6.638725286349714261e-02 6.649637143167283493e-02
1.556387525280030815e+01 2.611524932942301258e-01 2.183051624549917358e-01 2.555217713866183016e-01 6.147956082604676131e-02 5.846749340511126630e-02 5.968386243276597308e-02
1.562067028104116950e+01 1.789201367341012594e-01 1.423215726134544612e-01 1.788708014880345809e-01 5.305226496753377013e-02 5.062965100391705192e-02 5.221405996100346447e-02
1.567746530928203086e+01 1.145544588550785753e-01 8.925743438949587660e-02 1.162015845376705575e-01 4.528352718113520803e-02 4.373939735978769200e-02 4.510442827281348904e-02
1.573426033752289399e+01 7.153789607502719639e-02 5.664826986821210053e-02 7.276852326933798409e-02 3.879387640153827976e-02 3.815638232869278390e-02 3.900472971622286067e-02
1.579105536576375535e+01 4.594815439402279156e-02 3.811432278507370652e-02 4.625419975221623653e-02 3.373293281597002785e-02 3.385786490954902778e-02 3.414549564418238592e-02
1.584785039400461670e+01 3.166796266417512551e-02 2.777975873554571276e-02 3.130414391215600306e-02 2.994260589962092003e-02 3.062797046041677504e-02 3.045019291202141418e-02
1.590464542224547984e+01 2.370696086945377548e-02 2.178857422668299335e-02 2.303746576419142544e-02 2.714453787211095273e-02 2.820681191263936863e-02 2.769703240649307521e-02
1.596144045048634119e+01 1.901380079961248123e-02 1.804589275541126914e-02 1.827210756044578624e-02 2.506551857367165029e-02 2.636788748978105210e-02 2.564294575550766370e-02
1.601823547872720255e+01 1.600703054138465434e-02 1.551724805540187144e-02 1.529699534989819969e-02 2.348952244278354820e-02 2.494045287689101997e-02 2.408464636763277267e-02
1.607503050696806213e+01 1.392489538466890747e-02 1.369788040177330989e-02 1.327925852839783975e-02 2.226312288453558691e-02 2.380460126440481217e-02 2.287294107651828556e-02
1.613182553520892526e+01 1.239616546865329912e-02 1.232767866445861303e-02 1.181870203879242798e-02 2.128256443846925777e-02 2.287844864917100429e-02 2.190510709916377793e-02
1.618862056344978839e+01 1.122626869093267150e-02 1.126074341950396990e-02 1.071144152097023086e-02 2.047855642255728970e-02 2.210618726608994805e-02 2.111200680635809054e-02
1.624541559169065152e+01 1.030344011143413153e-02 1.040839837910183252e-02 9.843674152679133399e-03 1.980440757453763925e-02 2.144931233321161271e-02 2.044698860239625021e-02
1.630221061993151466e+01 9.558223482090190057e-03 9.713285591649033907e-03 9.146209993150893752e-03 1.922803663198780627e-02 2.088075849677969650e-02 1.987806544401209824e-02
1.635900564817237424e+01 8.944860787282528022e-03 9.136553571745500285e-03 8.574161573383433030e-03 1.872688938891555605e-02 2.038111004245322239e-02 1.938282953318912552e-02
1.641580067641323382e+01 8.431887287866188241e-03 8.650943368149649135e-03 8.097002609673671636e-03 1.828474434422073733e-02 1.993615919673102227e-02 1.894522858545048469e-02
1.647259570465409695e+01 7.996944033848169681e-03 8.236784642996580058e-03 7.693223691176613241e-03 1.788968540569348467e-02 1.953531481069332998e-02 1.855351648659567254e-02
1.652939073289496008e+01 7.623717528206746044e-03 7.879549444399483807e-03 7.347237229362888443e-03 1.753279011889811306e-02 1.917054683600846743e-02 1.819892962482842422e-02
1.658618576113582321e+01 7.300040967719571838e-03 7.568294360368162110e-03 7.047483000516753526e-03 1.720726177279954458e-02 1.883567248175426617e-02 1.787481397798886679e-02
1.664298078937668279e+01 7.016669075240963317e-03 7.294634666719596559e-03 6.785218468491321236e-03 1.690784234303694192e-02 1.852586409536309195e-02 1.757603687581979837e-02
1.669977581761754593e+01 6.766462008312289222e-03 7.052049685628376460e-03 6.553719788509590471e-03 1.663040706002879773e-02 1.823730367972619185e-02 1.729858229356291341e-02
1.675657084585840551e+01 6.543827074039703512e-03 6.835401083796838022e-03 6.347739052669285412e-03 1.637167901060532227e-02 1.796693622524856912e-02 1.703926700371674943e-02
1.681336587409926864e+01 6.344327991958435831e-03 6.640591855728470230e-03 6.163126696667973851e-03 1.612902470460284357e-02 1.771229083165800841e-02 1.679553795068351729e-02
1.687016090234013177e+01 6.164405935634111391e-03 6.464320472135687279e-03 5.996563324761700932e-03 1.590030529507656387e-02 1.747134911908077709e-02 1.656532525791801908e-02
1.692695593058099490e+01 6.001176859501525067e-03 6.303900746953433436e-03 5.845365759700901082e-03 1.568376672294300236e-02 1.724244714312288956e-02 1.634693401341159522e-02
1.698375095882185448e+01 5.852281937179060894e-03 6.157127928129227205e-03 5.707344497626183795e-03 1.547795752193063985e-02 1.702420139043349726e-02 1.613896352427325945e-02
1.704054598706271406e+01 5.715775638533433789e-03 6.022177838619590523e-03 5.580697422578423557e-03 1.528166656825167072e-02 1.681545231315902111e-02 1.594024631942606365e-02
1.709734101530357719e+01 5.590040907537160986e-03 5.897530001071247911e-03 5.463929520110800096e-03 1.509387540578681700e-02 1.661522079587469253e-02 1.574980154420858175e-02
1.715413604354444033e+01 5.473724135264394428e-03 5.781908402477437328e-03 5.355791510173189655e-03 1.491372135547313314e-02 1.642267426786199816e-02 1.556679897585172036e-02
1.721093107178530346e+01 5.365684781462481436e-03 5.674235393288755425e-03 5.255232432880963152e-03 1.474046869543222012e-02 1.623710008583317821e-02 1.539053096832264378e-02
1.726772610002616304e+01 5.264955966041632088e-03 5.573595477014994110e-03 5.161362650877406727e-03 1.457348594540226229e-02 1.605788445138723458e-02 1.522039038105555200e-02
1.732452112826702617e+01 5.170713365922515771e-03 5.479206625250799406e-03 5.073424715770068205e-03 1.441222781380207922e-02 1.588449558091224734e-02 1.505585306872113047e-02
1.738131615650788575e+01 5.082250463578054378e-03 5.390397373836328110e-03 4.990770233088696189e-03 1.425622073902953028e-02 1.571647017105686980e-02 1.489646387999138399e-02
1.743811118474874888e+01 4.998958698673749458e-03 5.306588399914251124e-03 4.912841346553702658e-03 1.410505122523147102e-02 1.555340243896463116e-02 1.474182537946480513e-02
1.749490621298961202e+01 4.920311437500393681e-03 5.227277601015256452e-03 4.839155811126998399e-03 1.395835636822501287e-02 1.539493518947739233e-02 1.459158870015217838e-02
1.755170124123047515e+01 4.845850939201314447e-03 5.152027932425425061e-03 4.769294877237640479e-03 1.381581611089781857e-02 1.524075248952666203e-02 1.444544607564390154e-02
1.760849626947133473e+01 4.775177692138599279e-03 5.080457432855923008e-03 4.702893394028894239e-03 1.367714687400950306e-02 1.509057362550357030e-02 1.430312470602718329e-02
1.766529129771219431e+01 4.707941638056064790e-03 5.012230998073915512e-03 4.639631676830268010e-03 1.354209628812306880e-02 1.494414809135625674e-02 1.416438169004687400e-02
1.772208632595305744e+01 4.643834909850995223e-03 4.947053559726814244e-03 4.579228786753064030e-03 1.341043881265735135e-02 1.480125140977878520e-02 1.402899981511175620e-02
1.777888135419392057e+01 4.582585790523520906e-03 4.884664400643555157e-03 4.521436947762373128e-03 1.328197207391344087e-02 1.466168163061943620e-02 1.389678404165695623e-02
1.783567638243478370e+01 4.523953663176968031e-03 4.824832394534074934e-03 4.466036885480956405e-03 1.315651378909823803e-02 1.452525638280395374e-02 1.376755855275327810e-02
1.789247141067564684e+01 4.467724769785730125e-03 4.767352001647429463e-03 4.412833917121358578e-03 1.303389917052884608e-02 1.439181038101398392e-02 1.364116426636580691e-02
1.794926643891650642e+01 4.413708633449789712e-03 4.712039885805778018e-03 4.361654656790578920e-03 1.291397872531898326e-02 1.426119330782818148e-02 1.351745672824451738e-02
1.800606146715736600e+01 4.361735027668863125e-03 4.658732044672216077e-03 4.312344227499557460e-03 1.279661638237265114e-02 1.413326800732134236e-02 1.339630431951222000e-02
1.806285649539822913e+01 4.311651398749469753e-03 4.607281365888334784e-03 4.264763892403124028e-03 1.268168789151909344e-02 1.400790893819110587e-02 1.327758672565805716e-02
1.811965152363909226e+01 4.263320665262657592e-03 4.557555538140294071e-03 4.218789034479635859e-03 1.256907944992220923e-02 1.388500084407165956e-02 1.316119362364305025e-02
1.817644655187995539e+01 4.216619332589201415e-03 4.509435259268728888e-03 4.174307427071178266e-03 1.245868651909910578e-02 1.376443760635145605e-02 1.304702355177445906e-02
1.823324158012081497e+01 4.171435871847771308e-03 4.462812693970209452e-03 4.131217748224043015e-03 1.235041280244448224e-02 1.364612125095688439e-02 1.293498293336130776e-02
1.829003660836167811e+01 4.127669321525621708e-03 4.417590142018945100e-03 4.089428300190629285e-03 1.224416935843767457e-02 1.352996108551941801e-02 1.282498523026989572e-02
1.834683163660253769e+01 4.085228077401636092e-03 4.373678884701076922e-03 4.048855902228023704e-03 1.213987382897539768e-02 1.341587294735845093e-02 1.271695020662113630e-02
1.840362666484340082e+01 4.044028842235090557e-03 4.330998182639226625e-03 4.009424930305544553e-03 1.203744976573752241e-02 1.330377854597932993e-02 1.261080328621526185e-02
1.846042169308426395e+01 4.003995711478306602e-03 4.289474402652034696e-03 3.971066481781470280e-03 1.193682604031907381e-02 1.319360488645621339e-02 1.250647498999407116e-02
1.851721672132512708e+01 3.965059375177880027e-03 4.249040254947661875e-03 3.933717646737005733e-03 1.183793632617423028e-02 1.308528376226003251e-02 1.240390044208012146e-02
1.857401174956598666e+01 3.927156419433253109e-03 4.209634124951461796e-03 3.897320870627822564e-03 1.174071864232183356e-02 1.297875130789784281e-02 1.230301893476310436e-02
1.863080677780684624e+01 3.890228713418980924e-03 4.171199486542150753e-03 3.861823395357726930e-03 1.164511495033143662e-02 1.287394760322182509e-02 1.220377354431481480e-02
1.868760180604770937e+01 3.854222870156766116e-03 4.133684385518870616e-03 3.827176767897096880e-03 1.155107079741086486e-02 1.277081632250581973e-02 1.210611079076357247e-02
1.874439683428857251e+01 3.819089771031902725e-03 4.097040983822143254e-03 3.793336407241230772e-03 1.145853499949766111e-02 1.266930442241898623e-02 1.200998033579859896e-02
1.880119186252943564e+01 3.784784145553742474e-03 4.061225156449568482e-03 3.760261221894786818e-03 1.136745935916034546e-02 1.256936186388885567e-02 1.191533471384125659e-02
1.885798689077029877e+01 3.751264199117080710e-03 4.026196134192294544e-03 3.727913271229097141e-03 1.127779841387091704e-02 1.247094136356934752e-02 1.182212909204425136e-02
1.891478191901115835e+01 3.718491282575076169e-03 3.991916186313160947e-03 3.696257465031198546e-03 1.118950921084527900e-02 1.237399817123741030e-02 1.173032105558863454e-02
1.897157694725201793e+01 3.686429598319755901e-03 3.958350338123924061e-03 3.665261296379783082e-03 1.110255110518291490e-02 1.227848986995537170e-02 1.163987041516092481e-02
1.902837197549288106e+01 3.655045938313233531e-03 3.925466119125818436e-03 3.634894603671056344e-03 1.101688557849001340e-02 1.218437619627081234e-02 1.155073903392460181e-02
1.908516700373374420e+01 3.624309450144130775e-03 3.893233337975349380e-03 3.605129358198766974e-03 1.093247607555243583e-02 1.209161887809335166e-02 1.146289067166754265e-02
1.914196203197460733e+01 3.594191427719260236e-03 3.861623881045008009e-03 3.575939474185264606e-03 1.084928785695157480e-02 1.200018148820269914e-02 1.137629084411737913e-02
1.919875706021546691e+01 3.564665123656374050e-03 3.830611531780472347e-03 3.547300638579012344e-03 1.076728786579319100e-02 1.191002931160898073e-02 1.129090669568283585e-02
1.925555208845633004e+01 3.535705580831759089e-03 3.800171808424737500e-03 3.519190158290672835e-03 1.068644460695701570e-02 1.182112922521592717e-02 1.120670688410465264e-02
1.931234711669718962e+01 3.507289480868740032e-03 3.770281817994892200e-03 3.491586822844577713e-03 1.060672803747744579e-02 1.173344958843385542e-02 1.112366147569458959e-02
1.936914214493805275e+01 3.479395007637504488e-03 3.740920124667651211e-03 3.464470780683288724e-03 1.052810946684121056e-02 1.164696014355753179e-02 1.104174185000661966e-02
1.942593717317891588e+01 3.452001724081050008e-03 3.712066630962708707e-03 3.437823427587066456e-03 1.045056146613758050e-02 1.156163192487104190e-02 1.096092061292837025e-02
1.948273220141977902e+01 3.425090460892407131e-03 3.683702470312721564e-03 3.411627305862641180e-03 1.037405778512597715e-02 1.147743717556569745e-02 1.088117151730404186e-02
1.953952722966063860e+01 3.398643215750074727e-03 3.655809909782309266e-03 3.385866013122234165e-03 1.029857327639938439e-02 1.139434927166751814e-02 1.080246939030718792e-02
1.959632225790149818e+01 3.372643061975287137e-03 3.628372261847791647e-03 3.360524119617042983e-03 1.022408382591777354e-02 1.131234265226393164e-02 1.072479006687393661e-02
1.965311728614236131e+01 3.347074065611137846e-03 3.601373804279450058e-03 3.335587093214305299e-03 1.015056628927114846e-02 1.123139275540251461e-02 1.064811032858827174e-02
1.970991231438322444e+01 3.321921210041602415e-03 3.574799707280743553e-03 3.311041231214732934e-03 1.007799843310520395e-02 1.115147595910534126e-02 1.057240784748028455e-02
1.976670734262408757e+01 3.297170327371338680e-03 3.548635967137316917e-03 3.286873598301341248e-03 1.000635888120620862e-02 1.107256952700577494e-02 1.049766113425980654e-02
1.982350237086494715e+01 3.272808035876902024e-03 3.522869345714254186e-03 3.263071969992365276e-03 9.935627064799015806e-03 1.099465155816825405e-02 1.042384949056108547e-02
1.988029739910581029e+01 3.248821682918279045e-03 3.497487315214813531e-03 3.239624781042615108e-03 9.865783176659665560e-03 1.091770094070056672e-02 1.035095296482048573e-02
1.993709242734666987e+01 3.225199292768150209e-03 3.472478007679822253e-03 3.216521078300035256e-03 9.796808128688827555e-03 1.084169730880948576e-02 1.027895231145094061e-02
1.999388745558753300e+01 3.201929518876494348e-03 3.447830168763839527e-03 3.193750477579130730e-03 9.728683512628656660e-03 1.076662100298773905e-02 1.020782895301210538e-02
2.005068248382839613e+01 3.179001600140795008e-03 3.423533115375463395e-03 3.171303124160908433e-03 9.661391563640183214e-03 1.069245303305331983e-02 1.013756494510695792e-02
2.010747751206925926e+01 3.156405320798637802e-03 3.399576696812929046e-03 3.149169656571445489e-03 9.594915126487295332e-03 1.061917504379050400e-02 1.006814294376451487e-02
2.016427254031011884e+01 3.134130973600354145e-03 3.375951259065921792e-03 3.127341173328270635e-03 9.529237624099368836e-03 1.054676928296768845e-02 9.999546175091215613e-03
2.022106756855097842e+01 3.112169325955427713e-03 3.352647611988777195e-03 3.105809202376770464e-03 9.464343028307712138e-03 1.047521857152945886e-02 9.931758406997469313e-03
2.027786259679184155e+01 3.090511588778384333e-03 3.329656999081108491e-03 3.084565672967727167e-03 9.400215832571633123e-03 1.040450627578102041e-02 9.864763922823581790e-03
2.033465762503270469e+01 3.069149387788140757e-03 3.306971069638793993e-03 3.063602889753040247e-03 9.336841026527714291e-03 1.033461628139969481e-02 9.798547496707415982e-03
2.039145265327356782e+01 3.048074737039673660e-03 3.284581853062557618e-03 3.042913508899055663e-03 9.274204072212365729e-03 1.026553296912557228e-02 9.733094370551103117e-03
2.044824768151443095e+01 3.027280014489324052e-03 3.262481735132520197e-03 3.022490516037662760e-03 9.212290881821539115e-03 1.019724119199609536e-02 9.668390232457973674e-03
2.050504270975529053e+01 3.006757939414800816e-03 3.240663436076237150e-03 3.002327205892772830e-03 9.151087796885384526e-03 1.012972625400288158e-02 9.604421196522664600e-03
2.056183773799615011e+01 2.986501551528338971e-03 3.219119990274605259e-03 2.982417163436278194e-03 9.090581568745781729e-03 1.006297389006044311e-02 9.541173783868709540e-03
2.061863276623701324e+01 2.966504191637521839e-03 3.197844727465205296e-03 2.962754246441380059e-03 9.030759340235863103e-03 9.996970247185470865e-03 9.478634904837480654e-03
2.067542779447787638e+01 2.946759483721969781e-03 3.176831255315964737e-03 2.943332569314332115e-03 8.971608628469709273e-03 9.931701866795939956e-03 9.416791842240717150e-03
2.073222282271873951e+01 2.927261318306885636e-03 3.156073443254270652e-03 2.924146488096674053e-03 8.913117308658007054e-03 9.867155668046193734e-03 9.355632235597165919e-03
2.078901785095959909e+01 2.908003837025436526e-03 3.135565407447380836e-03 2.905190586540422771e-03 8.855273598873966354e-03 9.803318932122160809e-03 9.295144066281067416e-03
2.084581287920046222e+01 2.888981418272239862e-03 3.115301496839582938e-03 2.886459663167754725e-03 8.798066045699357712e-03 9.740179287427163518e-03 9.235315643515401574e-03
2.090260790744132180e+01 2.870188663859068057e-03 3.095276280160386313e-03 2.867948719234751555e-03 8.741483510687342653e-03 9.677724695594937948e-03 9.176135591150118634e-03
2.095940293568218493e+01 2.851620386592024908e-03 3.075484533825752556e-03 2.849652947526450358e-03 8.685515157583674831e-03 9.615943438271420951e-03 9.117592835169548854e-03
2.101619796392304806e+01 2.833271598696821339e-03 3.055921230661395004e-03 2.831567721916584349e-03 8.630150440253274435e-03 9.554824104612325703e-03 9.059676591878151539e-03
2.107299299216390764e+01 2.815137501025260450e-03 3.036581529383509687e-03 2.813688587631868031e-03 8.575379091262833389e-03 9.494355579447387103e-03 9.002376356718196082e-03
2.112978802040477078e+01 2.797213472981879574e-03 3.017460764778019579e-03 2.796011252165539040e-03 8.521191111075035463e-03 9.434527032066333807e-03 8.945681893676456220e-03
2.118658304864563391e+01 2.779495063115359609e-03 2.998554438524582162e-03 2.778531576790060475e-03 8.467576757812882854e-03 9.375327905585413221e-03 8.889583225240660705e-03
2.124337807688649349e+01 2.761977980323634431e-03 2.979858210616179170e-03 2.761245568623145810e-03 8.414526537556352159e-03 9.316747906856107792e-03 8.834070622869522743e-03
2.130017310512735662e+01 2.744658085626455225e-03 2.961367891329411660e-03 2.744149373205039769e-03 8.362031195136310560e-03 9.258776996881389748e-03 8.779134597942861093e-03
2.135696813336821975e+01 2.727531384462890830e-03 2.943079433704350132e-03 2.727239267548914239e-03 8.310081705393518314e-03 9.201405381706639561e-03 8.724765893161316385e-03
2.141376316160907933e+01 2.710594019474757074e-03 2.924988926496344815e-03 2.710511653629108387e-03 8.258669264873138779e-03 9.144623503755755153e-03 8.670955474366914828e-03
2.147055818984994247e+01 2.693842263740455802e-03 2.907092587565185317e-03 2.693963052275113665e-03 8.207785283927163458e-03 9.088422033584567933e-03 8.617694522758510486e-03
2.152735321809080560e+01 2.677272514426393916e-03 2.889386757670018169e-03 2.677590097441801681e-03 8.157421379199303671e-03 9.032791862026120708e-03 8.564974427477792251e-03
2.158414824633166518e+01 2.660881286825951802e-03 2.871867894640855057e-03 2.661389530828740021e-03 8.107569366469065397e-03 8.977724092703923825e-03 8.512786778543135827e-03
2.164094327457252831e+01 2.644665208758478856e-03 2.854532567899973478e-03 2.645358196823769954e-03 8.058221253833052627e-03 8.923210034891446499e-03 8.461123360110796299e-03
2.169773830281338789e+01 2.628621015302817429e-03 2.837377453308563731e-03 2.629493037747908640e-03 8.009369235203367757e-03 8.869241196697233084e-03 8.409976144043821572e-03
2.175453333105425102e+01 2.612745543842013608e-03 2.820399328316053941e-03 2.613791089380526709e-03 7.961005684104398294e-03 8.815809278556780912e-03 8.359337283770834626e-03
2.181132835929511415e+01 2.597035729397737663e-03 2.803595067391145054e-03 2.598249476745415239e-03 7.913123147750550715e-03 8.762906167013737035e-03 8.309199108418071147e-03
2.186812338753597373e+01 2.581488600234499529e-03 2.786961637715375424e-03 2.582865410139793816e-03 7.865714341388727396e-03 8.710523928773548918e-03 8.259554117198893500e-03
2.192491841577683687e+01 2.566101273715368399e-03 2.770496095121462252e-03 2.567636181389853535e-03 7.818772142890510063e-03 8.658654805014818698e-03 8.210394974046630878e-03
2.198171344401770000e+01 2.550870952392286350e-03 2.754195580259969928e-03 2.552559160317491738e-03 7.772289587580039245e-03 8.607291205943810170e-03 8.161714502476985836e-03
