# Er3+ 10 200
5.000000000000000000e+00 3.216732208266316562e+00 7.726579204091952313e-01 4.003106185800946182e-02 2.166566454966038432e-02
5.085335243437274499e+00 3.194887719147863070e+00 7.660275560440047427e-01 3.925287088803605662e-02 2.124282042462338760e-02
5.170670486874549887e+00 3.028595840373675685e+00 7.472656371728879643e-01 3.910419223074453055e-02 2.087891401340693717e-02
5.256005730311824387e+00 2.998016033346588394e+00 6.444139983908384606e-01 3.874649054519140046e-02 2.046393083591284412e-02
5.341340973749099774e+00 2.786291184529629650e+00 6.075777195655265306e-01 3.745146490258233207e-02 1.988952061153017453e-02
5.426676217186374274e+00 2.349584707675811401e+00 5.530222743244268546e-01 3.495004887818400907e-02 1.911475356542210319e-02
5.512011460623648773e+00 1.873319713998505609e+00 5.166476571860393330e-01 3.146799429000279869e-02 1.818961963803671783e-02
5.597346704060924161e+00 1.430983253948750811e+00 4.511582509859484169e-01 2.761221642283540056e-02 1.723933574188282053e-02
5.682681947498198660e+00 9.891930775916644158e-01 3.796322301826404177e-01 2.424149025278066888e-02 1.642434450821075170e-02
5.768017190935474048e+00 8.452364133453941220e-01 3.622764917733146683e-01 2.230736114772953818e-02 1.588779927054429636e-02
5.853352434372748547e+00 8.102879054940942405e-01 3.428861657593498258e-01 2.241907013224505099e-02 1.570115802177295822e-02
5.938687677810023935e+00 1.013651535564087824e+00 3.506014413293274679e-01 2.428962295799231424e-02 1.582931187091519976e-02
6.024022921247298434e+00 1.346386580186420323e+00 3.761607517425223368e-01 2.694380597449414633e-02 1.613963579586798897e-02
6.109358164684573822e+00 1.645368187467170396e+00 3.836704502722991794e-01 2.935780152310786192e-02 1.645156636416675311e-02
6.194693408121848321e+00 1.837322507542444194e+00 3.956904752451738672e-01 3.076064914398082481e-02 1.659686536832827297e-02
6.280028651559122821e+00 1.794645224867231992e+00 3.674625593457153117e-01 3.072004046632416385e-02 1.646602131503693139e-02
6.365363894996398209e+00 1.544517389871258306e+00 3.466622649482671847e-01 2.917686650789821576e-02 1.603133898487187764e-02
6.450699138433672708e+00 1.264020737034137198e+00 3.304353305858617196e-01 2.641525616125796339e-02 1.534476582889902560e-02
6.536034381870948096e+00 8.833429838420842062e-01 2.787755422694059848e-01 2.295061963208963954e-02 1.451339049845476285e-02
6.621369625308222595e+00 5.990640024659295015e-01 2.484230869149015586e-01 1.936672509037083365e-02 1.366145305833777607e-02
6.706704868745497095e+00 3.662348643976630069e-01 2.101221937464934075e-01 1.615843632987111478e-02 1.289237044357089551e-02
6.792040112182772482e+00 2.322881900476133354e-01 1.603770083485435149e-01 1.362580905214728043e-02 1.226472105534136617e-02
6.877375355620046982e+00 1.594488585434964689e-01 1.714142916712712295e-01 1.183893643432054436e-02 1.179002973851665109e-02
6.962710599057322369e+00 1.133767024310151916e-01 1.548792554801057819e-01 1.067979557150165737e-02 1.144839298576760464e-02
7.048045842494596869e+00 9.192842871960463236e-02 1.183244334714083357e-01 9.948218770611805262e-03 1.120884692079996553e-02
7.133381085931871368e+00 7.701596616961008113e-02 1.134617750740180286e-01 9.467162145358424402e-03 1.104328167256238800e-02
7.218716329369146756e+00 6.417314738968581123e-02 1.163169775161558006e-01 9.124102963017757806e-03 1.093150943849963141e-02
7.304051572806422143e+00 6.863147401419009141e-02 1.039833487621249636e-01 8.859533137650201298e-03 1.086091576382446598e-02
7.389386816243696643e+00 5.011730927026631505e-02 9.253041995072026904e-02 8.643786498921219100e-03 1.082443596445318776e-02
7.474722059680971142e+00 4.512911919616926365e-02 1.062809839791655914e-01 8.461402691733413417e-03 1.081874134399976942e-02
7.560057303118245642e+00 3.316877545384543102e-02 1.239126688479800786e-01 8.303480186793695331e-03 1.084309993386124368e-02
7.645392546555521029e+00 4.769850848502078799e-02 1.074221819297585118e-01 8.164358769527833848e-03 1.089882685252845096e-02
7.730727789992796417e+00 3.959086307849491587e-02 1.160643240745992955e-01 8.040166155269871245e-03 1.098916826973558858e-02
7.816063033430070917e+00 3.587587347521777742e-02 1.219377174642214956e-01 7.928119148214984521e-03 1.111954352266334052e-02
7.901398276867345416e+00 2.188867426491579449e-02 1.289384215288757463e-01 7.826146830345879699e-03 1.129818050235394458e-02
7.986733520304620804e+00 4.139716281906748174e-02 1.488227579214774221e-01 7.732667603355499603e-03 1.153731326772462241e-02
8.072068763741896191e+00 2.287433074392936083e-02 1.594040732146959349e-01 7.646448473866488717e-03 1.185529319106730373e-02
8.157404007179170691e+00 2.564392549307811797e-02 1.711376014876372365e-01 7.566512183303708214e-03 1.228015244004306873e-02
8.242739250616445190e+00 2.732999993689431278e-02 1.972317943058533307e-01 7.492073899170916679e-03 1.285497238134749969e-02
8.328074494053719690e+00 4.450548671297775011e-02 2.406931522750090924e-01 7.422497040138744881e-03 1.364368514576286100e-02
8.413409737490994189e+00 2.547458612389686891e-02 3.008214565796001327e-01 7.357262008356565269e-03 1.473114071935147443e-02
8.498744980928270465e+00 1.769137664736675913e-02 3.839110939647424892e-01 7.295944021677938478e-03 1.620538772968535546e-02
8.584080224365544964e+00 2.343642717081276250e-02 4.966817012161808820e-01 7.238197743511426939e-03 1.811359743796256416e-02
8.669415467802819464e+00 2.122991875539131240e-02 6.743898486203562248e-01 7.183747459756625875e-03 2.040441849080296133e-02
8.754750711240093963e+00 3.639901254444396356e-02 8.804327815267802837e-01 7.132382459198362973e-03 2.289171490166019146e-02
8.840085954677370239e+00 3.329741181951396262e-02 1.141594885829011252e+00 7.083958361324372774e-03 2.526986822357007306e-02
8.925421198114644739e+00 2.970915908233687577e-02 1.295193475613555467e+00 7.038407017673957780e-03 2.718278243521357954e-02
9.010756441551919238e+00 1.099917667609294838e-02 1.476215928038903780e+00 6.995762020567021164e-03 2.832158466207303216e-02
9.096091684989193737e+00 1.956099323916810073e-02 1.490177861729268249e+00 6.956219510600022797e-03 2.851383682067794648e-02
9.181426928426468237e+00 4.772226038331908032e-03 1.413104738737580579e+00 6.920292766612914405e-03 2.777358436225859512e-02
9.266762171863742736e+00 2.178924633904457883e-02 1.271955914828383216e+00 6.889225441308778272e-03 2.630201911190234790e-02
9.352097415301019012e+00 1.938709332726236759e-02 1.060844702390870031e+00 6.866035769290889171e-03 2.444922028541875181e-02
9.437432658738293512e+00 1.305815670181003849e-02 8.869273190140445351e-01 6.857678653626537307e-03 2.265412331948084973e-02
9.522767902175568011e+00 2.293750103430164042e-02 7.396678108661743911e-01 6.877976249384187835e-03 2.136517002860586004e-02
9.608103145612844287e+00 2.870243757566721260e-02 7.049167265150370065e-01 6.948042780022683357e-03 2.092131950104974408e-02
9.693438389050118786e+00 1.131151906558988673e-02 7.721066622878103303e-01 7.087960940778781187e-03 2.140863015718537724e-02
9.778773632487393286e+00 3.439853377835381393e-02 8.770494775972279555e-01 7.298693668831728910e-03 2.260970588643067269e-02
9.864108875924667785e+00 3.629163346463887274e-02 1.023939441283130192e+00 7.547709347094871610e-03 2.411267103821579036e-02
9.949444119361942285e+00 4.079273837337354935e-02 1.124123391997725818e+00 7.774261443383836782e-03 2.547232442671247196e-02
1.003477936279921678e+01 4.859120152434126538e-02 1.254278555044005428e+00 7.913032695005940351e-03 2.633230878575857845e-02
1.012011460623649128e+01 3.323757095338202017e-02 1.284685524985874627e+00 7.924138304779445446e-03 2.651268975608988762e-02
1.020544984967376756e+01 3.320909820811497604e-02 1.219530242745341830e+00 7.820675781507054405e-03 2.607316906758200270e-02
1.029078509311104206e+01 4.204967561386514785e-02 1.150841253992204827e+00 7.685412253742984062e-03 2.532673650324992684e-02
1.037612033654831833e+01 2.432717952517374910e-02 1.083786871596168044e+00 7.655083526712947589e-03 2.474613277075478693e-02
1.046145557998559283e+01 4.756667842279348885e-02 1.029314610606135050e+00 7.838402925323711273e-03 2.471574678800609118e-02
1.054679082342286733e+01 4.585956673348387524e-02 1.106726329629574845e+00 8.206705075345092915e-03 2.524103513199231485e-02
1.063212606686014183e+01 6.031222191248654385e-02 1.162232473364288143e+00 8.594181762536946129e-03 2.590797829161845672e-02
1.071746131029741633e+01 6.677974052307436570e-02 1.253720184061858589e+00 8.807796292665362112e-03 2.615595205910106399e-02
1.080279655373469083e+01 5.569176804881249138e-02 1.133345260002541321e+00 8.729610951784157191e-03 2.559054197910045486e-02
1.088813179717196533e+01 3.771159192376721814e-02 1.022621234230238541e+00 8.363727672227181525e-03 2.413696437935907574e-02
1.097346704060924161e+01 3.515140176268966021e-02 8.120995547444185281e-01 7.823571985570199755e-03 2.202000206965585780e-02
1.105880228404651611e+01 2.767599090272253315e-02 5.971747923594390439e-01 7.269915476209058355e-03 1.962767315267455182e-02
1.114413752748379061e+01 1.461117494125422148e-02 4.822874945559493809e-01 6.830582870371571663e-03 1.733976163959706496e-02
1.122947277092106688e+01 1.450871600500327346e-02 3.179298901075284789e-01 6.547487218027761915e-03 1.540166202546938180e-02
1.131480801435834138e+01 8.505039443943571836e-03 2.306058368148204418e-01 6.388036071315656220e-03 1.388968679774938916e-02
1.140014325779561588e+01 1.477621958876283205e-02 2.046207502125628741e-01 6.299419171981855518e-03 1.275828687917732358e-02
1.148547850123289038e+01 1.581572678013254060e-02 1.275618059789769276e-01 6.244770076764750120e-03 1.191541838769467898e-02
1.157081374467016488e+01 6.714322479421894543e-03 1.406157266031321518e-01 6.206037789297895457e-03 1.127503004199417042e-02
1.165614898810743938e+01 1.377571147056274627e-02 9.428479996125409268e-02 6.175659822133376144e-03 1.077469273038119194e-02
1.174148423154471388e+01 8.750727530074336666e-03 1.001603935589985006e-01 6.150494230038126842e-03 1.037352068193641424e-02
1.182681947498199015e+01 7.151346745680807297e-03 8.752155678506515213e-02 6.129155443846550505e-03 1.004539324022264181e-02
1.191215471841926465e+01 1.657354881301591545e-02 8.345233177075063458e-02 6.111059976280463005e-03 9.773525774975411889e-03
1.199748996185654093e+01 1.941410426309790604e-03 7.901006242412107750e-02 6.096129018277994180e-03 9.547186024299207652e-03
1.208282520529381543e+01 1.716836293184106216e-02 6.911018704060413465e-02 6.084788668596456673e-03 9.360002882572639182e-03
1.216816044873108993e+01 7.198438996240885505e-03 5.054507108361462608e-02 6.078292581397667753e-03 9.209414708561465546e-03
1.225349569216836443e+01 4.924391873296478719e-03 6.521277999812892523e-02 6.079823933576045288e-03 9.097115766809341086e-03
1.233883093560563893e+01 4.284874546548146299e-03 4.985849217388358540e-02 6.097565359919196112e-03 9.030376576275605041e-03
1.242416617904291343e+01 1.683253612522714326e-02 5.240397855866332083e-02 6.150774025580984725e-03 9.023189521265816138e-03
1.250950142248018793e+01 1.206236013147221446e-02 6.301991532969147825e-02 6.274127534418590980e-03 9.093900220472721924e-03
1.259483666591746420e+01 1.675560262846017764e-02 7.321262851706523966e-02 6.504286549375496232e-03 9.254777381906154760e-03
1.268017190935473870e+01 1.327891283678614594e-02 7.873228841010673773e-02 6.843571215321595305e-03 9.494744091916564044e-03
1.276550715279201320e+01 1.949121410312964348e-02 8.616352432000651262e-02 7.236831564412088240e-03 9.767422146355049170e-03
1.285084239622928948e+01 2.133121120716581498e-02 1.042790884727612666e-01 7.587271241082962220e-03 9.996992357057117931e-03
1.293617763966656398e+01 3.656758432395521702e-02 9.300132164993835104e-02 7.788205332410950629e-03 1.010145427842482069e-02
1.302151288310383848e+01 3.166384959663751109e-02 9.210622075483068660e-02 7.758960668178510427e-03 1.002415232695965872e-02
1.310684812654111298e+01 1.581057333266256207e-02 8.036606923647558742e-02 7.488889600692365950e-03 9.761331801629450147e-03
1.319218336997838747e+01 2.351551942792485389e-02 7.339751065478813952e-02 7.061825541439673351e-03 9.369002066324658845e-03
1.327751861341566197e+01 7.810228937266423116e-03 6.004815690730740813e-02 6.621961118345980578e-03 8.938167685329319670e-03
1.336285385685293825e+01 8.569295035123967313e-03 5.928413870653776591e-02 6.289809626235228976e-03 8.550542455290625898e-03
1.344818910029021275e+01 4.103189819834259650e-03 5.362919618116541998e-02 6.096737190815860151e-03 8.246262508592935858e-03
1.353352434372748725e+01 9.109421011174885160e-03 3.367575483303201361e-02 6.002886273384624646e-03 8.024346117125286809e-03
1.361885958716476175e+01 4.211466059388302083e-03 4.447006141452227584e-02 5.959979203752777469e-03 7.864494486630287801e-03
1.370419483060203802e+01 1.423359338457930168e-02 3.876224980694753519e-02 5.940547430605628426e-03 7.745922909974383742e-03
1.378953007403931252e+01 2.339473705163190587e-02 3.817119194274885829e-02 5.933420313601086085e-03 7.654109502827905268e-03
1.387486531747658702e+01 4.670333385096553207e-03 2.735349130313311991e-02 5.934694426893288854e-03 7.580324862924456980e-03
1.396020056091386152e+01 1.358697280450052447e-02 2.805917177584767858e-02 5.943249649346274942e-03 7.519575944355734801e-03
1.404553580435113602e+01 1.137243453070612732e-02 3.186866986457510820e-02 5.959215964535474405e-03 7.469064551658946907e-03
1.413087104778841230e+01 1.525577439632935274e-02 2.670258346824996160e-02 5.983545805793065789e-03 7.427330464281497145e-03
1.421620629122568680e+01 2.289572321457168311e-02 1.850154268991793111e-02 6.017988059119102999e-03 7.393840892044303489e-03
1.430154153466296130e+01 -2.719054656576552070e-03 3.083708241610755296e-02 6.065291314625443318e-03 7.368850551756272321e-03
1.438687677810023580e+01 1.286973123718919421e-02 2.827792562676494786e-02 6.129665604256082090e-03 7.353463862452632935e-03
1.447221202153751030e+01 7.497366771800618307e-03 2.299859032832293759e-02 6.217696086601564448e-03 7.349919771066150062e-03
1.455754726497478657e+01 1.398905446683064782e-02 2.783200264353220821e-02 6.340271007619060518e-03 7.362219530663815549e-03
1.464288250841206107e+01 1.535977001272707115e-02 2.192609486315029790e-02 6.517348342880254636e-03 7.397361378362539083e-03
1.472821775184933557e+01 1.819446724635233326e-02 2.912130557173723405e-02 6.791668767291550446e-03 7.467546229479873725e-03
1.481355299528661007e+01 3.622541240918294297e-02 3.442632042715723650e-02 7.264095166945447844e-03 7.593074266998860525e-03
1.489888823872388457e+01 3.584460301853514830e-02 2.923204409855610988e-02 8.134447220108011189e-03 7.802393129656284322e-03
1.498422348216116085e+01 7.563061128203657502e-02 2.692604772585733067e-02 9.620056341065767735e-03 8.120385563479132207e-03
1.506955872559843534e+01 1.578076546207599073e-01 3.954062934240698546e-02 1.170424425615762716e-02 8.541012142745493113e-03
1.515489396903570984e+01 2.475717542586261533e-01 4.402638976151355965e-02 1.402652058515424689e-02 9.004864632533252783e-03
1.524022921247298434e+01 3.739035181782813799e-01 5.533884613541598108e-02 1.606364006196391372e-02 9.408725484027994496e-03
1.532556445591026062e+01 4.545646008007900862e-01 7.214755167312478235e-02 1.731649874856197938e-02 9.640271158309336730e-03
1.541089969934753512e+01 4.686719758664091851e-01 7.450348357967909174e-02 1.735256378316079803e-02 9.617227945901765662e-03
1.549623494278480962e+01 3.396982599311432205e-01 7.485458100533322334e-02 1.598957288015506392e-02 9.326635994289681625e-03
1.558157018622208412e+01 2.317226170996474210e-01 6.669525545110760456e-02 1.359823303310971065e-02 8.845971345768173857e-03
1.566690542965935862e+01 1.385897899015926249e-01 4.007328954980515084e-02 1.100468879909321379e-02 8.311552950192948458e-03
1.575224067309663489e+01 6.081909866623300825e-02 3.895984326739822257e-02 8.954261493074430062e-03 7.843967819416089102e-03
1.583757591653390939e+01 3.743558940436816918e-02 2.543174063615013733e-02 7.685299647397099074e-03 7.494313903665058424e-03
1.592291115997118389e+01 1.089692621564713852e-02 3.309682067067930278e-02 6.993352263052860299e-03 7.252165446046728720e-03
1.600824640340845662e+01 2.905977227518120182e-02 1.995684104669415843e-02 6.599974593373452575e-03 7.085327849663466959e-03
1.609358164684573467e+01 1.220040256987417991e-02 2.716381148695787978e-02 6.347567217795823183e-03 6.966049802810769451e-03
1.617891689028300917e+01 6.506041492916457385e-03 1.093777664183206468e-02 6.169504247683640225e-03 6.876503294712831352e-03
1.626425213372028367e+01 1.202229663123518741e-02 1.420442600434641475e-02 6.036379485517505243e-03 6.806151940425305205e-03
1.634958737715755817e+01 5.983639029424414960e-03 3.152270804502661783e-02 5.932936762907129596e-03 6.748729213354894702e-03
1.643492262059483267e+01 -5.880784946912104294e-03 2.306982766896024245e-02 5.850209348579549218e-03 6.700368497264463929e-03
1.652025786403210716e+01 1.404751976313528550e-02 2.134359099866963219e-02 5.782504542877627343e-03 6.658584208022615136e-03
1.660559310746938166e+01 1.356520769768012301e-03 2.641557794066350107e-02 5.726016840947168243e-03 6.621717850534404246e-03
1.669092835090665972e+01 5.908861710166765299e-03 2.333150194152992102e-02 5.678103588390425241e-03 6.588626341471363543e-03
1.677626359434393066e+01 6.389017777786181254e-03 2.736246151159007003e-02 5.636874007308964249e-03 6.558499398260749652e-03
1.686159883778120872e+01 -8.610735919559525317e-04 1.681120104433591472e-02 5.600941887526203478e-03 6.530748403143762579e-03
1.694693408121848321e+01 2.341121468374830067e-04 2.115633030955384186e-02 5.569269924176785402e-03 6.504936439522270367e-03
1.703226932465575771e+01 9.720110382169107680e-03 1.274906034465609662e-02 5.541068157630066673e-03 6.480732915937117283e-03
1.711760456809303221e+01 1.383609759354635649e-02 2.169593919404457991e-02 5.515725721538323849e-03 6.457883353268250790e-03
1.720293981153030671e+01 1.007647550474947626e-02 1.625587319879986947e-02 5.492763815593973767e-03 6.436188793837289979e-03
1.728827505496758121e+01 -2.512338043084538786e-03 1.255285382638423285e-02 5.471802600058443475e-03 6.415491473208991685e-03
1.737361029840485571e+01 5.462258778973024323e-03 2.023086142263700107e-02 5.452537450655679796e-03 6.395664661910240717e-03
1.745894554184213376e+01 1.232833817299163262e-02 -1.190133398247269700e-03 5.434721643639917402e-03 6.376605340916248824e-03
1.754428078527940471e+01 3.884935250497041029e-03 1.768987912427884626e-02 5.418153542380883467e-03 6.358228838781520426e-03
1.762961602871668276e+01 7.128186986987051013e-03 1.584553611350655519e-02 5.402666988656938847e-03 6.340464849674689631e-03
1.771495127215395371e+01 6.799071446563673474e-03 1.157833942017070898e-02 5.388124010056200008e-03 6.323254438509157312e-03
1.780028651559123176e+01 1.379300504542014909e-03 1.825663455269067870e-02 5.374409224217428609e-03 6.306547761649463138e-03
1.788562175902850626e+01 8.588248754409510272e-03 9.810445064346626221e-03 5.361425501712311845e-03 6.290302313112776378e-03
1.797095700246578076e+01 9.685376754632570723e-03 1.632319080941191033e-02 5.349090573176368268e-03 6.274481561316630485e-03
1.805629224590305526e+01 2.132283235334784654e-03 1.674445646780889363e-02 5.337334352253378378e-03 6.259053879314477667e-03
1.814162748934032976e+01 3.859665396572749003e-03 2.418878429893469087e-03 5.326096806436594368e-03 6.243991697867544953e-03
1.822696273277760781e+01 2.304096788349937249e-03 1.016740035380001538e-02 5.315326251046825247e-03 6.229270829345456319e-03
1.831229797621487876e+01 -3.721338553089146781e-03 7.810392122613786514e-03 5.304977972728210263e-03 6.214869923770533627e-03
1.839763321965215681e+01 5.469113066785038710e-03 1.768570198094115281e-02 5.295013111559155466e-03 6.200770027948285593e-03
1.848296846308942776e+01 -2.335670777889722015e-03 7.723775462490527211e-03 5.285397747616088666e-03 6.186954225657640728e-03
1.856830370652670581e+01 2.923926985571491909e-03 2.458159361466908180e-03 5.276102150280756117e-03 6.173407342059971173e-03
1.865363894996398031e+01 1.085139676906748431e-02 1.165034843595090519e-02 5.267100157927816044e-03 6.160115699346090448e-03
1.873897419340125481e+01 1.494908285440627906e-02 1.368224479015493072e-02 5.258368662701966463e-03 6.147066913538985419e-03
1.882430943683852931e+01 1.716486959912316441e-03 1.550518078184432748e-02 5.249887180487725416e-03 6.134249724564553793e-03
1.890964468027580381e+01 2.873005282580159882e-03 1.489802413092243538e-02 5.241637490318929934e-03 6.121653853377186962e-03
1.899497992371308186e+01 8.348518414300488966e-03 1.744572107831364807e-02 5.233603330680810725e-03 6.109269881214117806e-03
1.908031516715035281e+01 2.176710974757325740e-03 5.014643102589326842e-03 5.225770142653842106e-03 6.097089147048789792e-03
1.916565041058763086e+01 -2.609800522023524028e-03 9.583774725034259825e-03 5.218124851804622696e-03 6.085103660089777669e-03
1.925098565402490181e+01 2.085518811591939668e-03 2.221686189538404910e-02 5.210655682270750114e-03 6.073306024780592179e-03
1.933632089746217986e+01 -3.081361281681123214e-03 7.430271636684075698e-03 5.203351997708702270e-03 6.061689376235850080e-03
1.942165614089945436e+01 2.735212469632008515e-03 2.179166979464164378e-02 5.196204164747555282e-03 6.050247324430357496e-03
1.950699138433672886e+01 1.140337358709319834e-02 1.446052289024012116e-02 5.189203435371330005e-03 6.038973905761546926e-03
1.959232662777400336e+01 1.151766072214348464e-04 1.618764616142084195e-02 5.182341845280604223e-03 6.027863540849496757e-03
1.967766187121127786e+01 9.041892867629060769e-04 8.918596691859731820e-03 5.175612125791604137e-03 6.016910997635228214e-03
1.976299711464855235e+01 -1.805247509029872782e-03 -2.008214989815801724e-03 5.169007627243413228e-03 6.006111358997038435e-03
1.984833235808582685e+01 5.074876661025877998e-03 5.963119168675336951e-03 5.162522252220231797e-03 5.995459994234182688e-03
1.993366760152310491e+01 -5.700424047923191399e-03 8.117298030236310205e-03 5.156150397171125818e-03 5.984952533872876443e-03
2.001900284496037585e+01 4.370131149543368329e-03 1.748340055998965845e-02 5.149886901236301953e-03 5.974584847336586110e-03
2.010433808839765391e+01 2.238729727355439833e-03 1.095441768223582614e-02 5.143727001275860342e-03 5.964353023093959399e-03
2.018967333183492840e+01 3.801410347587737965e-03 1.063261321614331761e-03 5.137666292251977761e-03 5.954253350957155327e-03
2.027500857527220290e+01 -7.880191532839602234e-04 1.306005307610565332e-02 5.131700692244187643e-03 5.944282306252285202e-03
2.036034381870947740e+01 1.031604013034683950e-02 1.149290722465376099e-02 5.125826411484911242e-03 5.934436535624892928e-03
2.044567906214675190e+01 -6.973988329434242447e-03 9.293705674354366814e-03 5.120039924892236423e-03 5.924712844277504192e-03
2.053101430558402640e+01 -6.502496669916575309e-04 7.342638554650622595e-03 5.114337947652480842e-03 5.915108184465209251e-03
2.061634954902130090e+01 -9.423893983262761169e-04 4.998926307308331450e-03 5.108717413468567142e-03 5.905619645099406158e-03
2.070168479245857895e+01 6.362678258444756998e-03 6.529655842128518489e-04 5.103175455143948297e-03 5.896244442330352171e-03
2.078702003589584990e+01 3.052400392418066610e-03 -9.131164979907929746e-04 5.097709387217265811e-03 5.886979910996544343e-03
2.087235527933312795e+01 9.200689743463377410e-03 1.962714522760542271e-03 5.092316690401511511e-03 5.877823496843685887e-03
2.095769052277039890e+01 -5.187314644543592271e-04 1.850135526718326914e-02 5.086994997614339292e-03 5.868772749428647142e-03
2.104302576620767695e+01 -3.068137887990931515e-03 7.452095913451126964e-03 5.081742081414264423e-03 5.859825315634505441e-03
2.112836100964495145e+01 -1.009536494197046247e-04 1.899872956116671618e-02 5.076555842681428933e-03 5.850978933732074901e-03
2.121369625308222595e+01 7.680047620380079515e-03 1.602163996635016380e-02 5.071434300402274768e-03 5.842231427931230195e-03
2.129903149651950045e+01 3.158921070511807629e-03 1.539790002429360788e-02 5.066375582435172706e-03 5.833580703372146653e-03
2.138436673995677495e+01 6.377588654420054612e-03 1.258051858577375476e-03 5.061377917149265104e-03 5.825024741512545637e-03
2.146970198339404945e+01 3.076908933497705945e-03 5.466354187932089687e-03 5.056439625842039896e-03 5.816561595872151574e-03
2.155503722683132395e+01 -2.733741991324724167e-03 8.184734357896796333e-03 5.051559115852516553e-03 5.808189388099952409e-03
2.164037247026860200e+01 -2.173314912569267957e-03 1.844729826844320603e-02 5.046734874296830882e-03 5.799906304333840752e-03
2.172570771370587650e+01 7.942666722311753080e-03 1.285775924391941230e-02 5.041965462361637507e-03 5.791710591825476040e-03
2.181104295714315100e+01 -2.190938982315673595e-03 1.232641054481795409e-02 5.037249510098186500e-03 5.783600555806261111e-03
2.189637820058042550e+01 2.490992338558794747e-03 4.576692539728401121e-03 5.032585711666525199e-03 5.775574556572847171e-03
2.198171344401770000e+01 2.957156695623321813e-03 4.515544457114726087e-03 5.027972820984960914e-03 5.767631006772912586e-03
