# Ho3+ 10 200
5.000000000000000000e+00 6.554329998513047650e-02 2.712774735258223213e-01 8.632506467524508550e-03 1.466965485942106281e-02
5.090104183402928584e+00 5.789609757573424553e-02 3.055917771810007233e-01 8.570449490620137348e-03 1.476695227673937433e-02
5.180208366805857167e+00 4.427690926435095403e-02 3.197899381571535637e-01 8.512155340497942757e-03 1.506239753972747619e-02
5.270312550208786639e+00 6.079054680434482771e-02 3.483307764685561470e-01 8.457560702111082199e-03 1.553040257279982884e-02
5.360416733611715223e+00 4.383119093184552340e-02 3.479114031093100134e-01 8.406620427677435198e-03 1.610318358150982301e-02
5.450520917014643807e+00 4.504951464437059738e-02 4.272655248372914660e-01 8.359307704392009847e-03 1.667338690611177426e-02
5.540625100417572391e+00 3.697029863407595013e-02 4.031240087327057076e-01 8.315614462794098868e-03 1.711649164801371664e-02
5.630729283820500974e+00 6.202720521558022226e-02 4.812228211499347541e-01 8.275552044384723582e-03 1.732340940607351304e-02
5.720833467223430446e+00 4.094186993431836452e-02 4.429843022185936952e-01 8.239152154787040411e-03 1.723070455052376493e-02
5.810937650626359030e+00 2.328726087497634545e-02 4.061193833208951443e-01 8.206468137938467688e-03 1.683863479411519537e-02
5.901041834029287614e+00 5.500842794256402546e-02 3.988903829491770026e-01 8.177576618053482294e-03 1.621197117279887454e-02
5.991146017432216198e+00 3.016054243960231834e-02 3.329091648633762945e-01 8.152579570137968162e-03 1.546361077261884480e-02
6.081250200835144781e+00 3.656248172420873549e-02 2.824832724159481723e-01 8.131606897666197875e-03 1.472519222905620435e-02
6.171354384238073365e+00 5.380464871702706625e-02 2.722890930465581283e-01 8.114819619018800306e-03 1.411165867296985607e-02
6.261458567641001949e+00 3.312082698772803036e-02 2.600109834813664755e-01 8.102413794331098443e-03 1.368937477749001923e-02
6.351562751043931421e+00 6.524365064516896018e-02 2.234917061681973294e-01 8.094625364209809271e-03 1.346050430199048457e-02
6.441666934446860004e+00 5.316588287752632008e-02 2.419897880127999945e-01 8.091736125202298596e-03 1.337341834293333948e-02
6.531771117849788588e+00 2.776366690527017067e-02 2.244357758476941411e-01 8.094081139560510216e-03 1.335482441145656798e-02
6.621875301252718060e+00 3.063943314954648695e-02 1.944672264713246113e-01 8.102057977025530974e-03 1.334593249059527753e-02
6.711979484655646644e+00 4.458239845188471245e-02 2.117959389161075123e-01 8.116138326533519146e-03 1.332497342976639472e-02
6.802083668058575228e+00 3.988986807234957965e-02 2.056962149942522800e-01 8.136882714993905891e-03 1.330652037111478350e-02
6.892187851461503811e+00 4.040367710529142037e-02 2.439733394945797218e-01 8.164959358442955284e-03 1.331794366008972295e-02
6.982292034864432395e+00 3.513235421669959335e-02 2.217277707065323789e-01 8.201168595625439595e-03 1.336662517434518069e-02
7.072396218267360979e+00 4.450505140787037323e-02 2.070002660872338196e-01 8.246474993669402134e-03 1.342204958699348347e-02
7.162500401670289563e+00 4.431533964002258574e-02 2.311089774164950261e-01 8.302050202257157258e-03 1.342818012901238027e-02
7.252604585073218146e+00 5.308081676878630140e-02 2.305634051745409641e-01 8.369331197830651853e-03 1.333630686124181314e-02
7.342708768476147618e+00 5.027945812353437627e-02 1.987942092840442876e-01 8.450101123929808916e-03 1.313393855499900460e-02
7.432812951879076202e+00 4.910137578294828525e-02 2.082221534521488671e-01 8.546604302911880655e-03 1.285271277253064587e-02
7.522917135282004786e+00 5.676994919018520797e-02 1.919056012507892317e-01 8.661714808264204743e-03 1.255406192286256419e-02
7.613021318684934258e+00 6.135605918018639804e-02 1.609450797955280232e-01 8.799192889062897038e-03 1.230322955722230709e-02
7.703125502087862841e+00 5.935941334980653072e-02 1.832012704999808062e-01 8.964094659779639485e-03 1.214691947687584518e-02
7.793229685490791425e+00 6.555742425777333349e-02 1.582097083090218959e-01 9.163474175172717923e-03 1.210592373534666658e-02
7.883333868893720009e+00 6.488251871601515008e-02 1.744968040858811409e-01 9.407717007566367140e-03 1.218304758046123183e-02
7.973438052296648593e+00 7.628439067341792612e-02 1.609519884075621687e-01 9.713425312173701309e-03 1.237748686226479260e-02
8.063542235699577176e+00 9.364759580757062163e-02 1.765776591997017808e-01 1.011032502809952605e-02 1.269729637355511941e-02
8.153646419102505760e+00 1.114574633422313332e-01 2.138371212569617763e-01 1.065760749453950607e-02 1.316779370128950966e-02
8.243750602505436120e+00 1.592528372257288050e-01 2.541179285323461046e-01 1.147579449133857496e-02 1.383675948033982230e-02
8.333854785908364704e+00 1.693140962340527467e-01 2.832873698101955884e-01 1.278277566540298761e-02 1.477369273164209906e-02
8.423958969311293288e+00 2.979138074505904843e-01 3.615980400214264256e-01 1.487545146988831710e-02 1.605391225583055470e-02
8.514063152714221872e+00 5.008692242216908896e-01 4.724581569130657521e-01 1.799301604496667678e-02 1.771959877215148471e-02
8.604167336117150455e+00 8.236082228711604225e-01 6.136425589762276589e-01 2.212086441365323716e-02 1.972795211838330315e-02
8.694271519520079039e+00 1.264911868634603920e+00 8.056541068434783792e-01 2.687555327323543075e-02 2.191859871253014000e-02
8.784375702923007623e+00 1.896968796704369797e+00 9.960023881474057150e-01 3.153872215433062981e-02 2.403201445845999304e-02
8.874479886325936207e+00 2.445593869854153724e+00 1.207274493169867347e+00 3.524988214668135778e-02 2.578675516156965150e-02
8.964584069728864790e+00 2.802704403391130139e+00 1.290916418838406132e+00 3.733558690930978419e-02 2.699455563288597273e-02
9.054688253131793374e+00 2.825968680190194426e+00 1.384027390489158238e+00 3.769074862899952916e-02 2.766765012198579496e-02
9.144792436534721958e+00 2.739798085838981656e+00 1.447478097940424480e+00 3.705514997039160985e-02 2.805242496927807389e-02
9.234896619937650541e+00 2.736542534386982695e+00 1.462609171653412199e+00 3.688875231033791890e-02 2.852147338632843310e-02
9.325000803340579125e+00 3.016129603977893758e+00 1.600823982625841913e+00 3.844661640911470335e-02 2.932747878322216825e-02
9.415104986743507709e+00 3.549184847530053588e+00 1.701678271211491511e+00 4.156252573803503880e-02 3.038862764669495939e-02
9.505209170146436293e+00 4.233144237030414203e+00 1.894112722495012724e+00 4.474287206070869105e-02 3.131710917367264146e-02
9.595313353549366653e+00 4.553967867073311027e+00 1.895346117403194475e+00 4.634200704520351211e-02 3.166016798639817442e-02
9.685417536952295237e+00 4.230734860591751634e+00 1.796537678385881742e+00 4.540654958800792451e-02 3.114645655285956660e-02
9.775521720355223820e+00 3.597463708144658323e+00 1.713200399948557218e+00 4.193938633504833147e-02 2.981420206795802261e-02
9.865625903758152404e+00 2.686690308564727125e+00 1.452891744237228222e+00 3.682758878816752568e-02 2.801593194787221908e-02
9.955730087161080988e+00 1.929928774826797699e+00 1.319588056344350946e+00 3.163543401584775761e-02 2.633119219357696328e-02
1.004583427056400957e+01 1.566878317278034949e+00 1.119519973921047074e+00 2.839037127896306897e-02 2.539690940356676904e-02
1.013593845396693993e+01 1.564540711657888883e+00 1.176723349912634164e+00 2.887807021386929601e-02 2.564344446463473134e-02
1.022604263736986852e+01 2.141255357798310222e+00 1.346964031546740381e+00 3.309678934239683457e-02 2.704532957741066779e-02
1.031614682077279710e+01 3.083444705301651378e+00 1.589421308604477945e+00 3.928931095581333910e-02 2.912420595829886757e-02
1.040625100417572568e+01 4.261560316129883397e+00 1.771945513521002269e+00 4.538005346378343186e-02 3.118733598639370289e-02
1.049635518757865427e+01 5.272509140512492642e+00 2.051658440777252679e+00 4.959377965034551805e-02 3.257378902259572273e-02
1.058645937098158285e+01 5.460264124274816666e+00 2.093641532717651188e+00 5.072332105715073036e-02 3.282468301699294211e-02
1.067656355438451143e+01 4.857278162930378507e+00 1.951999966126031660e+00 4.840162263848890589e-02 3.178358286770703589e-02
1.076666773778744002e+01 3.858506707688577730e+00 1.655774761592764488e+00 4.317608548463444662e-02 2.961184594337358186e-02
1.085677192119036860e+01 2.610937789373628526e+00 1.270420769919239357e+00 3.626484141375174719e-02 2.670895218116713793e-02
1.094687610459329719e+01 1.598512951575959296e+00 9.914310572726635629e-01 2.909359241113772254e-02 2.356648243606331364e-02
1.103698028799622577e+01 8.671385602619159361e-01 6.797094846455457029e-01 2.283004563120848152e-02 2.061443962659032653e-02
1.112708447139915435e+01 4.797784310817556075e-01 5.201003787038046555e-01 1.809690528952505664e-02 1.811827467454652299e-02
1.121718865480208294e+01 2.680614886551506704e-01 3.792831818521928966e-01 1.492885067340115821e-02 1.615780288207250073e-02
1.130729283820501152e+01 2.231277791758672913e-01 2.952379214923765982e-01 1.295774227637141833e-02 1.467841508928508648e-02
1.139739702160794010e+01 1.483267240097328188e-01 2.350880117833079042e-01 1.172305535294688311e-02 1.356982245554887861e-02
1.148750120501087046e+01 1.208063927069441962e-01 1.850117670836157469e-01 1.089060171120823789e-02 1.272506392881808321e-02
1.157760538841379905e+01 9.846120194661600600e-02 1.608335417739899798e-01 1.027951557065524997e-02 1.206377197166253433e-02
1.166770957181672763e+01 7.116561510315551342e-02 1.515383586149973427e-01 9.802404493147879108e-03 1.153194745063777608e-02
1.175781375521965622e+01 7.694060015437276245e-02 1.172575023967343533e-01 9.415371622139276364e-03 1.109442592828520022e-02
1.184791793862258480e+01 6.094062432759972392e-02 1.209067707366447697e-01 9.093741039427751666e-03 1.072803811149294212e-02
1.193802212202551338e+01 5.742090782366591345e-02 9.687883698743361693e-02 8.822169547723305444e-03 1.041712597673007459e-02
1.202812630542844374e+01 5.198691732890990680e-02 1.015483884852857732e-01 8.590568218525076322e-03 1.015090830296013977e-02
1.211823048883137233e+01 3.628618567051537791e-02 9.544738624593190890e-02 8.392302662623248727e-03 9.922009150855743559e-03
1.220833467223430091e+01 5.244552484385479885e-02 7.497216248015051154e-02 8.223573118692793088e-03 9.725735589429792410e-03
1.229843885563722949e+01 5.266712958375463494e-02 8.616817902687748387e-02 8.084075403705214685e-03 9.559937788077395998e-03
1.238854303904015808e+01 5.946709856072653066e-02 6.523512014746565835e-02 7.980280227969880139e-03 9.425377709855180253e-03
1.247864722244308666e+01 3.583363709987113371e-02 7.550571670748928987e-02 7.933375941417374066e-03 9.326239074258522999e-03
1.256875140584601525e+01 4.218953261514005876e-02 7.384585621745848316e-02 7.988201642395532931e-03 9.269412424187661870e-03
1.265885558924894383e+01 3.533825086991084635e-02 7.200760086846615116e-02 8.200336172808558172e-03 9.260129018792580963e-03
1.274895977265187241e+01 5.544560296744285161e-02 7.889689696284381271e-02 8.576188867514142333e-03 9.293392327638205774e-03
1.283906395605480100e+01 5.820262786916080566e-02 8.554069573991290865e-02 9.013113157058386810e-03 9.347590820065579051e-03
1.292916813945772958e+01 6.279209626613650730e-02 7.582263664866628616e-02 9.333343362422965792e-03 9.391481134550024035e-03
1.301927232286065816e+01 6.861158512345923166e-02 6.678471868822717650e-02 9.406599495464317007e-03 9.406884519954153423e-03
1.310937650626358675e+01 7.119402486244358341e-02 6.819908828888686381e-02 9.278885106283867729e-03 9.412110101861714817e-03
1.319948068966651711e+01 6.603863222525663268e-02 7.489487149456723614e-02 9.236022802807100293e-03 9.463128684329129292e-03
1.328958487306944569e+01 9.790506760798796393e-02 7.945134584435339931e-02 9.675439611831732067e-03 9.618461513008604372e-03
1.337968905647237428e+01 8.994476938707654523e-02 1.063462455753776403e-01 1.070056031119925866e-02 9.881734795615082154e-03
1.346979323987530286e+01 1.576182188049679855e-01 7.788866630632992893e-02 1.193090975108992459e-02 1.017080845499351849e-02
1.355989742327823144e+01 1.998092377822451304e-01 1.075709406029989185e-01 1.279575497037779147e-02 1.035182325898797301e-02
1.365000160668116003e+01 1.899001650124992335e-01 9.911375993842609644e-02 1.287264481382159077e-02 1.031554663973495260e-02
1.374010579008408861e+01 1.526100368174631572e-01 9.838142091108716125e-02 1.208880958951997521e-02 1.003940990029956667e-02
1.383020997348701719e+01 9.431473642472854024e-02 7.900632193938174341e-02 1.073469626444050438e-02 9.595692539802766138e-03
1.392031415688994578e+01 6.805076494040636359e-02 8.420421624595847421e-02 9.281506995988304115e-03 9.104854957246596991e-03
1.401041834029287436e+01 5.358525714742804619e-02 7.506144942177597756e-02 8.120971505486355296e-03 8.669302981708915806e-03
1.410052252369580295e+01 2.709130628333453195e-02 5.508422633726987178e-02 7.389907715243485345e-03 8.334138307073512067e-03
1.419062670709873331e+01 1.270576377771159317e-02 3.571181580626870550e-02 6.992813011783160886e-03 8.093951268461038392e-03
1.428073089050166189e+01 1.731272757518538541e-02 4.116008848082050586e-02 6.775619322545447035e-03 7.922816062345575810e-03
1.437083507390459047e+01 1.114978490403367023e-02 4.835098586382621105e-02 6.640632760025253281e-03 7.796347521651520937e-03
1.446093925730751906e+01 1.973142494535892050e-02 2.781758729042555639e-02 6.544881345299593395e-03 7.698153397243466534e-03
1.455104344071044764e+01 1.489437821350226079e-02 2.781459781963577932e-02 6.470915540825615021e-03 7.618484401697935351e-03
1.464114762411337622e+01 6.192715860653230653e-03 1.309727677892205677e-02 6.410875453288666925e-03 7.551671709582307226e-03
1.473125180751630481e+01 7.595076118357811483e-03 2.709081251894019521e-02 6.360693266128264120e-03 7.494360152995410002e-03
1.482135599091923339e+01 2.096552591216070335e-02 2.881875373769769016e-02 6.318079121195847511e-03 7.444531925274942494e-03
1.491146017432216198e+01 1.888798264080251629e-02 3.204048308943466261e-02 6.281731877341446488e-03 7.400999648254571670e-03
1.500156435772509056e+01 1.228229271544042066e-02 2.487047849323876375e-02 6.250996609968168839e-03 7.363153282562710095e-03
1.509166854112801914e+01 1.938257835576333993e-02 1.887032401040612817e-02 6.225729686763657386e-03 7.330854832133084156e-03
1.518177272453094950e+01 9.923436440657356847e-03 2.424781910667482207e-02 6.206298680330771603e-03 7.304440620770426967e-03
1.527187690793387809e+01 3.194224244642041716e-03 2.726624395367704609e-02 6.193721265920455916e-03 7.284835410931245550e-03
1.536198109133680667e+01 6.596664684156274515e-03 2.333947803439104240e-02 6.190029339373771811e-03 7.273830619899949307e-03
1.545208527473973525e+01 1.404485537517062219e-02 2.482862846746371893e-02 6.199138408553790495e-03 7.274657369591438529e-03
1.554218945814266384e+01 9.769676766464665749e-03 3.278923609266512496e-02 6.229181354615654850e-03 7.293116326621606159e-03
1.563229364154559242e+01 2.101395727893503457e-02 3.228192636908021329e-02 6.299704219588374982e-03 7.339600641407838244e-03
1.572239782494852101e+01 4.122284000607819715e-03 2.918128632025624586e-02 6.461854557599761018e-03 7.431602542872336320e-03
1.581250200835144959e+01 1.932743323913430414e-02 3.897688001363684707e-02 6.827327593967058919e-03 7.592873465651694270e-03
1.590260619175437817e+01 2.271915713178357735e-02 3.124609045424446216e-02 7.530621546250320514e-03 7.840362463529643514e-03
1.599271037515730676e+01 5.062129397404208087e-02 5.863597833516452640e-02 8.565860755879159405e-03 8.156400993235932151e-03
1.608281455856023712e+01 8.310684766634858500e-02 3.909955189985916957e-02 9.685296639230086754e-03 8.469056555192401581e-03
1.617291874196316570e+01 1.188147592018579113e-01 4.539064179769831953e-02 1.049070396365670357e-02 8.671519838394894236e-03
1.626302292536609428e+01 1.144639474982529076e-01 4.595446640182183906e-02 1.062796344788781953e-02 8.676783667621080359e-03
1.635312710876902287e+01 9.882659953992298241e-02 4.842737749179365503e-02 9.999023053860819563e-03 8.470685909379729872e-03
1.644323129217195145e+01 6.647259431120741691e-02 5.356318844797820083e-02 8.860948729561071713e-03 8.123968642424900244e-03
1.653333547557488004e+01 3.137715296722921182e-02 3.851616305308255828e-02 7.679955206602604410e-03 7.749155727616158923e-03
1.662343965897780862e+01 1.798531587242968577e-02 3.043292385104645267e-02 6.821291879495846970e-03 7.433627103758569388e-03
1.671354384238073720e+01 7.679033558627617294e-03 3.569540874666191077e-02 6.346196165107086118e-03 7.205376974020058500e-03
1.680364802578366579e+01 1.747510540561808545e-02 4.508888719238157705e-02 6.110645440276994168e-03 7.049951150246168419e-03
1.689375220918659437e+01 6.378957054399352414e-03 3.529983849269962420e-02 5.982358166168872185e-03 6.942649271621205084e-03
1.698385639258952295e+01 1.697109179571862358e-02 1.598554071414592936e-02 5.900375602252928321e-03 6.864669591838597554e-03
1.707396057599245154e+01 1.318469917055742346e-02 1.462313069552222296e-02 5.841536473778538574e-03 6.804658381273939391e-03
1.716406475939538012e+01 3.072581278009178622e-03 1.971944139401772891e-02 5.796094338200462326e-03 6.756126395526123457e-03
1.725416894279830871e+01 8.742770272992871766e-03 2.927783225689842284e-02 5.759183339127301078e-03 6.715288103599105669e-03
1.734427312620123729e+01 1.805072685468495780e-04 2.518262897082910318e-02 5.728060938589930699e-03 6.679837283747963594e-03
1.743437730960416587e+01 7.567797399903518525e-03 8.612305253361990029e-03 5.701056157565873028e-03 6.648305170017401386e-03
1.752448149300709446e+01 4.702259428635377492e-03 1.481826767926575431e-02 5.677093006897421246e-03 6.619718655161829432e-03
1.761458567641002304e+01 3.489373095148466403e-03 2.454023556312894677e-02 5.655448364693350591e-03 6.593410613016263688e-03
1.770468985981295162e+01 6.993565829034688319e-03 2.811114324489418295e-02 5.635619071591178864e-03 6.568909948622379813e-03
1.779479404321588021e+01 1.152065437702957246e-02 1.563841357199954180e-02 5.617244659531402118e-03 6.545875277275164245e-03
1.788489822661880879e+01 4.973375383996206725e-03 2.254655701145888771e-02 5.600060334148158382e-03 6.524053492129254159e-03
1.797500241002174093e+01 -6.587432803187957819e-03 1.374139380488196074e-02 5.583867274616355000e-03 6.503253071424651421e-03
1.806510659342466951e+01 9.139958862755960534e-03 1.242317700254022550e-02 5.568513270462188865e-03 6.483326409322949860e-03
1.815521077682759810e+01 5.631092907177146639e-03 1.072271003116299568e-02 5.553879749835034622e-03 6.464157835639614685e-03
1.824531496023052668e+01 2.439922955435285760e-03 1.694486436690633910e-02 5.539872880883230447e-03 6.445655316947587754e-03
1.833541914363345526e+01 1.542729766371390976e-02 1.596240722223600528e-02 5.526417337981494836e-03 6.427744596156358646e-03
1.842552332703638385e+01 1.128269235002108198e-02 9.899299498590984764e-03 5.513451852340770822e-03 6.410364981497664386e-03
1.851562751043931243e+01 1.479127868687848089e-02 9.139947359450131814e-03 5.500925982351380188e-03 6.393466272511555415e-03
1.860573169384224101e+01 -1.548170567747236132e-04 7.949022990777175612e-03 5.488797733276574997e-03 6.377006483408785391e-03
1.869583587724516960e+01 1.527313577565761471e-03 1.440816757509446287e-02 5.477031778372647847e-03 6.360950134480337220e-03
1.878594006064809818e+01 2.777163482004765122e-03 6.256610770217453307e-03 5.465598112418950348e-03 6.345266954048440523e-03
1.887604424405102677e+01 -1.926861659208845695e-03 1.165153516769376792e-02 5.454471020502764216e-03 6.329930881084574329e-03
1.896614842745395890e+01 1.071957205272410646e-02 5.780070717434374061e-03 5.443628279609142098e-03 6.314919290740039250e-03
1.905625261085688749e+01 2.403904461573230702e-03 8.792073679957336171e-03 5.433050534174962976e-03 6.300212387031218185e-03
1.914635679425981607e+01 2.782565279309399692e-03 1.320057667555627617e-02 5.422720803071552631e-03 6.285792722201193061e-03
1.923646097766274465e+01 9.129788309700929624e-03 7.253033752925458835e-03 5.412624086898622407e-03 6.271644813034328927e-03
1.932656516106567324e+01 7.604677309479439262e-03 1.814613149078491902e-02 5.402747052572215089e-03 6.257754832064034781e-03
1.941666934446860182e+01 3.975058330019148357e-03 5.503314554932265540e-03 5.393077778004310742e-03 6.244110357137632600e-03
1.950677352787153040e+01 9.535165809706334927e-03 2.125041533194484480e-02 5.383605543893076051e-03 6.230700166826523556e-03
1.959687771127445899e+01 -5.778286964107631068e-05 1.579647618533485190e-02 5.374320662739266383e-03 6.217514072131282224e-03
1.968698189467738757e+01 3.304491798155161433e-03 2.205466044203972104e-02 5.365214337497912524e-03 6.204542777131168835e-03
1.977708607808031616e+01 4.934459018907371743e-03 8.155695343759525318e-03 5.356278543989024740e-03 6.191777762876392137e-03
1.986719026148324474e+01 -3.065775334529239129e-04 4.526271039356280501e-03 5.347505932483819988e-03 6.179211190067581023e-03
1.995729444488617332e+01 1.276886705244360820e-02 1.748743912969664971e-02 5.338889744865694606e-03 6.166835817016273064e-03
2.004739862828910191e+01 3.057929984543170977e-03 1.348594109693905183e-02 5.330423744517969777e-03 6.154644930108867443e-03
2.013750281169203049e+01 5.040556956010097331e-03 1.830769017090168316e-02 5.322102156671241514e-03 6.142632284559735451e-03
2.022760699509495907e+01 1.392209125193397991e-02 1.375028639336939654e-03 5.313919617394505593e-03 6.130792053677508978e-03
2.031771117849788766e+01 2.061399229382653280e-03 9.208067465544535549e-03 5.305871129767126063e-03 6.119118785211993296e-03
2.040781536190081624e+01 3.159301010180384089e-04 2.680566429482297494e-03 5.297952026046506835e-03 6.107607363619703064e-03
2.049791954530374483e+01 -7.854249167425532419e-04 1.159592273611063755e-02 5.290157934866156035e-03 6.096252977300518211e-03
2.058802372870667341e+01 -1.753116577328574580e-03 2.517191535168241887e-02 5.282484752673970510e-03 6.085051090029014800e-03
2.067812791210960199e+01 -4.864380618260906626e-03 1.071706818038995618e-02 5.274928618760620774e-03 6.073997415941020592e-03
2.076823209551253058e+01 1.467370943822598334e-02 1.298859510365110020e-02 5.267485893340776056e-03 6.063087897546394836e-03
2.085833627891545916e+01 1.220679999053668474e-02 1.239721476438231627e-02 5.260153138241021112e-03 6.052318686328377918e-03
2.094844046231838774e+01 4.879193269683952672e-03 4.580027584706668903e-03 5.252927099822493270e-03 6.041686125562563056e-03
2.103854464572131633e+01 6.145402658748633229e-03 6.762086645518009323e-03 5.245804693826704168e-03 6.031186735047978226e-03
2.112864882912424491e+01 7.334931450335497455e-03 -2.496337661624364185e-03 5.238782991882649787e-03 6.020817197491443694e-03
2.121875301252717350e+01 -2.504491984926715022e-03 3.181611300681543887e-03 5.231859209454129550e-03 6.010574346326626530e-03
2.130885719593010208e+01 2.336434718699798106e-03 1.538223263081640521e-02 5.225030695039993740e-03 6.000455154782398728e-03
2.139896137933303422e+01 5.840251610516346108e-03 1.412182369573584603e-02 5.218294920468024775e-03 5.990456726042778755e-03
2.148906556273596280e+01 1.044939115651760675e-02 1.302309996505768286e-02 5.211649472146581002e-03 5.980576284363691049e-03
2.157916974613889138e+01 1.441197086313142795e-03 6.691210517580073805e-03 5.205092043157601329e-03 5.970811167031160951e-03
2.166927392954181997e+01 1.316551907508382163e-02 1.502514822056891589e-02 5.198620426091016787e-03 5.961158817061664242e-03
2.175937811294474855e+01 -5.608677230357596993e-03 2.328183172917351607e-02 5.192232506534406183e-03 5.951616776559027003e-03
2.184948229634767713e+01 -1.373668541702501630e-03 1.106236179475299578e-02 5.185926257143397278e-03 5.942182680653845632e-03
2.193958647975060572e+01 -2.307593407911459962e-03 1.083508717916323652e-02 5.179699732228241864e-03 5.932854251961136409e-03
2.202969066315353430e+01 7.960892995441863282e-03 -8.444865529528439510e-03 5.173551062800363191e-03 5.923629295500305349e-03
2.211979484655646289e+01 4.609524432172063153e-03 2.943247574343737898e-03 5.167478452029909686e-03 5.914505694028581589e-03
2.220989902995939147e+01 6.254916317530081343e-05 -7.880528711921939294e-04 5.161480171071443010e-03 5.905481403745249658e-03
2.230000321336232005e+01 7.781317050874967702e-03 1.038212871503256876e-02 5.155554555220200237e-03 5.896554450329114308e-03
2.239010739676524864e+01 3.551812988423535405e-03 7.053750548649462791e-03 5.149700000365877578e-03 5.887722925276274617e-03
2.248021158016817722e+01 3.165732123627599572e-03 -2.222888647648463625e-03 5.143914959714831342e-03 5.878984982509043167e-03
2.257031576357110580e+01 -3.076971466226111930e-03 1.426474152611037841e-02 5.138197940754933753e-03 5.870338835230325125e-03
2.266041994697403439e+01 3.256893775152247365e-03 -1.199248085685250542e-04 5.132547502440323178e-03 5.861782753000603988e-03
2.275052413037696297e+01 9.830185111958412991e-03 2.269751352288832541e-02 5.126962252575769860e-03 5.853315059017294951e-03
2.284062831377989156e+01 -3.254797771235656313e-04 8.982627719870838259e-03 5.121440845382685403e-03 5.844934127578392709e-03
2.293073249718282014e+01 3.143575852767640805e-03 1.059321510543263963e-02 5.115981979230678663e-03 5.836638381714313699e-03
