# [0.         0.         7.42009401], [0.        0.        3.3525351], [0.         0.         9.70221522]
5.000000000000000000e+00 5.425220815588724377e-02 5.100637627155304304e-02 5.983391465834986267e-02 2.894660545507261040e-01 2.784655190041130934e-01 2.970379680885433804e-01
5.059969005007300069e+00 5.327937372243448516e-02 5.008821395134580023e-02 5.876311245191700311e-02 2.911827735100164238e-01 2.824716319849024382e-01 2.995138756320159246e-01
5.119938010014601026e+00 5.235391619934107871e-02 4.921468205620149750e-02 5.774441143069014570e-02 2.976245084493910342e-01 2.914900924087213685e-01 3.066053822388916661e-01
5.179907015021901096e+00 5.147432959947786935e-02 4.838435116395571611e-02 5.677615590745488383e-02 3.088504596450784012e-01 3.058197928776137386e-01 3.183322565066760146e-01
5.239876020029202053e+00 5.063924698795042173e-02 4.759592314105059313e-02 5.585684236071274122e-02 3.246676701056136483e-01 3.254712050056852157e-01 3.344138153951478065e-01
5.299845025036502122e+00 4.984743546517626800e-02 4.684822633225504268e-02 5.498511390057839177e-02 3.444470862391801336e-01 3.499346968537271341e-01 3.540965152885342526e-01
5.359814030043802191e+00 4.909779204891785015e-02 4.614021160075459926e-02 5.415975570970204406e-02 3.669873763627851670e-01 3.779881650172964291e-01 3.760410060672483845e-01
5.419783035051103148e+00 4.838934043709483546e-02 4.547094920051516359e-02 5.337969143820373713e-02 3.904801078335615183e-01 4.076160168917609683e-01 3.983225204453841872e-01
5.479752040058403217e+00 4.772122864444751367e-02 4.483962647348076203e-02 5.264398054361293933e-02 4.126194032343153961e-01 4.361055426380736622e-01 4.185826205260474997e-01
5.539721045065703287e+00 4.709272751771899357e-02 4.424554637512781441e-02 5.195181657913151146e-02 4.308673811560110312e-01 4.603501474109472080e-01 4.343326793259845164e-01
5.599690050073004244e+00 4.650323014622760598e-02 4.368812684342718994e-02 5.130252644647010501e-02 4.428398143479844173e-01 4.773271234297800647e-01 4.433593488462262422e-01
5.659659055080304313e+00 4.595225219781803178e-02 4.316690103863964761e-02 5.069557064334726665e-02 4.467302194859447684e-01 4.846507810184208509e-01 4.441382330217760188e-01
5.719628060087604382e+00 4.543943322454949141e-02 4.268151849491698402e-02 5.013054455084435534e-02 4.416646232964167584e-01 4.810582454052286794e-01 4.361444470005138574e-01
5.779597065094905339e+00 4.496453899850132857e-02 4.223174723977958511e-02 4.960718082258846334e-02 4.278878497132746483e-01 4.666884080520742883e-01 4.199695334739279029e-01
5.839566070102205408e+00 4.452746495623346318e-02 4.181747695464152481e-02 4.912535295666910912e-02 4.067262185552676379e-01 4.430692810389547653e-01 3.972089786090824415e-01
5.899535075109506366e+00 4.412824085129936347e-02 4.143872326920488430e-02 4.868508015287541235e-02 3.803362582728806451e-01 4.128166676800074097e-01 3.701531286867743575e-01
5.959504080116806435e+00 4.376703673848011955e-02 4.109563330540834392e-02 4.828653358296684794e-02 3.513098383893250576e-01 3.791329287310403751e-01 3.413696287236891447e-01
6.019473085124106504e+00 4.344417044195590660e-02 4.078849261351659428e-02 4.793004423114462231e-02 3.222400351065272117e-01 3.452447803703279638e-01 3.132868206928715038e-01
6.079442090131407461e+00 4.316011669353360392e-02 4.051773367490226624e-02 4.761611249674254503e-02 2.953485045222116745e-01 3.139170624566070544e-01 2.878701247678654429e-01
6.139411095138707530e+00 4.291551816766289718e-02 4.028394618438688179e-02 4.734541979276502693e-02 2.722403652216012770e-01 2.871332150489835922e-01 2.664396541889018644e-01
6.199380100146008488e+00 4.271119868901077088e-02 4.008788937130719487e-02 4.711884242396164463e-02 2.538051787042327478e-01 2.659688063621150067e-01 2.496289179117170409e-01
6.259349105153308557e+00 4.254817894800756728e-02 3.993050667483765553e-02 4.693746808879949162e-02 2.402432738782537269e-01 2.506308468830453218e-01 2.374509768967750789e-01
6.319318110160608626e+00 4.242769513282759059e-02 3.981294315820332191e-02 4.680261542373757855e-02 2.311780289375689468e-01 2.406101267391451692e-01 2.294283243145610607e-01
6.379287115167908695e+00 4.235122097633933769e-02 3.973656613172353580e-02 4.671585709915706403e-02 2.258166324563913030e-01 2.348958311077703198e-01 2.247515719018270686e-01
6.439256120175209652e+00 4.232049382835754991e-02 3.970298956064569063e-02 4.667904708875437320e-02 2.231339320407429438e-01 2.322170255685330198e-01 2.224472239570403631e-01
6.499225125182510610e+00 4.233754550322380017e-02 3.971410296638849119e-02 4.669435287413591790e-02 2.220633824983029858e-01 2.312874567461566389e-01 2.215440959074787275e-01
6.559194130189810679e+00 4.240473882846934606e-02 3.977210569696365550e-02 4.676429352163179870e-02 2.216785111390140728e-01 2.310297126683414637e-01 2.212260666964891431e-01
6.619163135197110748e+00 4.252481104292691466e-02 3.987954765445556743e-02 4.689178478937033184e-02 2.213398512920623229e-01 2.307457307123531587e-01 2.209498436636895546e-01
6.679132140204410817e+00 4.270092547670392008e-02 4.003937783862070166e-02 4.708019270331641887e-02 2.207753953690465565e-01 2.301951478582585364e-01 2.205001914356866100e-01
6.739101145211711774e+00 4.293673331063837389e-02 4.025500241509216010e-02 4.733339739996080681e-02 2.200675104010218763e-01 2.295530259655135519e-01 2.199609379259689357e-01
6.799070150219011843e+00 4.323644768620231449e-02 4.053035447066016816e-02 4.765586949604078137e-02 2.195400718504655346e-01 2.292474115019798309e-01 2.196006682037201785e-01
6.859039155226312801e+00 4.360493305556715354e-02 4.086997821317044782e-02 4.805276184688240387e-02 2.195711022140122703e-01 2.297167152711702964e-01 2.197011086523672219e-01
6.919008160233612870e+00 4.404781347778498335e-02 4.127913116099576202e-02 4.853002034291137995e-02 2.203859230598891328e-01 2.311606624168849322e-01 2.203812973499053030e-01
6.978977165240912939e+00 4.457160465438536612e-02 4.176390891965447993e-02 4.909451843615663530e-02 2.218997559422352106e-01 2.333699311576491187e-01 2.214789769294860378e-01
7.038946170248213896e+00 4.518387596158630198e-02 4.233139856594726746e-02 4.975422148098072872e-02 2.236680304618861026e-01 2.356996877684340852e-01 2.225355696737117139e-01
7.098915175255513965e+00 4.589345072991465185e-02 4.298986860650642200e-02 5.051838885344613062e-02 2.249682909333293179e-01 2.372048229019212973e-01 2.228958902595638558e-01
7.158884180262814922e+00 4.671065577122442830e-02 4.374900617625088195e-02 5.139782438220232702e-02 2.249909052812345267e-01 2.368961877055975884e-01 2.218912764992671260e-01
7.218853185270114992e+00 4.764763499687536125e-02 4.462021593891214721e-02 5.240518917731279425e-02 2.230749183244147005e-01 2.340308951612933563e-01 2.190426039978441708e-01
7.278822190277415061e+00 4.871874742770725825e-02 4.561700058203155272e-02 5.355539592882532091e-02 2.189078904415586446e-01 2.283362285835288386e-01 2.142120542913410475e-01
7.338791195284715130e+00 4.994107777706122131e-02 4.675545071202084901e-02 5.486611084984085313e-02 2.126228750611061646e-01 2.200930158084317967e-01 2.076533687704263109e-01
7.398760200292016087e+00 5.133509939219029622e-02 4.805488373848727096e-02 5.635839973493311089e-02 2.047660428339644068e-01 2.100593474158799490e-01 1.999503202978492600e-01
7.458729205299317044e+00 5.292554681441748871e-02 4.953868934088863363e-02 5.805756982376959752e-02 1.961568407129303526e-01 1.992744630689339547e-01 1.918741116874966013e-01
7.518698210306617113e+00 5.474258224528430472e-02 5.123546750093917884e-02 5.999428216661506497e-02 1.876977295747643548e-01 1.888197954644129650e-01 1.842147601201193086e-01
7.578667215313917183e+00 5.682338339131235566e-02 5.318059168320874580e-02 6.220604489960639832e-02 1.801990232110957657e-01 1.796162887589094204e-01 1.776411402963972153e-01
7.638636220321217252e+00 5.921435205185900108e-02 5.541841024206092120e-02 6.473925506778106798e-02 1.742667408879183810e-01 1.723090587382718752e-01 1.726236920769647909e-01
7.698605225328518209e+00 6.197426881571441171e-02 5.800544703664128887e-02 6.765205204999411026e-02 1.702701454394408842e-01 1.672501432029419310e-01 1.694256803388491106e-01
7.758574230335818278e+00 6.517895391850803133e-02 6.101525215618167075e-02 7.101841271537884248e-02 1.683767481253078679e-01 1.645570083926669314e-01 1.681465362282939247e-01
7.818543235343119235e+00 6.892845938616010137e-02 6.454615217180119380e-02 7.493422836900243134e-02 1.686269281791801244e-01 1.642098170873607099e-01 1.687913560662368528e-01
7.878512240350419304e+00 7.335878414269841885e-02 6.873441186832066063e-02 7.952671354795752545e-02 1.710199696951822390e-01 1.661541052359659376e-01 1.713435748197494057e-01
7.938481245357719374e+00 7.866214651625660914e-02 7.377793170033059011e-02 8.496975423744822231e-02 1.755932742295157611e-01 1.703897430373932098e-01 1.758277763443852615e-01
7.998450250365020331e+00 8.512406128877580969e-02 7.998067368189780424e-02 9.151043890111805468e-02 1.824894828986317052e-01 1.770427552983575292e-01 1.823605076846560868e-01
8.058419255372321288e+00 9.319355806512907847e-02 8.783677371756815067e-02 9.951740208446421820e-02 1.920166228109225492e-01 1.864275668336075331e-01 1.911949845129479741e-01
8.118388260379621357e+00 1.036165375280871243e-01 9.818581906090573241e-02 1.095718132704847636e-01 2.047114929682596618e-01 1.991111029561107304e-01 2.027695090085150920e-01
8.178357265386921426e+00 1.176806321562184759e-01 1.124828726837697190e-01 1.226386097764215199e-01 2.214154388916338145e-01 2.159865884727231455e-01 2.177693716292045667e-01
8.238326270394221496e+00 1.376339260971824185e-01 1.332256982628270969e-01 1.403766044106015409e-01 2.433634762238129634e-01 2.383537080749039416e-01 2.372075359075035972e-01
8.298295275401521565e+00 1.673244019313483988e-01 1.645433975808753557e-01 1.656571701807091623e-01 2.722706131691451370e-01 2.679828008138925299e-01 2.625184064141339868e-01
8.358264280408821634e+00 2.130184497662586107e-01 2.128470714965018107e-01 2.033265300519822016e-01 3.103722822961492156e-01 3.071158203290070277e-01 2.956383457326549613e-01
8.418233285416123479e+00 2.841515482696173600e-01 2.872646435875490512e-01 2.611096513065137015e-01 3.603435823505519164e-01 3.583335017556171231e-01 3.390156290009472828e-01
8.478202290423423548e+00 3.934523818759870228e-01 3.993746823746065489e-01 3.502706538175723305e-01 4.250001146840803323e-01 4.242122980811643407e-01 3.954590252416190221e-01
8.538171295430723617e+00 5.556032410062557991e-01 5.616470696162449983e-01 4.852661204453635468e-01 5.066994553684285307e-01 5.067272387272320211e-01 4.677203752683165017e-01
8.598140300438023687e+00 7.836548879825827596e-01 7.841820234315391991e-01 6.813922991831984355e-01 6.064468329363702503e-01 6.064432455063394345e-01 5.577472598543748994e-01
8.658109305445325532e+00 1.083141804631308380e+00 1.069962775075840478e+00 9.497508094488578134e-01 7.228691420938061496e-01 7.216701127100341173e-01 6.656668831392503760e-01
8.718078310452625601e+00 1.445306723230554979e+00 1.409846890692161292e+00 1.290082270535612530e+00 8.514142055771614093e-01 8.478911975013774249e-01 7.887625838152293456e-01
8.778047315459925670e+00 1.842489661987004812e+00 1.779528353650165817e+00 1.683949839781859303e+00 9.842530847578635500e-01 9.778355884400563580e-01 9.209016998746296645e-01
8.838016320467225739e+00 2.229409107287241287e+00 2.141028168732496351e+00 2.092351734869045465e+00 1.111285896282093066e+00 1.102468048709039250e+00 1.052928893487178552e+00
8.897985325474525808e+00 2.552639402555668902e+00 2.450265935085572444e+00 2.461568026466045112e+00 1.222311267517068201e+00 1.212889188798665030e+00 1.174324149060726130e+00
8.957954330481825878e+00 2.767007561649814651e+00 2.669832248512243211e+00 2.738020467726550056e+00 1.309895180665725967e+00 1.302734784851434569e+00 1.275931046564227955e+00
9.017923335489125947e+00 2.853461544107646297e+00 2.783078242671603864e+00 2.888081971952493721e+00 1.371996613975783985e+00 1.370303101675747204e+00 1.352967133351155704e+00
9.077892340496427792e+00 2.830719051606754189e+00 2.803699863362253186e+00 2.914813241941081046e+00 1.413251890208929940e+00 1.419526086851727209e+00 1.407144617269831643e+00
9.137861345503727861e+00 2.754450318041729684e+00 2.775628365331958225e+00 2.863281063780422908e+00 1.444143124442016646e+00 1.459164172238008206e+00 1.446824480213646957e+00
9.197830350511027930e+00 2.702473705851404340e+00 2.761475924549626093e+00 2.810111519122589829e+00 1.477999265360279146e+00 1.500202391501311183e+00 1.484746661378308907e+00
9.257799355518329776e+00 2.750085563473342543e+00 2.822539773994196199e+00 2.839290027494757673e+00 1.526613328019469140e+00 1.552131653733048511e+00 1.533798157220353398e+00
9.317768360525629845e+00 2.943576286881133264e+00 2.997064471863911006e+00 3.011873373935690434e+00 1.595861367110140927e+00 1.619306821593107903e+00 1.602121291209537945e+00
9.377737365532929914e+00 3.280909387426714563e+00 3.284384961539708048e+00 3.340122070184988967e+00 1.682838297941949612e+00 1.698653979345453147e+00 1.689280795609375163e+00
9.437706370540229983e+00 3.706649885892925322e+00 3.640635497015191735e+00 3.776028905409288594e+00 1.775626903803981804e+00 1.779612539491801648e+00 1.785016719900139881e+00
9.497675375547530052e+00 4.124220762143480101e+00 3.988059796820561331e+00 4.220387811123081256e+00 1.856003342864421368e+00 1.846490117600462666e+00 1.871324572598087377e+00
9.557644380554830121e+00 4.423079001464561344e+00 4.235847608075304471e+00 4.551687411395326954e+00 1.904396863878890178e+00 1.882625301386914085e+00 1.927438409153570342e+00
9.617613385562130190e+00 4.512604698315628937e+00 4.306663322096006219e+00 4.665764363889134181e+00 1.905592321968853753e+00 1.875146439701294909e+00 1.936150618656658162e+00
9.677582390569430260e+00 4.350758660013014811e+00 4.160481011517846994e+00 4.511071426946157814e+00 1.853331182652257159e+00 1.818883195609709125e+00 1.889284798218238137e+00
9.737551395576732105e+00 3.956591719226540516e+00 3.807356732366173002e+00 4.104977451895225116e+00 1.752331662478063823e+00 1.718238914763972947e+00 1.790409351958570650e+00
9.797520400584032174e+00 3.402203489695406535e+00 3.304417943173542316e+00 3.524937992020362731e+00 1.617216708545119008e+00 1.586519902475855615e+00 1.653996309816009536e+00
9.857489405591332243e+00 2.788915632068156736e+00 2.738798732090715671e+00 2.880476920140414343e+00 1.468993146682079365e+00 1.443100394671200659e+00 1.501671760173844072e+00
9.917458410598634089e+00 2.219111417494104899e+00 2.204319507919118237e+00 2.280438146605795691e+00 1.330519069815249589e+00 1.309501241978165753e+00 1.357237003797914898e+00
9.977427415605934158e+00 1.775492827668710083e+00 1.781737445079216497e+00 1.809906585515510535e+00 1.222465794937332317e+00 1.205649327846506358e+00 1.242265097588547418e+00
1.003739642061323423e+01 1.513580583622029518e+00 1.529045138152551386e+00 1.523412144374392430e+00 1.160666500331084539e+00 1.147194785252471094e+00 1.173337473219326688e+00
1.009736542562053430e+01 1.465094913961387357e+00 1.481716549182199083e+00 1.451011633982142612e+00 1.154856991351331130e+00 1.144047040738720877e+00 1.160898676414112707e+00
1.015733443062783437e+01 1.644273034599479377e+00 1.657079590698986804e+00 1.607426021606473521e+00 1.208176992948176931e+00 1.199679544431419442e+00 1.208920267065545895e+00
1.021730343563513443e+01 2.049028720431754991e+00 2.055449620104185637e+00 1.994416604131632242e+00 1.316744977659649374e+00 1.310600318401203168e+00 1.314481582569971607e+00
1.027727244064243450e+01 2.653838483771137735e+00 2.654088465448063872e+00 2.592356986793053153e+00 1.469121325684281665e+00 1.465764002101949570e+00 1.466977265527826813e+00
1.033724144564973457e+01 3.398524167524199946e+00 3.396607143217489355e+00 3.345504967818067055e+00 1.646182447326177023e+00 1.646357404821996440e+00 1.647550598516009490e+00
1.039721045065703642e+01 4.182597438494038755e+00 4.186412188367882869e+00 4.152454145937135799e+00 1.822351555352046182e+00 1.826867680779431957e+00 1.829944444846818508e+00
1.045717945566433649e+01 4.874788249130124207e+00 4.894099788507900506e+00 4.874065432577448398e+00 1.968903509357437853e+00 1.978223061581584341e+00 1.983777592912252086e+00
1.051714846067163656e+01 5.340550232185200308e+00 5.383096166014268213e+00 5.363517079949964739e+00 2.059174838521595774e+00 2.072975389509227551e+00 2.080218121490950978e+00
1.057711746567893840e+01 5.479705945005139966e+00 5.547311220104031548e+00 5.509876383706267866e+00 2.074390290077870791e+00 2.091326045183857119e+00 2.098616564915013694e+00
1.063708647068623847e+01 5.258398494923842925e+00 5.345366231453985151e+00 5.275904085748636341e+00 2.008126584887417909e+00 2.025965721538514064e+00 2.031724528409939445e+00
1.069705547569353854e+01 4.720020597175475174e+00 4.814848249061671304e+00 4.710873054635590584e+00 1.867672196708036747e+00 1.883806476500292870e+00 1.887348744685159785e+00
1.075702448070083861e+01 3.969442281977331177e+00 4.058956233116347789e+00 3.931403651501292007e+00 1.671688072150349758e+00 1.683813400389398085e+00 1.685691909386737075e+00
1.081699348570813868e+01 3.137964066312700417e+00 3.211685318041473725e+00 3.080080177342802372e+00 1.445052801154993460e+00 1.451734041144040255e+00 1.453465719730463013e+00
1.087696249071543875e+01 2.344901760641478816e+00 2.397639290322806982e+00 2.281867778606760488e+00 1.212807758199341945e+00 1.213715936580776811e+00 1.217102507643637033e+00
1.093693149572273882e+01 1.670963507359559452e+00 1.702921582630375852e+00 1.616248236032356678e+00 9.952129118375862005e-01 9.909969678528680603e-01 9.974232968631827623e-01
1.099690050073004066e+01 1.150381148924658925e+00 1.165432181378269760e+00 1.111784626201547166e+00 8.051558064084729516e-01 7.970712519194163015e-01 8.070979347017547267e-01
1.105686950573734073e+01 7.791092602043191429e-01 7.825092466959308046e-01 7.580536938003413772e-01 6.480431652115740127e-01 6.375252571654375089e-01 6.508743188420043069e-01
1.111683851074464080e+01 5.307728378750582454e-01 5.273731561980793403e-01 5.242751441086399566e-01 5.234319585672212449e-01 5.117647101014125566e-01 5.275903047688450531e-01
1.117680751575194265e+01 3.720569396274046037e-01 3.654285930122388448e-01 3.754395509967826672e-01 4.273380553973950557e-01 4.154828319057100594e-01 4.327314694011441532e-01
1.123677652075924271e+01 2.728581119175828018e-01 2.651930903848231935e-01 2.817677489969906968e-01 3.543469973542504592e-01 3.429146320198688813e-01 3.606154278398546742e-01
1.129674552576654278e+01 2.105600725160282904e-01 2.029843607978334685e-01 2.218647467163525344e-01 2.990767578816692085e-01 2.883870974034525858e-01 3.058053408919491623e-01
1.135671453077384285e+01 1.701912809228026402e-01 1.631670395325159617e-01 1.820288358761364966e-01 2.569378660632948841e-01 2.471096431252246262e-01 2.637772303579157818e-01
1.141668353578114292e+01 1.426954565415988752e-01 1.363412112651350983e-01 1.541397054161379176e-01 2.243630760289663517e-01 2.153966577729338194e-01 2.310693446927907235e-01
1.147665254078844299e+01 1.229031914221901806e-01 1.171914589756971187e-01 1.335863707155304780e-01 1.987349219685512480e-01 1.905724999497167560e-01 2.051624091707868747e-01
1.153662154579574306e+01 1.079340209659143124e-01 1.027914913378604744e-01 1.177697197069426382e-01 1.781940811965647686e-01 1.707566866668237815e-01 1.842699831545165368e-01
1.159659055080304313e+01 9.616493558376097706e-02 9.151443214228328904e-02 1.051866386008487586e-01 1.614366461736216618e-01 1.546437702244913004e-01 1.671349845565286707e-01
1.165655955581034497e+01 8.664279853327855330e-02 8.241697465742199580e-02 9.492429329781278124e-02 1.475465464318345965e-01 1.413249508587388070e-01 1.528681262451899447e-01
1.171652856081764504e+01 7.877427511240975289e-02 7.491799568690411804e-02 8.639567972669487395e-02 1.358726942101575741e-01 1.301594354094698092e-01 1.408318542193860712e-01
1.177649756582494511e+01 7.216749607320983861e-02 6.863666414319723186e-02 7.920285656186694390e-02 1.259445197332428323e-01 1.206873052204333607e-01 1.305611613956642880e-01
1.183646657083224696e+01 6.655047677975804710e-02 6.331025215371585690e-02 7.306430285495865706e-02 1.174156591087089779e-01 1.125722246251481262e-01 1.217107270663252000e-01
1.189643557583954703e+01 6.172724902715547718e-02 5.875057468335039002e-02 6.777429849418650787e-02 1.100267438334615461e-01 1.055640824742589967e-01 1.140197276404171234e-01
1.195640458084684710e+01 5.755283023258296604e-02 5.481949847834389350e-02 6.317883556516215582e-02 1.035807097337658328e-01 9.947455494908166718e-02 1.072882146651480406e-01
1.201637358585414717e+01 5.391812773790660707e-02 5.141449636942262841e-02 5.916057185117080258e-02 9.792626347597689629e-02 9.416105983743566776e-02 1.013610495427113289e-01
1.207634259086144723e+01 5.074053644802738877e-02 4.846015904772116301e-02 5.562907618003631177e-02 9.294675323063797401e-02 8.951633061380463718e-02 9.611684336425437014e-02
1.213631159586874730e+01 4.795822155306894014e-02 4.590410146692100457e-02 5.251440577635062279e-02 8.855275972421115804e-02 8.546198980397745615e-02 9.146030167039342906e-02
1.219628060087604737e+01 4.552735535345689422e-02 4.371746569813659417e-02 4.976299635491978485e-02 8.467741500791244047e-02 8.194520378587595577e-02 8.731698538401846954e-02
1.225624960588334744e+01 4.342265874001437209e-02 4.190193936841567213e-02 4.733546306274972332e-02 8.127388403424942731e-02 7.893780094336265429e-02 8.362989969384949929e-02
1.231621861089064929e+01 4.164286544473326523e-02 4.050652021464360569e-02 4.520652196170633214e-02 7.831462976011369093e-02 7.643701788243902062e-02 8.035758789006980374e-02
1.237618761589794936e+01 4.022398402297048398e-02 3.965594228400843441e-02 4.336810244345424420e-02 7.579193220708564660e-02 7.446610873705529487e-02 7.747355133048394737e-02
1.243615662090524943e+01 3.926293617373743244e-02 3.958457297430696686e-02 4.183790200559052430e-02 7.371847250107395333e-02 7.307144710468209403e-02 7.496677360846339122e-02
1.249612562591255127e+01 3.894876092190856232e-02 4.065214671187002138e-02 4.067641572767320690e-02 7.212556037264536424e-02 7.231128561375758934e-02 7.284274105248997322e-02
1.255609463091985134e+01 3.958424697897842959e-02 4.329840688405402899e-02 4.001327971409018164e-02 7.105522720448828600e-02 7.223194545536684719e-02 7.112346026703554591e-02
1.261606363592715141e+01 4.156005431084161539e-02 4.789570382926840175e-02 4.007409183850078188e-02 7.054229931933923836e-02 7.283213403420957244e-02 6.984369599674861151e-02
1.267603264093445148e+01 4.523381374122185244e-02 5.450726674485530804e-02 4.117963414210281531e-02 7.058575829812245572e-02 7.402551430302042879e-02 6.903986437939631238e-02
1.273600164594175155e+01 5.069915100427360016e-02 6.264709429393508500e-02 4.367140980479803508e-02 7.111628648204110226e-02 7.562126148126123437e-02 6.872953933958399209e-02
1.279597065094905162e+01 5.751940468234648107e-02 7.120455396691145744e-02 4.773097261466169999e-02 7.197644982674081260e-02 7.734419796574505679e-02 6.888512784661618427e-02
1.285593965595635169e+01 6.460482201197494112e-02 7.866772379177819352e-02 5.313583334299444572e-02 7.293449937235620129e-02 7.890431476974557601e-02 6.941409332295557510e-02
1.291590866096365353e+01 7.042626569033637318e-02 8.364408081533644679e-02 5.910997250450055612e-02 7.374439483590242150e-02 8.010273547581850395e-02 7.016442722325338943e-02
1.297587766597095360e+01 7.360397749267744150e-02 8.551704204320953462e-02 6.447817380709064405e-02 7.424229495495643372e-02 8.093882519059260316e-02 7.096915660559557915e-02
1.303584667097825367e+01 7.365106112622403500e-02 8.499316599747146206e-02 6.820623170091691390e-02 7.444411977976522765e-02 8.167330621210584785e-02 7.172338945293567358e-02
1.309581567598555374e+01 7.149290141589394187e-02 8.431548978269828853e-02 7.012728566540782360e-02 7.459694579469522413e-02 8.280909810068431964e-02 7.245993680273116189e-02
1.315578468099285558e+01 6.948012786595217372e-02 8.698854102414628475e-02 7.142328501533108664e-02 7.514851150281838532e-02 8.497093980998179918e-02 7.337372162910282825e-02
1.321575368600015565e+01 7.087306346300764615e-02 9.691991286532489203e-02 7.445903618800257806e-02 7.662728660587929397e-02 8.869177300628358629e-02 7.475720128002291687e-02
1.327572269100745572e+01 7.894117082954633935e-02 1.169677911719422397e-01 8.185605266445065975e-02 7.945510152740141441e-02 9.414875448377321709e-02 7.684907916442339226e-02
1.333569169601475579e+01 9.579499998160512231e-02 1.471447252615603885e-01 9.507489929244307414e-02 8.373779729358707402e-02 1.009341961852431857e-01 7.964953925878398566e-02
1.339566070102205586e+01 1.210887125717298451e-01 1.832316176402871699e-01 1.131077157170504721e-01 8.910047509028813650e-02 1.079793646508172000e-01 8.279171112753515305e-02
1.345562970602935593e+01 1.510574132006091141e-01 2.169530079196402839e-01 1.320641289069298674e-01 9.464981206261116609e-02 1.137325851586397096e-01 8.555675931330347650e-02
1.351559871103665778e+01 1.787499919080379196e-01 2.384582853179452733e-01 1.462372490449863061e-01 9.913184232990902844e-02 1.165957706689711021e-01 8.706552136588055490e-02
1.357556771604395784e+01 1.960876043734021135e-01 2.404058236034098128e-01 1.504654148427622684e-01 1.012822738453707516e-01 1.154727122061301459e-01 8.658689526904969624e-02
1.363553672105125791e+01 1.972059379242112609e-01 2.214279567172149910e-01 1.425957086714326472e-01 1.002537523435822892e-01 1.101774510732050211e-01 8.382294585138054532e-02
1.369550572605855798e+01 1.812447583116191252e-01 1.867209414882457230e-01 1.245070253926845449e-01 9.592568438585589996e-02 1.014920975691878113e-01 7.902539540291103615e-02
1.375547473106585805e+01 1.527146088539044488e-01 1.453579096983223240e-01 1.010235592998394577e-01 8.893642723285415108e-02 9.084856438098683207e-02 7.288639653105392913e-02
1.381544373607315990e+01 1.191591344606886677e-01 1.061623451877320989e-01 7.752244436664877669e-02 8.042355876019957606e-02 7.981301659331122011e-02 6.627269701509394539e-02
1.387541274108045997e+01 8.771777758726861940e-02 7.466201898520717639e-02 5.781300146025788317e-02 7.161659619102471452e-02 6.963090752018957774e-02 5.994704812081832340e-02
1.393538174608776004e+01 6.269971362227244605e-02 5.240638386633608009e-02 4.335430840235736383e-02 6.348446955651655677e-02 6.100611126534082745e-02 5.439854881103006745e-02
1.399535075109506010e+01 4.515899115135374453e-02 3.815351896755819067e-02 3.375006113552137671e-02 5.656982193803949260e-02 5.412747779896901618e-02 4.981755762197478260e-02
1.405531975610236017e+01 3.396284062681670379e-02 2.958565971010031562e-02 2.775187669795869949e-02 5.101559789521904059e-02 4.883953967127645235e-02 4.617181212585921846e-02
1.411528876110966024e+01 2.720679951691846662e-02 2.453674422148298048e-02 2.406946647107562065e-02 4.670042372370235978e-02 4.483412463224654282e-02 4.331322028707138005e-02
1.417525776611696209e+01 2.317262016660546348e-02 2.147683783992761566e-02 2.174132032366282719e-02 4.338697077205420222e-02 4.178793132836316343e-02 4.106406139662619609e-02
1.423522677112426216e+01 2.067321758115040278e-02 1.949548907016199206e-02 2.017207510804750262e-02 4.082695652795428204e-02 3.943035233371654236e-02 3.926530560297743222e-02
1.429519577613156223e+01 1.901181645530944028e-02 1.810598435757354574e-02 1.903213100592503204e-02 3.881231512178155013e-02 3.756031909819321224e-02 3.779341615397183857e-02
1.435516478113886230e+01 1.781760876787663248e-02 1.706060800519838827e-02 1.814816307922081928e-02 3.718774086561440345e-02 3.603778119273210595e-02 3.655944448876068120e-02
1.441513378614616236e+01 1.690070013213442607e-02 1.623215221230065244e-02 1.742855588316397433e-02 3.584425408853607331e-02 3.476794680557025730e-02 3.550162249273368376e-02
1.447510279115346421e+01 1.616202522713136233e-02 1.555152553694946586e-02 1.682244514004633748e-02 3.470740054389877954e-02 3.368692276432232874e-02 3.457747825799368374e-02
1.453507179616076428e+01 1.554667971016768062e-02 1.497819755726992504e-02 1.629957683663563542e-02 3.372648617464316101e-02 3.275118383343694761e-02 3.375762390472066693e-02
1.459504080116806435e+01 1.502185855863694131e-02 1.448663785747242999e-02 1.584074276068193204e-02 3.286663779071209018e-02 3.193057465395086891e-02 3.302143626810571247e-02
1.465500980617536442e+01 1.456661673828966302e-02 1.405989399533147215e-02 1.543312034552504763e-02 3.210347985676006988e-02 3.120385237297388856e-02 3.235421654594113072e-02
1.471497881118266449e+01 1.416692022313086920e-02 1.368632744354610249e-02 1.506785742768987010e-02 3.141970743533711863e-02 3.055588015746847283e-02 3.174535916347531739e-02
1.477494781618996633e+01 1.381307608682302152e-02 1.335782369715714755e-02 1.473873252917510916e-02 3.080290484248430008e-02 2.997585557754802246e-02 3.118717390576225545e-02
1.483491682119726640e+01 1.349829991336463225e-02 1.306875419629165841e-02 1.444137160208375931e-02 3.024415529801644312e-02 2.945618967461876084e-02 3.067412705388551306e-02
1.489488582620456647e+01 1.321787694886002000e-02 1.281536076266455437e-02 1.417277821212384152e-02 2.973715465447122203e-02 2.899180813858139028e-02 3.020235648545481835e-02
1.495485483121186654e+01 1.296866357182603104e-02 1.259540274752686713e-02 1.393105645576180572e-02 2.927765653881381561e-02 2.857974305648616764e-02 2.976937391495986657e-02
1.501482383621916661e+01 1.274880423930687193e-02 1.240798877440944803e-02 1.371526520953241478e-02 2.886314872216375407e-02 2.821894482709411817e-02 2.937390463538325572e-02
1.507479284122646845e+01 1.255760301695378785e-02 1.225356161464983065e-02 1.352537501453639213e-02 2.849270711995238389e-02 2.791028602963602570e-02 2.901584004553779336e-02
1.513476184623376852e+01 1.239552668087796385e-02 1.213403963260237077e-02 1.336232080349202683e-02 2.816700671967764871e-02 2.765676422520589595e-02 2.869629719553685662e-02
1.519473085124106859e+01 1.226434599653606662e-02 1.205315618522458457e-02 1.322816327268196319e-02 2.788849677797199805e-02 2.746394872270464457e-02 2.841779728234202981e-02
1.525469985624836866e+01 1.216745527147322994e-02 1.201709718313958945e-02 1.312639596823682309e-02 2.766177834613451486e-02 2.734076818349732638e-02 2.818459589512296165e-02
1.531466886125566873e+01 1.211046297515420284e-02 1.203565353002485072e-02 1.306247374436821963e-02 2.749426399596239037e-02 2.730081645301465562e-02 2.800322728502224745e-02
1.537463786626296880e+01 1.210224961137830631e-02 1.212437720566829878e-02 1.304471006088945076e-02 2.739726388546992464e-02 2.736448248770185360e-02 2.788337101644530400e-02
1.543460687127027064e+01 1.215692458722189735e-02 1.230893322894632998e-02 1.308584009812707727e-02 2.738774348139813575e-02 2.756239784958406866e-02 2.783922406754263390e-02
1.549457587627757071e+01 1.229770732536301578e-02 1.263467116711075415e-02 1.320589085222603765e-02 2.749114451151888489e-02 2.794088822910158545e-02 2.789167957329096587e-02
1.555454488128487078e+01 1.256528830824426082e-02 1.318861531667919404e-02 1.343786033376670463e-02 2.774581232850484303e-02 2.857004031962375248e-02 2.807177771444151898e-02
1.561451388629217085e+01 1.303680502637670491e-02 1.414771173901658088e-02 1.383991532514299710e-02 2.820952615513638850e-02 2.955391334513958468e-02 2.842603551639900569e-02
1.567448289129947092e+01 1.386788277531821566e-02 1.586895917303792272e-02 1.452300017246281952e-02 2.896781253897230679e-02 3.103914323468445063e-02 2.902407373757488404e-02
1.573445189630677277e+01 1.537470418560337587e-02 1.901133799599484184e-02 1.571193141646291813e-02 3.014111210755263115e-02 3.321225071085912028e-02 2.996760349832880421e-02
1.579442090131407284e+01 1.815734408068287245e-02 2.460429543577404010e-02 1.786369744957407024e-02 3.188268400465368163e-02 3.627051871181247861e-02 3.139583630259343283e-02
1.585438990632137291e+01 2.320065743970995895e-02 3.389851255324775187e-02 2.183603927862444449e-02 3.435303769122210332e-02 4.035470311371807534e-02 3.347479666619559285e-02
1.591435891132867297e+01 3.178112928499302048e-02 4.789904862880715875e-02 2.897685927088486033e-02 3.765635063824828571e-02 4.545124097278766678e-02 3.635026096439038928e-02
1.597432791633597304e+01 4.496644654917064665e-02 6.674563167793347296e-02 4.080669913867274179e-02 4.173957510415765570e-02 5.129908062934568358e-02 4.004840114830694742e-02
1.603429692134327311e+01 6.268845524212680875e-02 8.926863373921389844e-02 5.795506260396415810e-02 4.628818786395082902e-02 5.734762675852963371e-02 4.434125182926684089e-02
1.609426592635057318e+01 8.280598143468115291e-02 1.127990851419234108e-01 7.860625820884102610e-02 5.068632663967542057e-02 6.279553558151582116e-02 4.865295773827595094e-02
1.615423493135787680e+01 1.009403121981560514e-01 1.331105182597171754e-01 9.776259761478715837e-02 5.410941678091537449e-02 6.671750891595953914e-02 5.211888637668247309e-02
1.621420393636517332e+01 1.117227921579145022e-01 1.449055347612831501e-01 1.088438898431216412e-01 5.576094413931431681e-02 6.827721368146236203e-02 5.385233513456019749e-02
1.627417294137247694e+01 1.112439864836382575e-01 1.436807806512335195e-01 1.073481774478202283e-01 5.517017898357148148e-02 6.699756875224731345e-02 5.331999358130842109e-02
1.633414194637977346e+01 9.932732770937009736e-02 1.285253041263085261e-01 9.384242830983539896e-02 5.239826288402485432e-02 6.298602359914959314e-02 5.060008478763524525e-02
1.639411095138707708e+01 7.986071418928396282e-02 1.034856819229860447e-01 7.357387221714288550e-02 4.802492534563631427e-02 5.696234935812186789e-02 4.634324778306371517e-02
1.645407995639437715e+01 5.869365192664857678e-02 7.569834438528770526e-02 5.306484220980527133e-02 4.291327695435011996e-02 5.001935638494700576e-02 4.146423209066821269e-02
1.651404896140167722e+01 4.064812734690449042e-02 5.158878779145181087e-02 3.670560344991983387e-02 3.788830576308310771e-02 4.323173433947762739e-02 3.677449047841966495e-02
1.657401796640897729e+01 2.781061837606371018e-02 3.423283155684184176e-02 2.569315315714699316e-02 3.350278337519912997e-02 3.733646435112068784e-02 3.276305257102237606e-02
1.663398697141627736e+01 1.983330877585954416e-02 2.340091367344856316e-02 1.908395569069027548e-02 2.997819449807217693e-02 3.263217120509460251e-02 2.958361068166576874e-02
1.669395597642358098e+01 1.527493755046341502e-02 1.724228034183956926e-02 1.532724518054133685e-02 2.728590276696640435e-02 2.907588906914705673e-02 2.716833659917207086e-02
1.675392498143087749e+01 1.272293341552149272e-02 1.384573217141969043e-02 1.316774014431253484e-02 2.527428044940542573e-02 2.645410387922723233e-02 2.535865462532069931e-02
1.681389398643818112e+01 1.122949723204117942e-02 1.190151203745650789e-02 1.184401019237804782e-02 2.376839542726050594e-02 2.452155817212669370e-02 2.399172047719233536e-02
1.687386299144547763e+01 1.027804531967474282e-02 1.069114923799334427e-02 1.096049978853457993e-02 2.262005999067800630e-02 2.307175049079321014e-02 2.293663613661381731e-02
1.693383199645278125e+01 9.615754033069882564e-03 9.865080895461205215e-03 1.032366944578518540e-02 2.172042095099445749e-02 2.195434168286655718e-02 2.209953295751112060e-02
1.699380100146008132e+01 9.121100133644517369e-03 9.257944247126937559e-03 9.836873242066321299e-03 2.099483217073772404e-02 2.106733675383233931e-02 2.141644179982711560e-02
1.705377000646738139e+01 8.732372515910375582e-03 8.787423815762271037e-03 9.448289133584725219e-03 2.039335197408725930e-02 2.034324024717063320e-02 2.084436774888337104e-02
1.711373901147468146e+01 8.415317942814861188e-03 8.408594184334001326e-03 9.127726614750954204e-03 1.988249705847313503e-02 1.973724436858273826e-02 2.035419961027811267e-02
1.717370801648198153e+01 8.149248697387164939e-03 8.094622629089293780e-03 8.856314301070179751e-03 1.943945096265172270e-02 1.921906272761383233e-02 1.992587521142851620e-02
1.723367702148928160e+01 7.920831106238512484e-03 7.828330371947623406e-03 8.621607317656692498e-03 1.904832116186948310e-02 1.876773307034146354e-02 1.954527047596333125e-02
1.729364602649658167e+01 7.721050175649901877e-03 7.598151118764068929e-03 8.415057551490962365e-03 1.869778142681889285e-02 1.836838872380077911e-02 1.920222507108650112e-02
1.735361503150388529e+01 7.543584505335562337e-03 7.395997604470045707e-03 8.230601208361637555e-03 1.837958211440195166e-02 1.801024225726105890e-02 1.888927972768306499e-02
1.741358403651118181e+01 7.383870385931264220e-03 7.216043797626294116e-03 8.063821392416856484e-03 1.808759336464009146e-02 1.768530242521182405e-02 1.860085481248505493e-02
1.747355304151848543e+01 7.238532407457437361e-03 7.053988233812098774e-03 7.911427991174141416e-03 1.781717742192598722e-02 1.738753851129861902e-02 1.833270503331285023e-02
1.753352204652578195e+01 7.105022068976779050e-03 6.906588277080025554e-03 7.770922410205263406e-03 1.756476773140721107e-02 1.711232306471909687e-02 1.808154995286983743e-02
1.759349105153308557e+01 6.981380451900650284e-03 6.771355121545293530e-03 7.640374721534961243e-03 1.732758069751802119e-02 1.685605190957367716e-02 1.784481868005746708e-02
1.765346005654038564e+01 6.866077877708142221e-03 6.646348154946037610e-03 7.518271624974102833e-03 1.710341440302792781e-02 1.661587967688172088e-02 1.762047021191150489e-02
1.771342906154768571e+01 6.757902921649986891e-03 6.530032842804465824e-03 7.403410360321169628e-03 1.689050551645226300e-02 1.638953228092614525e-02 1.740686486916932091e-02
1.777339806655498577e+01 6.655883957410208863e-03 6.421180388054326810e-03 7.294823208247033959e-03 1.668742589028177764e-02 1.617517168859197718e-02 1.720267086478215884e-02
1.783336707156228584e+01 6.559232662206406807e-03 6.318795543905012489e-03 7.191722812637658772e-03 1.649300671675340071e-02 1.597129689041200049e-02 1.700679543595853133e-02
1.789333607656958591e+01 6.467302660693809851e-03 6.222063808858097587e-03 7.093461958052647322e-03 1.630628213126888645e-02 1.577667035997960820e-02 1.681833341623738265e-02
1.795330508157688598e+01 6.379558800914385611e-03 6.130312219671961785e-03 6.999503560645390157e-03 1.612644674730026595e-02 1.559026273790460777e-02 1.663652836708369789e-02
1.801327408658418960e+01 6.295554022461823281e-03 6.042979846454555291e-03 6.909397990706108578e-03 1.595282330973227941e-02 1.541121073219701813e-02 1.646074287383839443e-02
1.807324309159148612e+01 6.214911728134451217e-03 5.959595316109551552e-03 6.822765734170789000e-03 1.578483779123359895e-02 1.523878472861760376e-02 1.629043561045730518e-02
1.813321209659878974e+01 6.137312199716376919e-03 5.879759497771808174e-03 6.739283993187815403e-03 1.562200002837657239e-02 1.507236362085402973e-02 1.612514346039373853e-02
1.819318110160608626e+01 6.062482022710736183e-03 5.803132027357165920e-03 6.658676227921192861e-03 1.546388852608537173e-02 1.491141506881058128e-02 1.596446745414530771e-02
1.825315010661338988e+01 5.990185775532009572e-03 5.729420720403895217e-03 6.580703918879852662e-03 1.531013843042348943e-02 1.475547988010328035e-02 1.580806161614553215e-02
1.831311911162068995e+01 5.920219440905161341e-03 5.658373181011743316e-03 6.505160022834272082e-03 1.516043193246459711e-02 1.460415955363409887e-02 1.565562404972738186e-02
1.837308811662799002e+01 5.852405139891199946e-03 5.589770097007227753e-03 6.431863732694398546e-03 1.501449055406547939e-02 1.445710626987192250e-02 1.550688975855942647e-02
1.843305712163529009e+01 5.786586890903326619e-03 5.523419841663755950e-03 6.360656250234162506e-03 1.487206890249680342e-02 1.431401479015589895e-02 1.536162482623446707e-02
1.849302612664259016e+01 5.722627169784485178e-03 5.459154096396586810e-03 6.291397352030833959e-03 1.473294958046431763e-02 1.417461585717758217e-02 1.521962166616325045e-02
1.855299513164989023e+01 5.660404100895447335e-03 5.396824277604780895e-03 6.223962581411881731e-03 1.459693901159914327e-02 1.403867078462485256e-02 1.508069512095551457e-02
1.861296413665719029e+01 5.599809148949406491e-03 5.336298601587425444e-03 6.158240938030593026e-03 1.446386399632042935e-02 1.390596699535117005e-02 1.494467924057199873e-02
1.867293314166449392e+01 5.540745210991168679e-03 5.277459659291229219e-03 6.094132965717647711e-03 1.433356885419251499e-02 1.377631432107637166e-02 1.481142460629718272e-02
1.873290214667179043e+01 5.483125030230434627e-03 5.220202401095895388e-03 6.031549161143043118e-03 1.420591304014484635e-02 1.364954191726568296e-02 1.468079609627399341e-02
1.879287115167909405e+01 5.426869870361895366e-03 5.164432453419687263e-03 5.970408642461544867e-03 1.408076914579000326e-02 1.352549567786813511e-02 1.455267101030535172e-02
1.885284015668639057e+01 5.371908401942650929e-03 5.110064705420195447e-03 5.910638029861837138e-03 1.395802121543921089e-02 1.340403605846551306e-02 1.442693748855834561e-02
1.891280916169369419e+01 5.318175762361258829e-03 5.057022116766183087e-03 5.852170499775024605e-03 1.383756332064180888e-02 1.328503623487294408e-02 1.430349317194691376e-02
1.897277816670099426e+01 5.265612758661098597e-03 5.005234707306909121e-03 5.794944982140569183e-03 1.371929834817063598e-02 1.316838053864692777e-02 1.418224406223344419e-02
1.903274717170829433e+01 5.214165188513866615e-03 4.954638697154956084e-03 5.738905476103356267e-03 1.360313696508071331e-02 1.305396312226759711e-02 1.406310354795490061e-02
1.909271617671559440e+01 5.163783259379549004e-03 4.905175771740846041e-03 5.684000464218013672e-03 1.348899673134049126e-02 1.294168681568695634e-02 1.394599156865402624e-02
1.915268518172289447e+01 5.114421089635275836e-03 4.856792451171958701e-03 5.630182408958035040e-03 1.337680133598919199e-02 1.283146214302024850e-02 1.383083389496373924e-02
1.921265418673019454e+01 5.066036278433549978e-03 4.809439547024403627e-03 5.577407318288900816e-03 1.326647993712742196e-02 1.272320647381128787e-02 1.371756150614026129e-02
1.927262319173749461e+01 5.018589533429766020e-03 4.763071692728807274e-03 5.525634369434486229e-03 1.315796658953888310e-02 1.261684328783635282e-02 1.360611004989186953e-02
1.933259219674479823e+01 4.972044347430604368e-03 4.717646936148087687e-03 5.474825581871446863e-03 1.305119974655724081e-02 1.251230153606841186e-02 1.349641937197313887e-02
1.939256120175209475e+01 4.926366716557840572e-03 4.673126384911580576e-03 5.424945532126342583e-03 1.294612182506971534e-02 1.240951508338208713e-02 1.338843310514068081e-02
1.945253020675939837e+01 4.881524893773496986e-03 4.629473896665299570e-03 5.375961104200350019e-03 1.284267882440507172e-02 1.230842222098875970e-02 1.328209830879791865e-02
1.951249921176669488e+01 4.837489172631950773e-03 4.586655807697652930e-03 5.327841270465928994e-03 1.274081999136829173e-02 1.220896523855966899e-02 1.317736515207221584e-02
1.957246821677399851e+01 4.794231696958623119e-03 4.544640694463216932e-03 5.280556898714441894e-03 1.264049752492665997e-02 1.211109004760772476e-02 1.307418663422943439e-02
1.963243722178129858e+01 4.751726292840433713e-03 4.503399163401015752e-03 5.234080581720366651e-03 1.254166631507700608e-02 1.201474584903007743e-02 1.297251833729032820e-02
1.969240622678859864e+01 4.709948319878398335e-03 4.462903665164191791e-03 5.188386486254129536e-03 1.244428371126976053e-02 1.191988483881175134e-02 1.287231820650410960e-02
1.975237523179589871e+01 4.668874539121047225e-03 4.423128329974927719e-03 5.143450218945411212e-03 1.234830931646830644e-02 1.182646194680425818e-02 1.277354635499503878e-02
1.981234423680319878e+01 4.628482995486277347e-03 4.384048821314292382e-03 5.099248706789003861e-03 1.225370480350766907e-02 1.173443460425267065e-02 1.267616488944436903e-02
1.987231324181049885e+01 4.588752912803867844e-03 4.345642205570331845e-03 5.055760090411338427e-03 1.216043375090497189e-02 1.164376253637945668e-02 1.258013775413046112e-02
1.993228224681779892e+01 4.549664599882310631e-03 4.307886835613883129e-03 5.012963628488594989e-03 1.206846149568542928e-02 1.155440757686669595e-02 1.248543059103316213e-02
1.999225125182510254e+01 4.511199366231851728e-03 4.270762246562231565e-03 4.970839611936650991e-03 1.197775500113088150e-02 1.146633350152604161e-02 1.239201061403415356e-02
2.005222025683239906e+01 4.473339446267500172e-03 4.234249062235477014e-03 4.929369286686227127e-03 1.188828273765095422e-02 1.137950587882354155e-02 1.229984649551664998e-02
2.011218926183970268e+01 4.436067930978163619e-03 4.198328911017341729e-03 4.888534784019979082e-03 1.180001457522173239e-02 1.129389193524625232e-02 1.220890826390062800e-02
2.017215826684699920e+01 4.399368706185708723e-03 4.162984350007385703e-03 4.848319057586833979e-03 1.171292168604669975e-02 1.120946043377018045e-02 1.211916721084565184e-02
2.023212727185430282e+01 4.363226396634293548e-03 4.128198796500412958e-03 4.808705826326416938e-03 1.162697645627271299e-02 1.112618156391822523e-02 1.203059580702095684e-02
2.029209627686160289e+01 4.327626315250467440e-03 4.093956465956029994e-03 4.769679522637059257e-03 1.154215240574541120e-02 1.104402684209607709e-02 1.194316762548544054e-02
2.035206528186890296e+01 4.292554416999130179e-03 4.060242315729346678e-03 4.731225245206424970e-03 1.145842411491869613e-02 1.096296902106098578e-02 1.185685727184209934e-02
2.041203428687620303e+01 4.257997256833805436e-03 4.027041993927114524e-03 4.693328715997644070e-03 1.137576715814420450e-02 1.088298200752445440e-02 1.177164032043719749e-02
2.047200329188350310e+01 4.223941951302099748e-03 3.994341792833063301e-03 4.655976240946832836e-03 1.129415804266307652e-02 1.080404078701311353e-02 1.168749325596411641e-02
2.053197229689080672e+01 4.190376143421337303e-03 3.962128606415048909e-03 4.619154673982409261e-03 1.121357415270455953e-02 1.072612135522050050e-02 1.160439341990986313e-02
2.059194130189810323e+01 4.157287970485821875e-03 3.930389891485847227e-03 4.582851384023768279e-03 1.113399369816772677e-02 1.064920065517449208e-02 1.152231896134975515e-02
2.065191030690540686e+01 4.124666034507565131e-03 3.899113632140666259e-03 4.547054224657264172e-03 1.105539566742459040e-02 1.057325651962484798e-02 1.144124879165423631e-02
2.071187931191270337e+01 4.092499375027289915e-03 3.868288307138997070e-03 4.511751506223179303e-03 1.097775978383627206e-02 1.049826761812709154e-02 1.136116254272182338e-02
2.077184831692000699e+01 4.060777444062747300e-03 3.837902859936888431e-03 4.476931970077582465e-03 1.090106646562117969e-02 1.042421340835630872e-02 1.128204052839706234e-02
2.083181732192730706e+01 4.029490082988107860e-03 3.807946671109576318e-03 4.442584764820207456e-03 1.082529678875437766e-02 1.035107409124080835e-02 1.120386370877030600e-02
2.089178632693460713e+01 3.998627501160990569e-03 3.778409532933426490e-03 4.408699424302333150e-03 1.075043245261366430e-02 1.027883056954861755e-02 1.112661365708969043e-02
2.095175533194190720e+01 3.968180256134151186e-03 3.749281625922152791e-03 4.375265847249552344e-03 1.067645574811789191e-02 1.020746440960232718e-02 1.105027252904576020e-02
2.101172433694920727e+01 3.938139235306382241e-03 3.720553497134458740e-03 4.342274278351819158e-03 1.060334952813193898e-02 1.013695780583185636e-02 1.097482303421395793e-02
2.107169334195650734e+01 3.908495638882805712e-03 3.692216040090082196e-03 4.309715290689176276e-03 1.053109717993560256e-02 1.006729354790658615e-02 1.090024840946395707e-02
2.113166234696380741e+01 3.879240964028386578e-03 3.664260476148617843e-03 4.277579769375219887e-03 1.045968259957523808e-02 9.998454990215274729e-03 1.082653239416394957e-02
2.119163135197110748e+01 3.850366990110611586e-03 3.636678337220630285e-03 4.245858896312701067e-03 1.038909016793575397e-02 9.930426023486180892e-03 1.075365920702615191e-02
2.125160035697840755e+01 3.821865764937799979e-03 3.609461449694170796e-03 4.214544135966299607e-03 1.031930472838699792e-02 9.863191048361570276e-03 1.068161352445523224e-02
2.131156936198571117e+01 3.793729591909079067e-03 3.582601919471678411e-03 4.183627222067279154e-03 1.025031156587316930e-02 9.796734950759361515e-03 1.061038046027498218e-02
2.137153836699301124e+01 3.765951018000275770e-03 3.556092118022771090e-03 4.153100145173093879e-03 1.018209638732669661e-02 9.731043078871078056e-03 1.053994554672118937e-02
2.143150737200031131e+01 3.738522822517481841e-03 3.529924669367884727e-03 4.122955141012525637e-03 1.011464530329999473e-02 9.666101221660689663e-03 1.047029471659909235e-02
2.149147637700761138e+01 3.711438006556564816e-03 3.504092437915909148e-03 4.093184679553646572e-03 1.004794481071797675e-02 9.601895588741747242e-03 1.040141428651374621e-02
2.155144538201491144e+01 3.684689783112812551e-03 3.478588517086501561e-03 4.063781454737845286e-03 9.981981776664173092e-03 9.538412791521958672e-03 1.033329094109041238e-02
2.161141438702221151e+01 3.658271567790092119e-03 3.453406218654245761e-03 4.034738374828387465e-03 9.916743423121168743e-03 9.475639825514794654e-03 1.026591171810914242e-02
2.167138339202951158e+01 3.632176970063616655e-03 3.428539062757784191e-03 4.006048553326806150e-03 9.852217312592505619e-03 9.413564053727327408e-03 1.019926399448556689e-02
2.173135239703681165e+01 3.606399785054565342e-03 3.403980768522294007e-03 3.977705300414637393e-03 9.788391334541592798e-03 9.352173191041694700e-03 1.013333547303509573e-02
2.179132140204411172e+01 3.580933985778585616e-03 3.379725245248368145e-03 3.949702114881752796e-03 9.725253692586690799e-03 9.291455289514789426e-03 1.006811416996408574e-02
2.185129040705141179e+01 3.555773715833508274e-03 3.355766584124654506e-03 3.922032676506066219e-03 9.662792892398635800e-03 9.231398724528090335e-03 1.000358840303583810e-02
2.191125941205871186e+01 3.530913282494734309e-03 3.332099050425273590e-03 3.894690838852373112e-03 9.600997730250495493e-03 9.171992181725142218e-03 9.939746780364258627e-03
2.197122841706601548e+01 3.506347150189333562e-03 3.308717076156628828e-03 3.867670622460863371e-03 9.539857282174372954e-03 9.113224644679727635e-03 9.876578189791856283e-03
2.203119742207331555e+01 3.482069934322511249e-03 3.285615253121142946e-03 3.840966208398377026e-03 9.479360893683489234e-03 9.055085383242771763e-03 9.814071788812136002e-03
2.209116642708061562e+01 3.458076395432145393e-03 3.262788326368243168e-03 3.814571932147643903e-03 9.419498170020988714e-03 8.997563942520370867e-03 9.752216995000355729e-03
2.215113543208791569e+01 3.434361433649229297e-03 3.240231188005525311e-03 3.788482277811878671e-03 9.360258966900916744e-03 8.940650132439116604e-03 9.691003476918693890e-03
2.221110443709521576e+01 3.410920083443823043e-03 3.217938871345161871e-03 3.762691872613856039e-03 9.301633381708840007e-03 8.884334017859070801e-03 9.630421145465516489e-03
2.227107344210251583e+01 3.387747508637688372e-03 3.195906545362710380e-03 3.737195481670294809e-03 9.243611745132315760e-03 8.828605909197291893e-03 9.570460145640197203e-03
2.233104244710981590e+01 3.364838997666419300e-03 3.174129509447381342e-03 3.711988003023904310e-03 9.186184613194156925e-03 8.773456353528193488e-03 9.511110848697278825e-03
2.239101145211711597e+01 3.342189959075054801e-03 3.152603188424379747e-03 3.687064462916779008e-03 9.129342759663015144e-03 8.718876126129787574e-03 9.452363844666102771e-03
2.245098045712441603e+01 3.319795917232548112e-03 3.131323127831610407e-03 3.662420011290146767e-03 9.073077168818216923e-03 8.664856222446904940e-03 9.394209935213504448e-03
2.251094946213171610e+01 3.297652508251493284e-03 3.110284989434327057e-03 3.638049917496540952e-03 9.017379028547115039e-03 8.611387850445160336e-03 9.336640126828894826e-03
2.257091846713901617e+01 3.275755476100538320e-03 3.089484546962597156e-03 3.613949566211516022e-03 8.962239723755007631e-03 8.558462423331048355e-03 9.279645624312797200e-03
2.263088747214631979e+01 3.254100668897879581e-03 3.068917682057573180e-03 3.590114453533090142e-03 8.907650830069540476e-03 8.506071552615703663e-03 9.223217824550997493e-03
2.269085647715361986e+01 3.232684035375096073e-03 3.048580380413740826e-03 3.566540183257736665e-03 8.853604107821901742e-03 8.454207041501404785e-03 9.167348310558195990e-03
2.275082548216091993e+01 3.211501621501244418e-03 3.028468728105036204e-03 3.543222463322792410e-03 8.800091496289285178e-03 8.402860878571435932e-03 9.112028845775367591e-03
2.281079448716822000e+01 3.190549567258057356e-03 3.008578908083883296e-03 3.520157102405695789e-03 8.747105108183722208e-03 8.352025231765473900e-03 9.057251368607197387e-03
2.287076349217552007e+01 3.169824103557497552e-03 2.988907196842778471e-03 3.497340006671220258e-03 8.694637224373668802e-03 8.301692442623530982e-03 9.003007987186041616e-03
2.293073249718282014e+01 3.149321549293732959e-03 2.969449961228885423e-03 3.474767176658441915e-03 8.642680288825171919e-03 8.251855020783353117e-03 8.949290974350255362e-03
