# Nd3+ 10 200
5.000000000000000000e+00 1.160949471253147208e-01 1.601671449367385591e-01 1.081639235144159737e-02 1.199445767430079406e-02
5.149300889585168406e+00 1.105104111855070015e-01 1.392970571406862146e-01 1.029739106058082110e-02 1.148259227587833387e-02
5.298601779170337700e+00 7.605885983186636001e-02 1.166738443905352557e-01 9.865245167868364959e-03 1.104828113815048418e-02
5.447902668755506106e+00 7.394948410302169817e-02 1.200758857276144898e-01 9.496744129827990044e-03 1.067344143568932369e-02
5.597203558340674512e+00 7.282109136241672609e-02 1.093581175755919122e-01 9.177278375995790577e-03 1.034548262402858881e-02
5.746504447925843806e+00 5.433300325969916966e-02 8.829188765095589975e-02 8.896857650224753583e-03 1.005533292608679075e-02
5.895805337511012212e+00 6.587650525169366778e-02 9.024976338213096250e-02 8.648246986119975666e-03 9.796250518340021349e-03
6.045106227096180618e+00 4.162031695123371428e-02 7.593723875781246968e-02 8.426003093419147036e-03 9.563093387328074069e-03
6.194407116681349912e+00 4.166055376653857861e-02 7.289939236995340854e-02 8.225918995482384491e-03 9.351854694744534194e-03
6.343708006266518318e+00 4.684597758575021614e-02 6.756897836161959714e-02 8.044675752118377390e-03 9.159355764800761884e-03
6.493008895851687612e+00 4.352032459779898305e-02 5.769432834218708034e-02 7.879611091566891129e-03 8.983036267359941277e-03
6.642309785436856018e+00 2.829449623531831923e-02 6.192568443677935741e-02 7.728559437551848349e-03 8.820806672055019754e-03
6.791610675022024424e+00 3.776703589730592836e-02 6.745128206119842262e-02 7.589737948779960025e-03 8.670941968870967548e-03
6.940911564607192830e+00 3.629590339340236366e-02 5.271614718962581297e-02 7.461663381144503435e-03 8.532003532084671271e-03
7.090212454192362124e+00 2.794939673935428401e-02 4.456487785759120912e-02 7.343090222757980498e-03 8.402780651263989237e-03
7.239513343777530530e+00 1.628565148494958564e-02 5.064932261985904266e-02 7.232963872392935908e-03 8.282246096804973812e-03
7.388814233362699824e+00 2.770304492715394001e-02 5.785905758944809296e-02 7.130384676826898374e-03 8.169521885028343047e-03
7.538115122947868230e+00 1.874069307771804305e-02 4.455913187078589660e-02 7.034579946742258380e-03 8.063852576072342432e-03
7.687416012533036636e+00 2.138352133824118068e-02 3.879749796255874128e-02 6.944881926698367319e-03 7.964584215501549144e-03
7.836716902118205041e+00 2.808849248206568214e-02 4.413906633540305713e-02 6.860710270130611355e-03 7.871147559257610921e-03
7.986017791703374336e+00 2.383458702705457816e-02 2.975965086145631461e-02 6.781557965413336636e-03 7.783044587770088056e-03
8.135318681288541853e+00 1.557485787241550887e-02 4.511883372228302908e-02 6.706979935316595941e-03 7.699837572930382998e-03
8.284619570873712036e+00 1.277766708155465315e-02 4.227425090415488917e-02 6.636583728594535984e-03 7.621140145984845946e-03
8.433920460458880441e+00 2.747592497064459127e-03 1.717271486754115561e-02 6.570021864129674607e-03 7.546609947995115697e-03
8.583221350044048847e+00 2.508883315989645507e-02 4.229507003818875482e-02 6.506985491634856809e-03 7.475942542531125237e-03
8.732522239629217253e+00 1.811339993387773087e-02 3.565088668358318280e-02 6.447199109555946592e-03 7.408866343003394847e-03
8.881823129214385659e+00 1.372641423272492542e-02 1.600913871509525993e-02 6.390416138159847603e-03 7.345138361594958157e-03
9.031124018799555841e+00 1.337982211928398849e-02 2.724375559292558854e-02 6.336415189134631323e-03 7.284540628068252727e-03
9.180424908384724247e+00 1.834409430136585417e-02 3.285999379643400609e-02 6.284996906099464715e-03 7.226877158296654904e-03
9.329725797969892653e+00 8.186297609207273535e-03 2.154502833262435940e-02 6.235981275877915814e-03 7.171971376705921740e-03
9.479026687555061059e+00 2.280613131761503182e-02 3.150686958335278259e-02 6.189205330142871081e-03 7.119663915717578187e-03
9.628327577140229465e+00 1.241089200619025813e-02 1.983419446106112621e-02 6.144521172489077719e-03 7.069810730085434106e-03
9.777628466725399647e+00 1.228019662086686330e-02 1.591304835558937994e-02 6.101794278155801138e-03 7.022281475683218518e-03
9.926929356310566277e+00 1.107645612225979272e-02 3.026767134694112460e-02 6.060902023268927540e-03 6.976958111560877841e-03
1.007623024589573646e+01 1.623944858368080169e-02 2.721639786351058576e-02 6.021732408169450622e-03 6.933733691483628253e-03
1.022553113548090487e+01 9.541476051266595260e-03 2.363288160652608424e-02 5.984182945574574586e-03 6.892511317113257999e-03
1.037483202506607327e+01 -1.214334482422640971e-03 1.792345760702206137e-02 5.948159689306233358e-03 6.853203229798791526e-03
1.052413291465124345e+01 1.479856888195658568e-02 2.005763632394333418e-02 5.913576383371173598e-03 6.815730021854496390e-03
1.067343380423641008e+01 5.170065971517799966e-03 3.062080555436162352e-02 5.880353714480654817e-03 6.780019951403490688e-03
1.082273469382158027e+01 -4.172769392598361590e-03 1.478488894885354558e-02 5.848418653806926326e-03 6.746008347499226829e-03
1.097203558340674867e+01 5.634873656805769807e-03 6.701609483462975247e-03 5.817703876005766647e-03 6.713637094419178802e-03
1.112133647299191708e+01 1.745660106543549944e-02 2.347660225439350545e-02 5.788147245382005077e-03 6.682854185843608089e-03
1.127063736257708548e+01 1.473227192384170270e-02 2.229488119842641669e-02 5.759691360611407865e-03 6.653613341159336086e-03
1.141993825216225389e+01 8.616291858356389319e-03 3.070914167870820652e-02 5.732283150715739711e-03 6.625873677420025462e-03
1.156923914174742407e+01 1.606124134153243468e-02 1.114082944587833565e-02 5.705873516064777044e-03 6.599599431596946814e-03
1.171854003133259070e+01 -9.336557410908226384e-04 1.927235073711493912e-02 5.680417009087085356e-03 6.574759728704611741e-03
1.186784092091776088e+01 -3.188630736213255747e-03 2.162113672591541719e-02 5.655871550140570067e-03 6.551328392214653476e-03
1.201714181050292929e+01 1.089499025304998918e-02 7.125397138657785234e-03 5.632198174648955606e-03 6.529283793904600355e-03
1.216644270008809769e+01 1.426198069707889163e-02 1.792222400348401912e-02 5.609360808171419410e-03 6.508608740947205429e-03
1.231574358967326788e+01 4.404441877569031591e-03 -1.155322543633737278e-03 5.587326066556366419e-03 6.489290398649634993e-03
1.246504447925843451e+01 8.033123011034332822e-03 1.782334030169058225e-02 5.566063078750425885e-03 6.471320247816356869e-03
1.261434536884360469e+01 1.028344299479438950e-02 1.407575185613029779e-02 5.545543330201824217e-03 6.454694076250384882e-03
1.276364625842877309e+01 1.322226334394196144e-02 2.542754141635645768e-02 5.525740525123205675e-03 6.439412004438564360e-03
1.291294714801394150e+01 6.667396065181987325e-03 1.592427155181561776e-02 5.506630466171102793e-03 6.425478546001930392e-03
1.306224803759910991e+01 -8.408097945720720279e-03 1.135599275870445221e-02 5.488190950365214038e-03 6.412902704045813675e-03
1.321154892718427831e+01 9.491703779460926999e-03 1.744452125608797477e-02 5.470401680317005591e-03 6.401698105131339335e-03
1.336084981676944849e+01 -5.036661243431531446e-03 1.605125972251788061e-02 5.453244190070290556e-03 6.391883173226538262e-03
1.351015070635461690e+01 5.753463130174140891e-03 6.627666842739837923e-03 5.436701785082281684e-03 6.383481346699837987e-03
1.365945159593978531e+01 -3.507157938249954622e-03 1.677560132979718024e-02 5.420759496098180585e-03 6.376521342212376070e-03
1.380875248552495371e+01 6.064332736843820737e-03 8.518749512833372062e-03 5.405404046901950144e-03 6.371037470273623396e-03
1.395805337511012212e+01 5.936740785989751829e-03 9.152561808368032265e-03 5.390623836167257599e-03 6.367070008276914592e-03
1.410735426469529052e+01 8.727402986622005004e-03 1.818800946707690297e-02 5.376408933893211083e-03 6.364665638064504263e-03
1.425665515428046071e+01 3.745519872698306954e-03 2.052811771279734743e-02 5.362751093198463506e-03 6.363877956530183608e-03
1.440595604386562911e+01 4.560394374732757578e-03 1.622820496274603175e-02 5.349643778574731875e-03 6.364768069507216637e-03
1.455525693345079752e+01 6.840082695411076746e-03 2.981938883596214201e-02 5.337082212079870963e-03 6.367405281279709187e-03
1.470455782303596592e+01 1.814435722359166933e-02 2.352691460575152826e-02 5.325063439396976808e-03 6.371867894584153091e-03
1.485385871262113433e+01 6.867689530006485486e-03 5.873975362810146539e-03 5.313586418219679725e-03 6.378244139045972580e-03
1.500315960220630451e+01 -1.804259478076140205e-03 1.765612070507915563e-02 5.302652132070049054e-03 6.386633249764933629e-03
1.515246049179147292e+01 3.729963305030475039e-03 1.854662731269087622e-02 5.292263733447167759e-03 6.397146722405879296e-03
1.530176138137664132e+01 1.088768120967631772e-02 8.777686469393707752e-03 5.282426721183636903e-03 6.409909776902512901e-03
1.545106227096180973e+01 5.595774388987154527e-04 1.066068756538785661e-02 5.273149158109668999e-03 6.425063069049248912e-03
1.560036316054697814e+01 -7.915972920867056506e-03 1.367238901703945672e-02 5.264441936662944167e-03 6.442764698241328601e-03
1.574966405013214654e+01 -3.985612260056474974e-03 1.792734315731927403e-02 5.256319102034718097e-03 6.463192570958102394e-03
1.589896493971731672e+01 1.554296773643495770e-03 8.229507618692765911e-03 5.248798244938940490e-03 6.486547193975582618e-03
1.604826582930248691e+01 -5.519833265768723900e-03 2.543398952334625235e-02 5.241900979308329600e-03 6.513054989690738109e-03
1.619756671888765354e+01 3.917876514038159952e-03 3.105500506654791659e-03 5.235653524400009362e-03 6.542972249624566874e-03
1.634686760847282017e+01 2.610856637435980676e-03 1.370451071376340910e-02 5.230087416265221528e-03 6.576589872895315797e-03
1.649616849805799035e+01 9.808078272316401655e-05 3.497354113881896015e-02 5.225240380763524796e-03 6.614239076630083411e-03
1.664546938764316053e+01 2.477281992783791388e-03 2.043086946741870524e-02 5.221157409928698333e-03 6.656298318270767109e-03
1.679477027722833071e+01 1.723097827734940309e-03 1.970685358476667245e-02 5.217892096439608919e-03 6.703201740252058213e-03
1.694407116681349734e+01 1.106424538077901108e-02 1.683502808925418232e-02 5.215508298532796350e-03 6.755449542306026650e-03
1.709337205639866397e+01 -1.948416485585190670e-03 1.996462819696805807e-02 5.214082231831043170e-03 6.813620815358528357e-03
1.724267294598383415e+01 1.493376178300884378e-02 1.518607386388237668e-02 5.213705118077852953e-03 6.878389547754009195e-03
1.739197383556900434e+01 3.159901697073627669e-03 1.481589043412967141e-02 5.214486567884042689e-03 6.950544760286224942e-03
1.754127472515417097e+01 -6.423682517231990748e-04 3.086290577460769693e-02 5.216558941724714314e-03 7.031016072652331375e-03
1.769057561473934115e+01 8.630048874511051654e-03 3.588855749782871030e-02 5.220083030490913108e-03 7.120906498521171156e-03
1.783987650432450778e+01 1.928185471925223955e-03 2.637845916405211558e-02 5.225255539533336241e-03 7.221534984170082175e-03
1.798917739390967796e+01 -1.127587361042397575e-04 2.552176318942672370e-02 5.232319073509933416e-03 7.334492265276595577e-03
1.813847828349484814e+01 7.502357336431151463e-03 3.108185508479887477e-02 5.241575644988385671e-03 7.461715210508057874e-03
1.828777917308001477e+01 2.597506514453487049e-03 2.779733244833601860e-02 5.253405238025320861e-03 7.605587269066460543e-03
1.843708006266518140e+01 2.341328875290590601e-03 5.231258749007836051e-02 5.268291771826529371e-03 7.769076488590791717e-03
1.858638095225035158e+01 2.413023584167711851e-03 3.881813523969711993e-02 5.286860151790057083e-03 7.955928780327553573e-03
1.873568184183552177e+01 2.623706996053468826e-03 5.252483731428179980e-02 5.309930386143449713e-03 8.170944426031882812e-03
1.888498273142069195e+01 -5.810759694088119855e-03 5.211482490326109496e-02 5.338598819816024917e-03 8.420383537859330025e-03
1.903428362100585858e+01 -8.263273154434820633e-04 5.538858240919478093e-02 5.374364149749791091e-03 8.712577764362235827e-03
1.918358451059102521e+01 1.065110641150594610e-02 5.625984260257286401e-02 5.419331031940942400e-03 9.058884236274634960e-03
1.933288540017619539e+01 -2.072155728299242966e-04 7.185419282220455173e-02 5.476556835495638431e-03 9.475231777732717395e-03
1.948218628976136557e+01 7.068039438999031490e-03 8.854192420350766313e-02 5.550686912351098304e-03 9.984739103280456524e-03
1.963148717934653575e+01 4.112173691413419790e-03 1.070736922816835079e-01 5.649257047411643598e-03 1.062234191313183446e-02
1.978078806893170238e+01 7.753950515858653442e-03 1.087639074513808979e-01 5.785878180494192016e-03 1.144309947226576640e-02
1.993008895851686901e+01 1.543888644222630654e-02 1.853189061856883035e-01 5.989534135873861125e-03 1.253581927759984775e-02
2.007938984810203920e+01 1.100815816882330829e-02 2.459713266499949647e-01 6.330269031188360401e-03 1.403713784858849969e-02
2.022869073768720938e+01 1.463923057289666374e-02 3.898989226525528262e-01 6.957720178801677161e-03 1.611741508167116935e-02
2.037799162727237956e+01 2.981896507517851902e-02 5.595518815454212369e-01 8.065165329195930072e-03 1.888491642910146776e-02
2.052729251685754619e+01 8.878599927598317121e-02 7.968264657175965215e-01 9.700269082552229888e-03 2.221059621276119320e-02
2.067659340644271282e+01 1.469049250159009945e-01 1.163518549536216140e+00 1.161547687423314552e-02 2.561636892175768801e-02
2.082589429602788300e+01 2.053909442481995362e-01 1.478731567426737170e+00 1.334527087914718149e-02 2.838085847626444988e-02
2.097519518561305318e+01 2.972069083551827640e-01 1.707416370719059495e+00 1.441020193836974918e-02 2.982087808082841893e-02
2.112449607519821981e+01 2.903925064733521855e-01 1.629190816617154258e+00 1.447522706561549591e-02 2.956018002543795917e-02
2.127379696478339000e+01 2.191158192216609846e-01 1.432335794203410506e+00 1.346299580688470852e-02 2.766418706969498917e-02
2.142309785436855663e+01 1.221671533422039185e-01 1.079125615023017959e+00 1.165990441111721884e-02 2.462641623098272767e-02
2.157239874395372681e+01 8.125061523121195062e-02 7.376223292062187298e-01 9.649185996595482581e-03 2.119121896357177917e-02
2.172169963353889699e+01 4.025208590665649983e-02 5.076178555726403863e-01 7.999198316068826392e-03 1.804713119593245180e-02
2.187100052312406362e+01 2.278241187519334035e-02 3.304555611553449679e-01 6.955791999389658066e-03 1.557030485684254145e-02
2.202030141270923380e+01 5.731659010997088716e-03 2.471127472987790230e-01 6.410159026874161226e-03 1.379571551797869125e-02
2.216960230229440043e+01 6.041795707938780492e-03 1.795474522628255076e-01 6.139244824693490879e-03 1.257959122234386141e-02
2.231890319187957061e+01 1.468254890359586839e-02 1.542128383237962030e-01 6.000967279269102048e-03 1.176369535092528645e-02
2.246820408146474080e+01 -5.839715550107066333e-04 1.231058292136714000e-01 5.936762016988986548e-03 1.124058165345581325e-02
2.261750497104990743e+01 2.112342506145885312e-02 1.219453126105368712e-01 5.925806497763487155e-03 1.095407150906455365e-02
2.276680586063507761e+01 1.246243028972389248e-02 1.060700549328978670e-01 5.963556870298912863e-03 1.088711519626061816e-02
2.291610675022024424e+01 9.297410940650088079e-03 1.163059815233548761e-01 6.057611698181510074e-03 1.105710506610101292e-02
2.306540763980541442e+01 2.006066737220569760e-02 1.468284223490163853e-01 6.235400449974001086e-03 1.152140906427203022e-02
2.321470852939058105e+01 3.329776945622690137e-02 1.870023065405326534e-01 6.575991616560985208e-03 1.238598864969933655e-02
2.336400941897575123e+01 1.748328989776114575e-02 2.246742027521750340e-01 7.273966148787457814e-03 1.378169596024734177e-02
2.351331030856092141e+01 5.567784637890940691e-02 3.246650125939085640e-01 8.598004483718063237e-03 1.574682416755941380e-02
2.366261119814608804e+01 8.666565010456558915e-02 4.609034182142556224e-01 1.054974968898799055e-02 1.805109427936669314e-02
2.381191208773125823e+01 1.759581485638888887e-01 6.875742966917237631e-01 1.258751894303802854e-02 2.016698115337793237e-02
2.396121297731642485e+01 2.711354824871939906e-01 7.420583561356033364e-01 1.386994265952310942e-02 2.148946798427782759e-02
2.411051386690159504e+01 2.187008188355110128e-01 7.712147712912433839e-01 1.383086234765591206e-02 2.161213210953176825e-02
2.425981475648676522e+01 1.767174383476305399e-01 7.140517630105727154e-01 1.254024814501899544e-02 2.047452264652380172e-02
2.440911564607193185e+01 1.093315181568103173e-01 5.336467805170939105e-01 1.059583545086673073e-02 1.839658406467171298e-02
2.455841653565710203e+01 5.845478455606243490e-02 3.262204669303119253e-01 8.751304043384216039e-03 1.597287577298981548e-02
2.470771742524226866e+01 4.299651502246406437e-02 2.436586402999746381e-01 7.512089470766494803e-03 1.378004760686211277e-02
2.485701831482743884e+01 3.396706068451459115e-02 1.713756870151219858e-01 6.908702093081390758e-03 1.210522620957381335e-02
2.500631920441260903e+01 2.678013713233091259e-02 1.170939258734347149e-01 6.686229996753088184e-03 1.093805278495700584e-02
2.515562009399777565e+01 3.419721434821217099e-02 9.151704712720375168e-02 6.645013164530364988e-03 1.014736459873458174e-02
2.530492098358294584e+01 7.612434825297678676e-03 8.429842469013282269e-02 6.704752840826526915e-03 9.615049160222807756e-03
2.545422187316811247e+01 1.029456404037867694e-02 3.908564890091879851e-02 6.841284948028989940e-03 9.268254562088308265e-03
2.560352276275328265e+01 2.122258558735805323e-02 7.740730101925466511e-02 7.052833509749856580e-03 9.069902796810204101e-03
2.575282365233844928e+01 3.862425657031561682e-02 5.776316142885888627e-02 7.351865976011149467e-03 9.007700376755890803e-03
2.590212454192361946e+01 4.102274583658319096e-02 6.093017568052881694e-02 7.767432505559990034e-03 9.089960834718861099e-03
2.605142543150878964e+01 4.803158489220269584e-02 7.102103021146437267e-02 8.357690063607238484e-03 9.348311623192585851e-03
2.620072632109395627e+01 8.100911407559520383e-02 8.317833221304128666e-02 9.249744738157490709e-03 9.847894280960587526e-03
2.635002721067912645e+01 1.301118139277376295e-01 1.172622555779202630e-01 1.077820573738017679e-02 1.070149273168641800e-02
2.649932810026429308e+01 2.323394924210459289e-01 1.544364009989470099e-01 1.380330808166708480e-02 1.205041219869907795e-02
2.664862898984946327e+01 5.746801165561034042e-01 2.426034931342044287e-01 1.945048118765308962e-02 1.391085101620891801e-02
2.679792987943463345e+01 1.341900937730851950e+00 3.556806559172478455e-01 2.698475822245432337e-02 1.588998020288762483e-02
2.694723076901980008e+01 2.012585558823019038e+00 4.376759690518711721e-01 3.248426272229983786e-02 1.716060595008019746e-02
2.709653165860497026e+01 1.946607451089185981e+00 4.262991962237014376e-01 3.193946978665604397e-02 1.701899548549729024e-02
2.724583254819013689e+01 1.204443195834060232e+00 3.421426680739820814e-01 2.577845934241948869e-02 1.552949244346986217e-02
2.739513343777530707e+01 5.167922634816062288e-01 2.185085466018193978e-01 1.834997686666034467e-02 1.345381468774381820e-02
2.754443432736047370e+01 2.081958571424035176e-01 1.535107241479822249e-01 1.314881256504873454e-02 1.156025645454552761e-02
2.769373521694564388e+01 1.000007628559241024e-01 9.314145287149599994e-02 1.043671452851004794e-02 1.015518018923710492e-02
2.784303610653081407e+01 6.430118073259098732e-02 5.859701130302790578e-02 9.034253317684808049e-03 9.184460957879716711e-03
2.799233699611598070e+01 4.177819522987005069e-02 4.376596981032928463e-02 8.183764949385583659e-03 8.506326830804711303e-03
2.814163788570115088e+01 1.730943695536882321e-02 4.114585591599965314e-02 7.600153043461855759e-03 8.013452744660684579e-03
2.829093877528631751e+01 2.462085569540000199e-02 3.362372927525084099e-02 7.170524604715617159e-03 7.640588557278135337e-03
2.844023966487148769e+01 2.334367325201642043e-02 2.690506277041397956e-02 6.839755904204797288e-03 7.348836655502427595e-03
2.858954055445665787e+01 7.859317505458500788e-03 1.534884210232994456e-02 6.576814389766459830e-03 7.114164391036193955e-03
2.873884144404182450e+01 2.246086161949100574e-02 2.340874387796069989e-02 6.362631511637227046e-03 6.921065004753577422e-03
2.888814233362699468e+01 1.150675930701636554e-02 1.922099885140575448e-02 6.184757243959822758e-03 6.759131925643908564e-03
2.903744322321216131e+01 4.431221241895268517e-03 1.599299269239637389e-02 6.034683726476223684e-03 6.621141757930203500e-03
2.918674411279733150e+01 2.538586367450530734e-03 1.399631699349693226e-02 5.906384406875262415e-03 6.501934128895311103e-03
2.933604500238250168e+01 3.505333808763397632e-03 1.749154912220700700e-02 5.795463804738276714e-03 6.397730066415745209e-03
2.948534589196766831e+01 1.067227089480240511e-02 1.445753109407232895e-02 5.698637117351992160e-03 6.305702070688655285e-03
2.963464678155283849e+01 7.564100716484492212e-03 -8.874108208225400807e-05 5.613398412593638420e-03 6.223694300039659885e-03
2.978394767113800512e+01 7.190121452426791182e-03 1.101959237900350733e-02 5.537801735822005939e-03 6.150035388862615596e-03
2.993324856072317530e+01 1.020224834262790231e-02 1.408367566549452270e-02 5.470312470005610564e-03 6.083410170199036321e-03
3.008254945030834193e+01 6.296106160494216106e-04 2.765446518835940753e-04 5.409703855455440941e-03 6.022769863808092629e-03
3.023185033989351211e+01 1.845711007545238272e-02 1.304463614241605299e-02 5.354983366498358363e-03 5.967267982395912940e-03
3.038115122947868230e+01 7.818125499155288705e-03 1.170894756975007778e-02 5.305339318233415376e-03 5.916213799505464464e-03
3.053045211906384893e+01 5.508642640352883792e-03 1.522991582645015843e-02 5.260101480324430936e-03 5.869038038879909741e-03
3.067975300864901911e+01 1.166307164289183233e-02 4.578422287005685237e-03 5.218711577489395723e-03 5.825267215995376391e-03
3.082905389823418574e+01 -5.445892224719592681e-03 -1.855339520257938413e-03 5.180700889741477431e-03 5.784504201060537351e-03
3.097835478781935592e+01 8.329043584307195894e-03 7.415152080293681801e-03 5.145673030922484972e-03 5.746413319778514994e-03
3.112765567740452610e+01 2.000898735111493465e-03 4.086368887203188464e-03 5.113290557713747082e-03 5.710708807335259513e-03
3.127695656698969273e+01 -2.109477290917895036e-04 1.456098943339557625e-02 5.083264448767088259e-03 5.677145770289817803e-03
3.142625745657486291e+01 4.126153083748426188e-03 4.153065720826866133e-03 5.055345759825995676e-03 5.645513045136223325e-03
3.157555834616002954e+01 1.170147077354921801e-03 2.810942174776722910e-03 5.029318946520244631e-03 5.615627506170692805e-03
3.172485923574519973e+01 6.305026966141184450e-03 3.611677712683277180e-03 5.004996478079426145e-03 5.587329491518811149e-03
3.187416012533036636e+01 3.857949883718691381e-03 2.881006551969684127e-03 4.982214459599653041e-03 5.560479099618969440e-03
3.202346101491554009e+01 -2.696766134413915075e-03 5.813786101977774790e-03 4.960829049047755374e-03 5.534953169049996666e-03
3.217276190450070317e+01 -5.337193665170215408e-03 1.311181088478920349e-02 4.940713505538202668e-03 5.510642799058584548e-03
3.232206279408587335e+01 1.913776636475937338e-03 7.503935949812893039e-03 4.921755742792122829e-03 5.487451301102011340e-03
3.247136368367104353e+01 1.089867216233877251e-02 8.722214117898689778e-03 4.903856289703071268e-03 5.465292496380443760e-03
3.262066457325620661e+01 -3.931909660155479685e-03 3.679946528377161380e-03 4.886926581127304034e-03 5.444089292943384006e-03
3.276996546284138390e+01 2.810326200008068844e-03 9.017640865359709615e-03 4.870887518186892660e-03 5.423772490116880556e-03
3.291926635242654697e+01 -1.315933327760814182e-03 1.018760802587830722e-02 4.855668249812257302e-03 5.404279768859281477e-03
3.306856724201171716e+01 1.027839167627910694e-03 -1.873754669521592725e-03 4.841205136890679682e-03 5.385554835044530780e-03
3.321786813159688734e+01 -4.248603177066878622e-03 -1.039324410024532012e-03 4.827440867912612989e-03 5.367546689200572430e-03
3.336716902118205041e+01 1.859236664037396038e-03 1.117142094462353352e-02 4.814323700921435169e-03 5.350209001343382738e-03
3.351646991076722770e+01 8.384114143807091038e-03 2.333886682663275161e-03 4.801806811249851627e-03 5.333499573576885866e-03
3.366577080035239078e+01 -1.422440991925844056e-03 1.221744421394052593e-02 4.789847728248215926e-03 5.317379876324131865e-03
3.381507168993756096e+01 -3.074080468919289551e-03 -3.688691592354589877e-04 4.778407847188785411e-03 5.301814646602757627e-03
3.396437257952273114e+01 2.138905632184956267e-03 7.620982982669038258e-03 4.767452004927036358e-03 5.286771538800749681e-03
3.411367346910789422e+01 4.222702789092537892e-03 -2.053173986273325313e-04 4.756948109839994297e-03 5.272220820054660667e-03
3.426297435869307151e+01 2.920451802954409683e-03 4.302275250254199677e-03 4.746866818137712718e-03 5.258135103666241976e-03
3.441227524827823459e+01 -1.515097223394915819e-04 2.637798784416862420e-03 4.737181249931271022e-03 5.244489115078647748e-03
3.456157613786340477e+01 5.298850052731842461e-04 7.174216439250751844e-03 4.727866739496762276e-03 5.231259485820799644e-03
3.471087702744857495e+01 2.712985840740722056e-03 4.848752953177767194e-03 4.718900615044924543e-03 5.218424571557212302e-03
