# [3.02515003 3.02515003 0.23050767], [3.09750113 3.09750113 0.0518224 ], [2.9620376  2.9620376  0.40876646]
5.000000000000000000e+00 1.169143080878842084e-01 1.239241479070275070e-01 1.120822623201022522e-01 1.602783265315638195e-01 1.728749817112539555e-01 1.540138384299523933e-01
5.099367481697152371e+00 1.051177951737695127e-01 1.105364720615912705e-01 1.013119747280005478e-01 1.466321576803865101e-01 1.573530968273637032e-01 1.413449946782436017e-01
5.198734963394304742e+00 9.523544512665743644e-02 9.950648974455555962e-02 9.217683586526302653e-02 1.349489788848148020e-01 1.441882625663940265e-01 1.304276219672987347e-01
5.298102445091457113e+00 8.682719877981757983e-02 9.024039949424200735e-02 8.433164214513824697e-02 1.248361396448413180e-01 1.328852191029761542e-01 1.209253749444567372e-01
5.397469926788609484e+00 7.958589158322348922e-02 8.234000230484292415e-02 7.752603131810346937e-02 1.159993951600303413e-01 1.230778484975064979e-01 1.125831238349038199e-01
5.496837408485761856e+00 7.328808550334828253e-02 7.552524887437266077e-02 7.157227122023528121e-02 1.082141373120525940e-01 1.144904228322096013e-01 1.052038796320696468e-01
5.596204890182914227e+00 6.776571990446965399e-02 6.959101244968361744e-02 6.632588588603056945e-02 1.013058957200874272e-01 1.069114477323492990e-01 9.863304582454425484e-02
5.695572371880066598e+00 6.288906172473116007e-02 6.438214503060553373e-02 6.167341608434372818e-02 9.513698149059003628e-02 1.001759119345637106e-01 9.274751291033966893e-02
5.794939853577218969e+00 5.855592933782314408e-02 5.977837612027771946e-02 5.752431217945013636e-02 8.959719095350658635e-02 9.415308375097940219e-02 8.744797057580194766e-02
5.894307335274371340e+00 5.468454615000802738e-02 5.568467832695955105e-02 5.380534271972153837e-02 8.459721419600617354e-02 8.873797429973920292e-02 8.265338549042164362e-02
5.993674816971524599e+00 5.120860270946454157e-02 5.202481788821788217e-02 5.045661143121476372e-02 8.006387219323395088e-02 8.384525131224918049e-02 7.829696189847888677e-02
6.093042298668676970e+00 4.807373129441819964e-02 4.873686290028142465e-02 4.742864696842581662e-02 7.593661279127639219e-02 7.940481782191340099e-02 7.432313672392817927e-02
6.192409780365829342e+00 4.523492371480881263e-02 4.576995666170219357e-02 4.468023298274895194e-02 7.216489002498636951e-02 7.535854345331545467e-02 7.068530996954081047e-02
6.291777262062981713e+00 4.265460120178291709e-02 4.308194331090014345e-02 4.217676303823115341e-02 6.870617484688959498e-02 7.165780904687830966e-02 6.734410692436615387e-02
6.391144743760134084e+00 4.030114757293123962e-02 4.063758676397262459e-02 3.988897572749892928e-02 6.552442499385459362e-02 6.826163571326776536e-02 6.426603117247474406e-02
6.490512225457286455e+00 3.814777874892045367e-02 3.840721337155057064e-02 3.779197014192978155e-02 6.258889394914654569e-02 6.513524087034287813e-02 6.142240893541067726e-02
6.589879707154438826e+00 3.617166085206299786e-02 3.636566344521736244e-02 3.586443121293936276e-02 5.987319386885830291e-02 6.224891094642096001e-02 5.878855342502238568e-02
6.689247188851591197e+00 3.435321480512244785e-02 3.449147178110138073e-02 3.408801423708969491e-02 5.735455112347537243e-02 5.957711212518183169e-02 5.634309729873798744e-02
6.788614670548743568e+00 3.267556269258069940e-02 3.276622043584372090e-02 3.244685155244112634e-02 5.501320959734561089e-02 5.709778221912704954e-02 5.406745492820073246e-02
6.887982152245895939e+00 3.112408313106488494e-02 3.117402271975862338e-02 3.092715393349452710e-02 5.283194851438820228e-02 5.479176189338267472e-02 5.194538589132908363e-02
6.987349633943048310e+00 2.968605133691291920e-02 2.970110827815099913e-02 2.951688613246724463e-02 5.079568987634178190e-02 5.264233418035555584e-02 4.996263810147506118e-02
7.086717115640201570e+00 2.835034562273401962e-02 2.833548684249697844e-02 2.820550096797894493e-02 4.889117663209489872e-02 5.063484892682246219e-02 4.810665410853335461e-02
7.186084597337353941e+00 2.710720644451005551e-02 2.706667377121133033e-02 2.698372001391464992e-02 4.710670712536910859e-02 4.875641442069113263e-02 4.636632789482451195e-02
7.285452079034506312e+00 2.594803734993525457e-02 2.588546453262951380e-02 2.584335165356340530e-02 4.543191465619541430e-02 4.699564257394613781e-02 4.473180232013367064e-02
7.384819560731658683e+00 2.486523958156072051e-02 2.478374825629157258e-02 2.477713929999720080e-02 4.385758345831042987e-02 4.534243711337430233e-02 4.319429950761543430e-02
7.484187042428811054e+00 2.385207389509975615e-02 2.375435269562800947e-02 2.377863412654432351e-02 4.237549426273446579e-02 4.378781654378900712e-02 4.174597809020492989e-02
7.583554524125963425e+00 2.290254452490509199e-02 2.279091461512977590e-02 2.284208783092618600e-02 4.097829404517790847e-02 4.232376540468459764e-02 4.037981248754851649e-02
7.682922005823115796e+00 2.201130127917980128e-02 2.188777088487633624e-02 2.196236186610820915e-02 3.965938565454373010e-02 4.094310868617210414e-02 3.908949035141260492e-02
7.782289487520268167e+00 2.117355655870799963e-02 2.103986653920252026e-02 2.113485027745884426e-02 3.841283387343844696e-02 3.963940530831409903e-02 3.786932507234324480e-02
7.881656969217420539e+00 2.038501472410134130e-02 2.024267680929076746e-02 2.035541383864414994e-02 3.723328512908529592e-02 3.840685737555418061e-02 3.671418083303364804e-02
7.981024450914572910e+00 1.964181173120230217e-02 1.949214072606262130e-02 1.962032361416139042e-02 3.611589859848347156e-02 3.724023255052511666e-02 3.561940816226399908e-02
8.080391932611725281e+00 1.894046334450584165e-02 1.878460434991203673e-02 1.892621242161819650e-02 3.505628686794051013e-02 3.613479739033112481e-02 3.458078831573454387e-02
8.179759414308877652e+00 1.827782054823419086e-02 1.811677204719441478e-02 1.827003294213912568e-02 3.405046463889174757e-02 3.508625988419316472e-02 3.359448510799682708e-02
8.279126896006030023e+00 1.765103102206919822e-02 1.748566452210619307e-02 1.764902144803225451e-02 3.309480423786482356e-02 3.409071974725510351e-02 3.265700305923636276e-02
8.378494377703182394e+00 1.705750574718554319e-02 1.688858254333660755e-02 1.706066629481606950e-02 3.218599690277194197e-02 3.314462527891123833e-02 3.176515091430452686e-02
8.477861859400334765e+00 1.649488996858173434e-02 1.632307549030572943e-02 1.650268046891164436e-02 3.132101899131874839e-02 3.224473579861916045e-02 3.091600974870998067e-02
8.577229341097487136e+00 1.596103786980192576e-02 1.578691399360319936e-02 1.597297759971083239e-02 3.049710239863128586e-02 3.138808883809359601e-02 3.010690500468094985e-02
8.676596822794639507e+00 1.545399042219271039e-02 1.527806606585490820e-02 1.546965094075672745e-02 2.971170858676249957e-02 3.057197140399248517e-02 2.933538190568618989e-02
8.775964304491791879e+00 1.497195595768188899e-02 1.479467621844286242e-02 1.499095490365415749e-02 2.896250572365848333e-02 2.979389473589761153e-02 2.859918378448836687e-02
8.875331786188944250e+00 1.451329308548622403e-02 1.433504714078127386e-02 1.453528879339368793e-02 2.824734850746162679e-02 2.905157207540486758e-02 2.789623293147861990e-02
8.974699267886096621e+00 1.407649563213485798e-02 1.389762358573063544e-02 1.410118244765808451e-02 2.756426031687234796e-02 2.834289903728116206e-02 2.722461362953587996e-02
9.074066749583248992e+00 1.366017933309248214e-02 1.348097815999021488e-02 1.368728352747473898e-02 2.691141738220688071e-02 2.766593623593767079e-02 2.658255709122546440e-02
9.173434231280403139e+00 1.326307004495811195e-02 1.308379876414229176e-02 1.329234624395048137e-02 2.628713471678036442e-02 2.701889387230143116e-02 2.596842805560600417e-02
9.272801712977553734e+00 1.288399328120167810e-02 1.270487746518210795e-02 1.291522133711667068e-02 2.568985358592816917e-02 2.640011802946167288e-02 2.538071283670020190e-02
9.372169194674707882e+00 1.252186490288323753e-02 1.234310061625086379e-02 1.255484714919762566e-02 2.511813032264447257e-02 2.580807846175089612e-02 2.481800864497200193e-02
9.471536676371858476e+00 1.217568281975103459e-02 1.199744006502294867e-02 1.221024165676901432e-02 2.457062632552022355e-02 2.524135769244008343e-02 2.427901402789462912e-02
9.570904158069012624e+00 1.184451957731885545e-02 1.166694531468494625e-02 1.188049534499942272e-02 2.404609909724660100e-02 2.469864126097368745e-02 2.376252029665456775e-02
9.670271639766163219e+00 1.152751572261954439e-02 1.135073652042251947e-02 1.156476482304838113e-02 2.354339420111559861e-02 2.417870898246823538e-02 2.326740382385436220e-02
9.769639121463317366e+00 1.122387385584034357e-02 1.104799822039224250e-02 1.126226709319585843e-02 2.306143802925537251e-02 2.368042710070105208e-02 2.279261911226021856e-02
9.869006603160467961e+00 1.093285328739494397e-02 1.075797371379414585e-02 1.097227439779262757e-02 2.259923129025807886e-02 2.320274123157433505e-02 2.233719254762261616e-02
9.968374084857622108e+00 1.065376523052516920e-02 1.047996001026899396e-02 1.069410957796464341e-02 2.215584313576824879e-02 2.274467000749640436e-02 2.190021675972048457e-02
1.006774156655477270e+01 1.038596846854446080e-02 1.021330328475655511e-02 1.042714188644318363e-02 2.173040585582371523e-02 2.230529934464634337e-02 2.148084552534335057e-02
1.016710904825192685e+01 1.012886544357089261e-02 9.957394780433849110e-03 1.017078320414374452e-02 2.132211008153555090e-02 2.188377726498266784e-02 2.107828915516099522e-02
1.026647652994907745e+01 9.881898720252598953e-03 9.711667109633214182e-03 9.924484616363561662e-03 2.093020044128344678e-02 2.147930921337837251e-02 2.069181031354874051e-02
1.036584401164623159e+01 9.644547783723500869e-03 9.475590908901800058e-03 9.687733309860944650e-03 2.055397162316390317e-02 2.109115381761687488e-02 2.032072022659684590e-02
1.046521149334338219e+01 9.416326135985352355e-03 9.248671809765629526e-03 9.460049756747555133e-03 2.019276480212117697e-02 2.071861904535019644e-02 1.996437523888449153e-02
1.056457897504053633e+01 9.196778659203916351e-03 9.030447691427972642e-03 9.240985155173013499e-03 1.984596439513536953e-02 2.036105871764047268e-02 1.962217368425265770e-02
1.066394645673768871e+01 8.985479218134074381e-03 8.820486185676424534e-03 9.030119100299627624e-03 1.951299511215295532e-02 2.001786934351096336e-02 1.929355303987290854e-02
1.076331393843484108e+01 8.782028477128686270e-03 8.618382407782444049e-03 8.827057462130484186e-03 1.919331927421003003e-02 1.968848724411910792e-02 1.897798733646057986e-02
1.086268142013199345e+01 8.586051910011731694e-03 8.423756890231639399e-03 8.631430449427874088e-03 1.888643437349484672e-02 1.937238593882672361e-02 1.867498480059448171e-02
1.096204890182914582e+01 8.397197983562308329e-03 8.236253698785283781e-03 8.442890841298761329e-03 1.859187085299205192e-02 1.906907376865053447e-02 1.838408570784235210e-02
1.106141638352629819e+01 8.215136497515679315e-03 8.055538712699490678e-03 8.261112370072916031e-03 1.830919008589873553e-02 1.877809173539670903e-02 1.810486042780263746e-02
1.116078386522345056e+01 8.039557065879802608e-03 7.881298052963468803e-03 8.085788240897836404e-03 1.803798253725148737e-02 1.849901153726846853e-02 1.783690764430400852e-02
1.126015134692060293e+01 7.870167726028384075e-03 7.713236644204001825e-03 7.916629775057160492e-03 1.777786609219658004e-02 1.823143378393202521e-02 1.757985273589288827e-02
1.135951882861775530e+01 7.706693663494421434e-03 7.551076897471085611e-03 7.753365165412039010e-03 1.752848453710267179e-02 1.797498637597332027e-02 1.733334630341711036e-02
1.145888631031490767e+01 7.548876041678182977e-03 7.394557502500019412e-03 7.595738333595481416e-03 1.728950618129230024e-02 1.772932303541140120e-02 1.709706283301126381e-02
1.155825379201206005e+01 7.396470926822168099e-03 7.243432319262562737e-03 7.443507879676855045e-03 1.706062260857842822e-02 1.749412197547954573e-02 1.687069948412942347e-02
1.165762127370921242e+01 7.249248299613715585e-03 7.097469359694728343e-03 7.296446115976610962e-03 1.684154754905719045e-02 1.726908469927355624e-02 1.665397499347543928e-02
1.175698875540636479e+01 7.106991145668718410e-03 6.956449851440223847e-03 7.154338177565940787e-03 1.663201586275174157e-02 1.705393491811416432e-02 1.644662868676773082e-02
1.185635623710351716e+01 6.969494617942730529e-03 6.820167376291917140e-03 7.016981202745174208e-03 1.643178262773694123e-02 1.684841758160178851e-02 1.624841959126333349e-02
1.195572371880066953e+01 6.836565264821087111e-03 6.688427076762634704e-03 6.884183577470733874e-03 1.624062232631949890e-02 1.665229801237060395e-02 1.605912564286600050e-02
1.205509120049782190e+01 6.708020318267707630e-03 6.561044924882871061e-03 6.755764238303327632e-03 1.605832812371692231e-02 1.646536113949238073e-02 1.587854298247047199e-02
1.215445868219497427e+01 6.583687036972899961e-03 6.437847047916745238e-03 6.631552028988770345e-03 1.588471123447935535e-02 1.628741082535054008e-02 1.570648533696082302e-02
1.225382616389212842e+01 6.463402099942143139e-03 6.318669106217763599e-03 6.511385106264733734e-03 1.571960037264872115e-02 1.611826928161563463e-02 1.554278348099511972e-02
1.235319364558927901e+01 6.347011046416791910e-03 6.203355718920233915e-03 6.395110390919600367e-03 1.556284128235300643e-02 1.595777657071490926e-02 1.538728477638096927e-02
1.245256112728643316e+01 6.234367758421290387e-03 6.091759933587384893e-03 6.282583060517863728e-03 1.541429634620461279e-02 1.580579018991033757e-02 1.523985278648637073e-02
1.255192860898358376e+01 6.125333982594119951e-03 5.983742736319326051e-03 6.173666080557036265e-03 1.527384426951632415e-02 1.566218473579364043e-02 1.510036696374585097e-02
1.265129609068073790e+01 6.019778888287463485e-03 5.879172599167654945e-03 6.068229771137002848e-03 1.514137983897612637e-02 1.552685164768025095e-02 1.496872240891995200e-02
1.275066357237788850e+01 5.917578659216311474e-03 5.777925062014569423e-03 5.966151406509248405e-03 1.501681375504131805e-02 1.539969902904647289e-02 1.484482970135717408e-02
1.285003105407504265e+01 5.818616116206504034e-03 5.679882346354867342e-03 5.867314845133420054e-03 1.490007253793027009e-02 1.528065154681538911e-02 1.472861480009562615e-02
1.294939853577219324e+01 5.722780368835579494e-03 5.584932998675078315e-03 5.771610188105622159e-03 1.479109850771688842e-02 1.516965040896405340e-02 1.462001901623842526e-02
1.304876601746934739e+01 5.629966493983462779e-03 5.492971561356346094e-03 5.678933464039773345e-03 1.468984983967439387e-02 1.506665342160817822e-02 1.451899905764704284e-02
1.314813349916649976e+01 5.540075239515015668e-03 5.403898269240772767e-03 5.589186338682678584e-03 1.459630069668292618e-02 1.497163512743024047e-02 1.442552714763159147e-02
1.324750098086365213e+01 5.453012751505100474e-03 5.317618770196860800e-03 5.502275847727384865e-03 1.451044144121730120e-02 1.488458702806068346e-02 1.433959121998258299e-02
1.334686846256080450e+01 5.368690323592099044e-03 5.234043868200546901e-03 5.418114151460590514e-03 1.443227893017877232e-02 1.480551789381529849e-02 1.426119519339799462e-02
1.344623594425795687e+01 5.287024167209189614e-03 5.153089287616926389e-03 5.336618310039721765e-03 1.436183689663838962e-02 1.473445416504130280e-02 1.419035932912021160e-02
1.354560342595510924e+01 5.207935201596251319e-03 5.074675457525548543e-03 5.257710078346364627e-03 1.429915642343258624e-02 1.467144045024892408e-02 1.412712067642294886e-02
1.364497090765226162e+01 5.131348862641385393e-03 4.998727315081219480e-03 5.181315719506019574e-03 1.424429651450870304e-02 1.461654012721576301e-02 1.407153361149274771e-02
1.374433838934941399e+01 5.057194929740381137e-03 4.925174127044604049e-03 5.107365836302204566e-03 1.419733477097410816e-02 1.456983605436723735e-02 1.402367047624619202e-02
1.384370587104656636e+01 4.985407369997911509e-03 4.853949328753908408e-03 5.035795219846814393e-03 1.415836817997848628e-02 1.453143140097666250e-02 1.398362232473150495e-02
1.394307335274371873e+01 4.915924199226956448e-03 4.784990379942777143e-03 4.966542715000432130e-03 1.412751402587330944e-02 1.450145060611616327e-02 1.395149978600177844e-02
1.404244083444087110e+01 4.848687359334365177e-03 4.718238636941576337e-03 4.899551102167693829e-03 1.410491093457265539e-02 1.448004047785019476e-02 1.392743405373815004e-02
1.414180831613802347e+01 4.783642611813517659e-03 4.653639240931632497e-03 4.834766995225412388e-03 1.409072006371286413e-02 1.446737144592895145e-02 1.391157801447426810e-02
1.424117579783517584e+01 4.720739447200238484e-03 4.591141022056503297e-03 4.772140755477297276e-03 1.408512645311037377e-02 1.446363898324293067e-02 1.390410752805679336e-02
1.434054327953232821e+01 4.659931010488971639e-03 4.530696419333165269e-03 4.711626421670693163e-03 1.408834055218506631e-02 1.446906521358649195e-02 1.390522287601059573e-02
1.443991076122948058e+01 4.601174042653783693e-03 4.472261416451054142e-03 4.653181656260010901e-03 1.410059994350026241e-02 1.448390072589586693e-02 1.391515039580191668e-02
1.453927824292663296e+01 4.544428838576946260e-03 4.415795493701323883e-03 4.596767708261399916e-03 1.412217128442319787e-02 1.450842661813438531e-02 1.393414432166220109e-02
1.463864572462378533e+01 4.489659221858243593e-03 4.361261596444928126e-03 4.542349393216589711e-03 1.415335249219906374e-02 1.454295679746388237e-02 1.396248885570854428e-02
1.473801320632093770e+01 4.436832537165404100e-03 4.308626120709206815e-03 4.489895090973745721e-03 1.419447520153519285e-02 1.458784056735084461e-02 1.400050049664727791e-02
1.483738068801809007e+01 4.385919660993218769e-03 4.257858916703365776e-03 4.439376762204659717e-03 1.424590752820404684e-02 1.464346553690519179e-02 1.404853065746067796e-02
1.493674816971524244e+01 4.336895031931342452e-03 4.208933311266769943e-03 4.390769984814159137e-03 1.430805717730641163e-02 1.471026089315984574e-02 1.410696860825781489e-02
1.503611565141239481e+01 4.289736701803309633e-03 4.161826150516847664e-03 4.344054011665765547e-03 1.438137494082587266e-02 1.478870108331147015e-02 1.417624478604180213e-02
1.513548313310954718e+01 4.244426409339086860e-03 4.116517864250755256e-03 4.299211851353582949e-03 1.446635863611426577e-02 1.487930996133028476e-02 1.425683451965899587e-02
1.523485061480669955e+01 4.200949678388201346e-03 4.072992553985330805e-03 4.256230374102405040e-03 1.456355754517467058e-02 1.498266546201654399e-02 1.434926222582915897e-02
1.533421809650385192e+01 4.159295943079428272e-03 4.031238106901666694e-03 4.215100445285255119e-03 1.467357742429150312e-02 1.509940487578859299e-02 1.445410614113207953e-02
1.543358557820100430e+01 4.119458702797997203e-03 3.991246338405086448e-03 4.175817089522416460e-03 1.479708616499153875e-02 1.523023080953732344e-02 1.457200366540841244e-02
1.553295305989815667e+01 4.081435710396409677e-03 3.953013166531950569e-03 4.138379688881933458e-03 1.493482020086021184e-02 1.537591793315479759e-02 1.470365740455043153e-02
1.563232054159530904e+01 4.045229197696951703e-03 3.916538822047752576e-03 4.102792219356461885e-03 1.508759177082408254e-02 1.553732062830064271e-02 1.484984201550713576e-02
1.573168802329246141e+01 4.010846143104683688e-03 3.881828098806660698e-03 4.069063530566122654e-03 1.525629716868478168e-02 1.571538167617907850e-02 1.501141197400102795e-02
1.583105550498961378e+01 3.978298587054599281e-03 3.848890649805955782e-03 4.037207674558619154e-03 1.544192613161620570e-02 1.591114214526724233e-02 1.518931040655341347e-02
1.593042298668676615e+01 3.947604002098576911e-03 3.817741335400766552e-03 4.007244290677823041e-03 1.564557254784863446e-02 1.612575266893302023e-02 1.538457915369341109e-02
1.602979046838391852e+01 3.918785725737245623e-03 3.788400631383255935e-03 3.979199054792503971e-03 1.586844669689083109e-02 1.636048633780108966e-02 1.559837026161212462e-02
1.612915795008107267e+01 3.891873465668945799e-03 3.760895106124980108e-03 3.953104202766655716e-03 1.611188927567824142e-02 1.661675347392752716e-02 1.583195913618381731e-02
1.622852543177822326e+01 3.866903889027183995e-03 3.735257977791441638e-03 3.928999139977810452e-03 1.637738751260786607e-02 1.689611860504478674e-02 1.608675963766924288e-02
1.632789291347537741e+01 3.843921309489334477e-03 3.711529764841665566e-03 3.906931151028177583e-03 1.666659373057993374e-02 1.720032001949827263e-02 1.636434144837998345e-02
1.642726039517253156e+01 3.822978488965283073e-03 3.689759045719721332e-03 3.886956226649203750e-03 1.698134679251921825e-02 1.753129235876422012e-02 1.666645011144789190e-02
1.652662787686968215e+01 3.804137574046463112e-03 3.670003346955128930e-03 3.869140028302104663e-03 1.732369695171399882e-02 1.789119279811311053e-02 1.699503021956449977e-02
1.662599535856683275e+01 3.787471191680784246e-03 3.652330182974589112e-03 3.853559015292043564e-03 1.769593473894934266e-02 1.828243148155290002e-02 1.735225233192195030e-02
1.672536284026398690e+01 3.773063733854754853e-03 3.636818275996223267e-03 3.840301764557022251e-03 1.810062465430702094e-02 1.870770702043647593e-02 1.774054432045399018e-02
1.682473032196114104e+01 3.761012867692584225e-03 3.623558990698026467e-03 3.829470519941828056e-03 1.854064460077422399e-02 1.917004804354486419e-02 1.816262799913038323e-02
1.692409780365829164e+01 3.751431315691936517e-03 3.612658026276957968e-03 3.821183016086205850e-03 1.901923220871937215e-02 1.967286200983603753e-02 1.862156208066051422e-02
1.702346528535544223e+01 3.744448961292893424e-03 3.604237418506935856e-03 3.815574632520343356e-03 1.954003946702644393e-02 2.021999277620631363e-02 1.912079274418397590e-02
1.712283276705259638e+01 3.740215348263554139e-03 3.598437917076780738e-03 3.812800946799194471e-03 2.010719741429973367e-02 2.081578876848282772e-02 1.966421339941131635e-02
1.722220024874975053e+01 3.738902659341395394e-03 3.595421819662771371e-03 3.813040772356860071e-03 2.072539307343396198e-02 2.146518405697584592e-02 2.025623561581952128e-02
1.732156773044690112e+01 3.740709281348465406e-03 3.595376364966504455e-03 3.816499788344035124e-03 2.139996136361198634e-02 2.217379521843194576e-02 2.090187367470940430e-02
1.742093521214405172e+01 3.745864092166867245e-03 3.598517813822322761e-03 3.823414896540284526e-03 2.213699543408437220e-02 2.294803761485647228e-02 2.160684583051102753e-02
1.752030269384120587e+01 3.754631641659349813e-03 3.605096382493469531e-03 3.834059476569855532e-03 2.294347978646558636e-02 2.379526569180053300e-02 2.237769618079432296e-02
1.761967017553836001e+01 3.767318446803481335e-03 3.615402238253132700e-03 3.848749757927357861e-03 2.382745175888327863e-02 2.472394317032992894e-02 2.322194210357478306e-02
1.771903765723551061e+01 3.784280685093014112e-03 3.629772828216555960e-03 3.867852589663551242e-03 2.479819853601047605e-02 2.574385068322137399e-02 2.414825361047420044e-02
1.781840513893266120e+01 3.805933655442888391e-03 3.648601893686840691e-03 3.891794971488496055e-03 2.586649896339946256e-02 2.686634063402072378e-02 2.516667280287793879e-02
1.791777262062981535e+01 3.832763490663305007e-03 3.672350631877528172e-03 3.921075821295474766e-03 2.704492227975556148e-02 2.810465204509014769e-02 2.628888407064412444e-02
1.801714010232696950e+01 3.865341761924976673e-03 3.701561616125173797e-03 3.956280604820289724e-03 2.834819971823798745e-02 2.947430220402372583e-02 2.752854897333488135e-02
1.811650758402412009e+01 3.904343830852931383e-03 3.736876291156814456e-03 3.998099659438972796e-03 2.979369017388126123e-02 3.099357744471082504e-02 2.890172422787553458e-02
1.821587506572127069e+01 3.950572104591833743e-03 3.779057146111633372e-03 4.047351329607857748e-03 3.140196838279631086e-02 3.268415303531510552e-02 3.042738738039673513e-02
1.831524254741842483e+01 4.004985771859400148e-03 3.829016071585533264e-03 4.105011431328121213e-03 3.319757418983587671e-02 3.457188281685809328e-02 3.212810327768863411e-02
1.841461002911557898e+01 4.068739202356218623e-03 3.887850984054889211e-03 4.172251130388158688e-03 3.520997581690857997e-02 3.668781433456027447e-02 3.403087643713088167e-02
1.851397751081272958e+01 4.143232069123678300e-03 3.956893638761032304e-03 4.250486135576007386e-03 3.747482060093473150e-02 3.906950685228697401e-02 3.616825144550669252e-02
1.861334499250988017e+01 4.230175548005095376e-03 4.037772788530834614e-03 4.341441301138324049e-03 4.003557657647297680e-02 4.176276112994868617e-02 3.857974805201273144e-02
1.871271247420703432e+01 4.331680894197581511e-03 4.132498704604212723e-03 4.447236506053255101e-03 4.294571247142910109e-02 4.482391637018942609e-02 4.131375348398731023e-02
1.881207995590418847e+01 4.450379681189951635e-03 4.243577927359966709e-03 4.570502363294748176e-03 4.627163011216088584e-02 4.832293966446102318e-02 4.443004777145389411e-02
1.891144743760133906e+01 4.589589674590742463e-03 4.374171593141296110e-03 4.714538465734119561e-03 5.009666495412271048e-02 5.234764032362464875e-02 4.800321832565506569e-02
1.901081491929848966e+01 4.753547869631098363e-03 4.528317904396604067e-03 4.883533452592753003e-03 5.452662940090683558e-02 5.700950873243199740e-02 5.212734386392879615e-02
1.911018240099564380e+01 4.947744781852740116e-03 4.711251317450313933e-03 5.082876880771098477e-03 5.969762746716550383e-02 6.245194648162235435e-02 5.692252231933265377e-02
1.920954988269279795e+01 5.179415733909700087e-03 4.929871731594636167e-03 5.319610847351987845e-03 6.578728458891686115e-02 6.886209132210853456e-02 6.254412977048072475e-02
1.930891736438994855e+01 5.458283913273151954e-03 5.193454327510548321e-03 5.603100602422033880e-03 7.303123243417476707e-02 7.648817249297512610e-02 6.919621096577985297e-02
1.940828484608710269e+01 5.797724466491499702e-03 5.514762144864733366e-03 5.946060448584237004e-03 8.174788309609744286e-02 8.566558786360513322e-02 7.715126678279325689e-02
1.950765232778425684e+01 6.216672168076206942e-03 5.911871071940299170e-03 6.366181477856194121e-03 9.237661331583756075e-02 9.685708673600595953e-02 8.678019321585248025e-02
1.960701980948140744e+01 6.742941835876958487e-03 6.411353240583356032e-03 6.888837507852867484e-03 1.055381252567067357e-01 1.107162701968126273e-01 9.859873070634705972e-02
1.970638729117855803e+01 7.419492499362015034e-03 7.054310837978660688e-03 7.551871156365834274e-03 1.221318798539193368e-01 1.281900469480233007e-01 1.133413196102757425e-01
1.980575477287571218e+01 8.317416894701633312e-03 7.908992174202159747e-03 8.414775569224547044e-03 1.434945636011807080e-01 1.506851649584981245e-01 1.320807978214234291e-01
1.990512225457286632e+01 9.565053665647740497e-03 9.099387434252124290e-03 9.578003879370010701e-03 1.716524624799334597e-01 1.803332468259124799e-01 1.564231815726285502e-01
2.000448973627001692e+01 1.141432703197629156e-02 1.087119051647660907e-02 1.122655334539330793e-02 2.096948060563571248e-01 2.203828125132742677e-01 1.888161253024467634e-01
2.010385721796716751e+01 1.438122248234483327e-02 1.373321084600864425e-02 1.372912472536971448e-02 2.622367503059364058e-01 2.756867093676259040e-01 2.329974607601672798e-01
2.020322469966432166e+01 1.949442385707973388e-02 1.871153673525093736e-02 1.784611760077694370e-02 3.357704419090297154e-01 3.530786461066852122e-01 2.945261415833485552e-01
2.030259218136147581e+01 2.860624274759335575e-02 2.767735677658842222e-02 2.509048747446310235e-02 4.383989974509351906e-01 4.611202370514012050e-01 3.811056246372653278e-01
2.040195966305862640e+01 4.451265057883390525e-02 4.350366263963362928e-02 3.815375658908824741e-02 5.781687064095031303e-01 6.084051731775270699e-01 5.020074799583212899e-01
2.050132714475577700e+01 7.040264199467263784e-02 6.956615339946736754e-02 6.097198868626085844e-02 7.593958759319835439e-01 7.997637991986565886e-01 6.655565179535052334e-01
2.060069462645293115e+01 1.082758524560977487e-01 1.081748960053286329e-01 9.762968630955883020e-02 9.774863482225829570e-01 1.030792981880049641e+00 8.739685425617192971e-01
2.070006210815008529e+01 1.567212241628718472e-01 1.582166935754000803e-01 1.495169401149687438e-01 1.214534736939147708e+00 1.282971977228982263e+00 1.116516421396360315e+00
2.079942958984723589e+01 2.094042608771610470e-01 2.132922891068622651e-01 2.116154263667017754e-01 1.439092367716285459e+00 1.522928596042598448e+00 1.364711688043239501e+00
2.089879707154438648e+01 2.557163212808433173e-01 2.620157090386975862e-01 2.708489857798098144e-01 1.612314374588448063e+00 1.708539758627345861e+00 1.574717900105985224e+00
2.099816455324154063e+01 2.839168398819068018e-01 2.913032894143448015e-01 3.096418623482559140e-01 1.699301465557346846e+00 1.801184906104597250e+00 1.699675483844887980e+00
2.109753203493869478e+01 2.856414756271642430e-01 2.917527336091161327e-01 3.143199385402293822e-01 1.681057756094841205e+00 1.779459325083903698e+00 1.707954531001818932e+00
2.119689951663584537e+01 2.597535673487969543e-01 2.624589705280369056e-01 2.830431616657872462e-01 1.561527776031763626e+00 1.647749398845461455e+00 1.597378954767676218e+00
2.129626699833299952e+01 2.133635819189211580e-01 2.120550620059944158e-01 2.270131606970351712e-01 1.366269859802712761e+00 1.434948216497677231e+00 1.396322404901026770e+00
2.139563448003015012e+01 1.588932780913456244e-01 1.546888892475777322e-01 1.638774949454204488e-01 1.133293852213907327e+00 1.183633220956634258e+00 1.150891801490115274e+00
2.149500196172730426e+01 1.085648295047292322e-01 1.033578698935021106e-01 1.086262383947545068e-01 9.004241648942608034e-01 9.352717599934938786e-01 9.064497239186999344e-01
2.159436944342445486e+01 6.976770409328296452e-02 6.507410356614604097e-02 6.835875486628788245e-02 6.950405246210249466e-01 7.187829619911234591e-01 6.939464895733608030e-01
2.169373692512160900e+01 4.393602391904983390e-02 4.039340374412839219e-02 4.284004389653389699e-02 5.300865256135623982e-01 5.467892723305559644e-01 5.261963285284851910e-01
2.179310440681875960e+01 2.856799862828978548e-02 2.612561188660580611e-02 2.817719850052509412e-02 4.062395182225526091e-01 4.187824619408194726e-01 4.021288451056973523e-01
2.189247188851591375e+01 2.004292415169590599e-02 1.837913597051785142e-02 2.015174310017819534e-02 3.171358835908876794e-01 3.272216139131185475e-01 3.137420915176846181e-01
2.199183937021306434e+01 1.539836890215437112e-02 1.420482402321149827e-02 1.573511750577631305e-02 2.542985922431825752e-01 2.628349800436001749e-01 2.516470894194767771e-01
2.209120685191021849e+01 1.278996903163837594e-02 1.186166577547886555e-02 1.318668184105240872e-02 2.100958161407524838e-01 2.175702576281271228e-01 2.079014984011392508e-01
2.219057433360736908e+01 1.124613030813910626e-02 1.046752344325191895e-02 1.162848200393749518e-02 1.787866430607136792e-01 1.854997959574684330e-01 1.767473236466070019e-01
2.228994181530452323e+01 1.029873897406674392e-02 9.607815435514218891e-03 1.064119497522102165e-02 1.564584631300265927e-01 1.626376654930105359e-01 1.543344131735351621e-01
2.238930929700167383e+01 9.726774598927685755e-03 9.088927714921245585e-03 1.002252036744885090e-02 1.405848326767447920e-01 1.464331911855855928e-01 1.381872622127882921e-01
2.248867677869882797e+01 9.424022695162940014e-03 8.818172138109680799e-03 9.671179904669325797e-03 1.295888153187705893e-01 1.353101731802187346e-01 1.267454043204973291e-01
2.258804426039597857e+01 9.340969840043582620e-03 8.753052610460660202e-03 9.537127126608499136e-03 1.225319497893942733e-01 1.283519251780597392e-01 1.190512066051316459e-01
2.268741174209313272e+01 9.461920074276233134e-03 8.881971646596754227e-03 9.601571333975949044e-03 1.189294432000801288e-01 1.251224474131134579e-01 1.145636235293568117e-01
2.278677922379028331e+01 9.798600736091334779e-03 9.219720504765912053e-03 9.870862042551328125e-03 1.186645140634771806e-01 1.255946779070835351e-01 1.130624261202451131e-01
2.288614670548743746e+01 1.039471240018707658e-02 9.813807690497961672e-03 1.037956929800392704e-02 1.219836886094889244e-01 1.301701768545464599e-01 1.146197399769468273e-01
2.298551418718458805e+01 1.134534125405490569e-02 1.076749618704529038e-02 1.120558651135292703e-02 1.295720665319384790e-01 1.397922200636672052e-01 1.196325206826021198e-01
2.308488166888174220e+01 1.284932323352744148e-02 1.230103124320977223e-02 1.251092304331295757e-02 1.427189786954048689e-01 1.561562087033459278e-01 1.289254398208951324e-01
2.318424915057889280e+01 1.534122186623961340e-02 1.490038904363878876e-02 1.464389175805680052e-02 1.635678746160848795e-01 1.819713938807918097e-01 1.439440179261824992e-01
2.328361663227604694e+01 1.978586694379940586e-02 1.962582798154655431e-02 1.836897491899241314e-02 1.953532261007866200e-01 2.210709659928823956e-01 1.670435684509550545e-01
2.338298411397319754e+01 2.817847139960475214e-02 2.858393440794305962e-02 2.527260309281211675e-02 2.423161760517935082e-01 2.779033806350677538e-01 2.017904411057133418e-01
2.348235159567035168e+01 4.397096830893305885e-02 4.525807760466351443e-02 3.817137489012767393e-02 3.087390642718705891e-01 3.557927991068731144e-01 2.529597170962776809e-01
2.358171907736750228e+01 7.147922829913570808e-02 7.386928697373018604e-02 6.083459687573636310e-02 3.966106687175894319e-01 4.538296565392660464e-01 3.255677067949451220e-01
2.368108655906465643e+01 1.131091809626240119e-01 1.168056401519055459e-01 9.602068417900647135e-02 5.023022217632994169e-01 5.635950956386590605e-01 4.221766100189857096e-01
2.378045404076180702e+01 1.649835148497435511e-01 1.704398099845670922e-01 1.418770479332215340e-01 6.140913063480001322e-01 6.682571378973164444e-01 5.385579531870683390e-01
2.387982152245896117e+01 2.147892821090559567e-01 2.223598808045711694e-01 1.892680131254055043e-01 7.130016944417074676e-01 7.461466971597232600e-01 6.598703261285779886e-01
2.397918900415611176e+01 2.459968359368994717e-01 2.544888089506970319e-01 2.237501940011233925e-01 7.778978540619853055e-01 7.782048436653518086e-01 7.613271842231176256e-01
2.407855648585326591e+01 2.470676490751755883e-01 2.529235197992503181e-01 2.327008558205335698e-01 7.929409829442337632e-01 7.557226658558255927e-01 8.160098814097320741e-01
2.417792396755042006e+01 2.184021084062729989e-01 2.177568758487597733e-01 2.128356324587913351e-01 7.538194460315403855e-01 6.841320975244729041e-01 8.071457308509154549e-01
2.427729144924757065e+01 1.714198120214716348e-01 1.635611676391914293e-01 1.721337448398318759e-01 6.696733691660721188e-01 5.806902760027862209e-01 7.370261760369223314e-01
2.437665893094472480e+01 1.213602065193953722e-01 1.094770084972722518e-01 1.247749968098185724e-01 5.595824811083311978e-01 4.673054142118798215e-01 6.258353343863590768e-01
2.447602641264187540e+01 7.975579088636186587e-02 6.814959478185160513e-02 8.332308376749153478e-02 4.451620491408436187e-01 3.624965023438567191e-01 5.012225414295522485e-01
2.457539389433902954e+01 5.108811381632039073e-02 4.225126384428167653e-02 5.380806596660556856e-02 3.431438086948981336e-01 2.766444584478094382e-01 3.862726249156396285e-01
2.467476137603618014e+01 3.407837992321890996e-02 2.820419576298614783e-02 3.594267987041720874e-02 2.617154014180284038e-01 2.119991907952914201e-01 2.931677231752577995e-01
2.477412885773333429e+01 2.505300997995354995e-02 2.122029712000141413e-02 2.637343473373508426e-02 2.014615853395263223e-01 1.657341444863653646e-01 2.239503668579355400e-01
2.487349633943048488e+01 2.060286871532254066e-02 1.786785672009087722e-02 2.166096932092981958e-02 1.587562430852162976e-01 1.333087436992291819e-01 1.749265542706946175e-01
2.497286382112763903e+01 1.854303839211499452e-02 1.630842361972435761e-02 1.951182033213368430e-02 1.289335789432898838e-01 1.105447273586925849e-01 1.408165676881160400e-01
2.507223130282478962e+01 1.774969082957584057e-02 1.570528195555520590e-02 1.872208886121319929e-02 1.080073429136911289e-01 9.433987435763940832e-02 1.170044582862404814e-01
2.517159878452194377e+01 1.771716659423788753e-02 1.570444282716697976e-02 1.874505531595986249e-02 9.312782124928864480e-02 8.262044531191167773e-02 1.001662745814829031e-01
2.527096626621909436e+01 1.823745234144004412e-02 1.616250030670384266e-02 1.935582634198351401e-02 8.242807711075571253e-02 7.406303569329793224e-02 8.811951087112324110e-02
2.537033374791624851e+01 1.924160316311606528e-02 1.703404923474486493e-02 2.048061389441788172e-02 7.473105701943541512e-02 6.783669087119240104e-02 7.948734923431498289e-02
2.546970122961339911e+01 2.073674887838323350e-02 1.833110115294779921e-02 2.212784866830183952e-02 6.930884153556757243e-02 6.342638323906722719e-02 7.341718642987543619e-02
2.556906871131055325e+01 2.278721825604456547e-02 2.011234035549918850e-02 2.436722847338234493e-02 6.572674370030937019e-02 6.052710422503637666e-02 6.939668129024530174e-02
2.566843619300770385e+01 2.551744462592008336e-02 2.248777756522164079e-02 2.733244914835109701e-02 6.375459631399341132e-02 5.898638878303665706e-02 6.714786918919574132e-02
2.576780367470485800e+01 2.913174994738017970e-02 2.563693676689204198e-02 3.124198865413409243e-02 6.332455422231224318e-02 5.877976005886719618e-02 6.657502870330235523e-02
2.586717115640200859e+01 3.395688971941508011e-02 2.984665795145604456e-02 3.644385942227006819e-02 6.452385543140036483e-02 6.001236452750470518e-02 6.775202896445761680e-02
2.596653863809916274e+01 4.052687146369250704e-02 3.558615992755506663e-02 4.350443329938031428e-02 6.762123633522498789e-02 6.294817893291379529e-02 7.094624524432184554e-02
2.606590611979631333e+01 4.976142931952807352e-02 4.366554039527253267e-02 5.339389539547399061e-02 7.313623335687034765e-02 6.807678548927571793e-02 7.668742493035921037e-02
2.616527360149346748e+01 6.338456539567280390e-02 5.561112714160292014e-02 6.791598629245045038e-02 8.197159167640503952e-02 7.623715770779362910e-02 8.590131647583278129e-02
2.626464108319061808e+01 8.502570055051862641e-02 7.467040058179759410e-02 9.082224533903139607e-02 9.563137835826703015e-02 8.881959100475808611e-02 1.001306306570122345e-01
2.636400856488777222e+01 1.232040525357987748e-01 1.085982465372240663e-01 1.307980173572240168e-01 1.164994691153736772e-01 1.080220724450378783e-01 1.218189810004280532e-01
2.646337604658492282e+01 1.982723284516473838e-01 1.762992528406652215e-01 2.083981857965259976e-01 1.479530733890828675e-01 1.369520425854804102e-01 1.544355639857194484e-01
2.656274352828207697e+01 3.524835023404179757e-01 3.177660746143606274e-01 3.662829867224796088e-01 1.936522106286736877e-01 1.789647642892322199e-01 2.017827266669864061e-01
2.666211100997922756e+01 6.474548146003360483e-01 5.923446237516225565e-01 6.675212109728104748e-01 2.550180734638146096e-01 2.353326971660582856e-01 2.654763381296668667e-01
2.676147849167638171e+01 1.115357136851293784e+00 1.032276490417997072e+00 1.147964645476118095e+00 3.268727833258633919e-01 3.012370104736589727e-01 3.404945353943292230e-01
2.686084597337353230e+01 1.665634654080528909e+00 1.552203049635762833e+00 1.721252223011422444e+00 3.942803594625962638e-01 3.629005567144586442e-01 4.117602832747354613e-01
2.696021345507068645e+01 2.058612697780538792e+00 1.922757636600354259e+00 2.145192517514437736e+00 4.359795246158913451e-01 4.008093525217498176e-01 4.572832879950279317e-01
2.705958093676783704e+01 2.063584029930789931e+00 1.923512882096031218e+00 2.175061517714097725e+00 4.356959963189677709e-01 4.001367038197224946e-01 4.595607361395050994e-01
2.715894841846499119e+01 1.677336513650020011e+00 1.553946216816991965e+00 1.791890483822546454e+00 3.932087353069116387e-01 3.608417023905874932e-01 4.173232083180197782e-01
2.725831590016214534e+01 1.127455723894084993e+00 1.033981599504174786e+00 1.221855824184226336e+00 3.245036133522425370e-01 2.976928180077723640e-01 3.464447105041013608e-01
2.735768338185929593e+01 6.558939477837216758e-01 5.933624652907693031e-01 7.204295442552381967e-01 2.508558624585489616e-01 2.301919897105764445e-01 2.690836819773917421e-01
2.745705086355645008e+01 3.569124339752865471e-01 3.180476686229710137e-01 3.958886108413884330e-01 1.873977153519688632e-01 1.721314052283060836e-01 2.015832332164457230e-01
2.755641834525360068e+01 2.000628461151688631e-01 1.760663220836709286e-01 2.227543233580383530e-01 1.394862891866599230e-01 1.283405850087834255e-01 1.501537861099652704e-01
2.765578582695075482e+01 1.236164259328864784e-01 1.080469978633505218e-01 1.374510377850076681e-01 1.057711404698497698e-01 9.753857297742275778e-02 1.137454905165294905e-01
2.775515330864790542e+01 8.473836482508630141e-02 7.389975119075287147e-02 9.391925164764822198e-02 8.257424843525357216e-02 7.634464089001018194e-02 8.861548510695992087e-02
2.785452079034505957e+01 6.268269715393050279e-02 5.465530185943521385e-02 6.926691968660565746e-02 6.645973895609362525e-02 6.161526320977601945e-02 7.113958369650481839e-02
2.795388827204221016e+01 4.875226228414708540e-02 4.252865567439913924e-02 5.374549636367889627e-02 5.497260433850854888e-02 5.110865070936483623e-02 5.868527409969655217e-02
2.805325575373936431e+01 3.924565870078156743e-02 3.425834402677354479e-02 4.318202552617632362e-02 4.653147118234863405e-02 4.338197461818635303e-02 4.954198632555170678e-02
2.815262323543651490e+01 3.240634182923194523e-02 2.830927814904418000e-02 3.559835470498852461e-02 4.014562940082359171e-02 3.753154537403683572e-02 4.263342920993974661e-02
2.825199071713366905e+01 2.729528305726579979e-02 2.386341327167433926e-02 2.994042789879346189e-02 3.518834066570676600e-02 3.298564740205120471e-02 3.727751247028254777e-02
2.835135819883081965e+01 2.336280087729285596e-02 2.044242919093079355e-02 2.559309162123982531e-02 3.125302345857854103e-02 2.937332868314510362e-02 3.303155170549106762e-02
2.845072568052797379e+01 2.026565631810313753e-02 1.774778751637499929e-02 2.217314725860184896e-02 2.806813314784858612e-02 2.644678635492251489e-02 2.959995048745915278e-02
2.855009316222512439e+01 1.777896477826210533e-02 1.558393603818738170e-02 1.943001265581103393e-02 2.544712547966261271e-02 2.403574749083424097e-02 2.677974198193186148e-02
2.864946064392227854e+01 1.574971840345715246e-02 1.381784037544134779e-02 1.719346626876832457e-02 2.325850597502943790e-02 2.202016030692298051e-02 2.442794377596803693e-02
2.874882812561942913e+01 1.407055963391728656e-02 1.235616300716553193e-02 1.534423257749934974e-02 2.140742281655670654e-02 2.031340800625116780e-02 2.244148566361637773e-02
2.884819560731658328e+01 1.266419611144411518e-02 1.113170697541879424e-02 1.379653777698518213e-02 1.982403603478764820e-02 1.885170029078319862e-02 2.074452734829124526e-02
2.894756308901373387e+01 1.147374498442077333e-02 1.009501911255204949e-02 1.248732060439729924e-02 1.845597114732079602e-02 1.758718908271031736e-02 1.928023232623109554e-02
2.904693057071088802e+01 1.045653989604810458e-02 9.209005311810255709e-03 1.136932243617808959e-02 1.726330178855025460e-02 1.648339058063726797e-02 1.800530088564336953e-02
2.914629805240803861e+01 9.580040273515911045e-03 8.445374074886989255e-03 1.040652884652252218e-02 1.621513872820799437e-02 1.551207252637092082e-02 1.688625524184124080e-02
2.924566553410519276e+01 8.819059734555472624e-03 7.782227052597950369e-03 9.571084569800320310e-03 1.528726366314042684e-02 1.465109457933446054e-02 1.589686382314354704e-02
2.934503301580234336e+01 8.153846041736372355e-03 7.202389937145844447e-03 8.841158443279302157e-03 1.446045740271968867e-02 1.388288225620538593e-02 1.501632235516523091e-02
2.944440049749949750e+01 7.568724587155279022e-03 6.692233260628181052e-03 8.199436334202813911e-03 1.371929880500771977e-02 1.319333044382979374e-02 1.422794776943159430e-02
2.954376797919664810e+01 7.051123077087421802e-03 6.240824573232196804e-03 7.632038450816397944e-03 1.305128867913138424e-02 1.257100349099747778e-02 1.351822595868001735e-02
2.964313546089380225e+01 6.590859172045660831e-03 5.839309202611285381e-03 7.127729138570393190e-03 1.244620176564204851e-02 1.200654347905923298e-02 1.287610776583922485e-02
2.974250294259095284e+01 6.179612731033036314e-03 5.480451482279697847e-03 6.677331846349823449e-03 1.189560124729796900e-02 1.149222685877292205e-02 1.229248178684760884e-02
2.984187042428810699e+01 5.810529729901058038e-03 5.158290437908835332e-03 6.273290328395712476e-03 1.139247071323676655e-02 1.102162831547491215e-02 1.175977489283866646e-02
2.994123790598525758e+01 5.477921466635414516e-03 4.867878301771337915e-03 5.909335599309993928e-03 1.093093210511492108e-02 1.058936313825299333e-02 1.127164620985339136e-02
3.004060538768241173e+01 5.177033638207964930e-03 4.605079763300723612e-03 5.580230386913687113e-03 1.050602736364795314e-02 1.019088775447384021e-02 1.082275030891756765e-02
3.013997286937956233e+01 4.903867277344060166e-03 4.366416299488904730e-03 5.281571072217280428e-03 1.011354779469451556e-02 9.822343840983637636e-03 1.040855222282726505e-02
3.023934035107671647e+01 4.655038613078025210e-03 4.148944340683006875e-03 5.009632753584507270e-03 9.749899554252079367e-03 9.480435421048963654e-03 1.002518167560883730e-02
3.033870783277386707e+01 4.427668449286599299e-03 3.950159095977116841e-03 4.761246997923449832e-03 9.411996736432811164e-03 9.162331171709128808e-03 9.669317268265569670e-03
3.043807531447102122e+01 4.219294144000905120e-03 3.767918025530919701e-03 4.533704607378646889e-03 9.097175747156027031e-03 8.865586173249267316e-03 9.338093756753821501e-03
3.053744279616817536e+01 4.027799048442755325e-03 3.600379490991717241e-03 4.324677702716654693e-03 8.803126231177854297e-03 8.588078779364424417e-03 9.029027281991664627e-03
3.063681027786532596e+01 3.851355547041828819e-03 3.445953229794516612e-03 4.132156848053263574e-03 8.527834974629397782e-03 8.327959340668163180e-03 8.739954667060845228e-03
3.073617775956248011e+01 3.688378775440106627e-03 3.303260112481557192e-03 3.954399979791246335e-03 8.269540054665319717e-03 8.083608289764331392e-03 8.468983820047171901e-03
3.083554524125963070e+01 3.537488783204077204e-03 3.171099241696205290e-03 3.789890667513959657e-03 8.026693138612869122e-03 7.853601672073213039e-03 8.214452966374604162e-03
3.093491272295678485e+01 3.397479421117186819e-03 3.048420897552042708e-03 3.637303803396892132e-03 7.797928307558668615e-03 7.636682638111539842e-03 7.974896947793127383e-03
3.103428020465393544e+01 3.267292618083540278e-03 2.934304168872524463e-03 3.495477243457318414e-03 7.582036136255436085e-03 7.431737738889093031e-03 7.749019212795830655e-03
3.113364768635108959e+01 3.145997004162365100e-03 2.827938363172821136e-03 3.363388246803070310e-03 7.377942032969076434e-03 7.237777114250055523e-03 7.535668418239570288e-03
3.123301516804824018e+01 3.032770058577668928e-03 2.728607481514183208e-03 3.240133805186048120e-03 7.184688051295776492e-03 7.053917854326560710e-03 7.333818788130230110e-03
3.133238264974539433e+01 2.926883132370372825e-03 2.635677192853106646e-03 3.124914144222018346e-03 7.001417546942978985e-03 6.879369961286797321e-03 7.142553550178742244e-03
3.143175013144254493e+01 2.827688827528151549e-03 2.548583857400316642e-03 3.017018823863595618e-03 6.827362177620354203e-03 6.713424452871745267e-03 6.961050906487712894e-03
3.153111761313969907e+01 2.734610317364173735e-03 2.466825237987021330e-03 2.915814979559618828e-03 6.661830842112108006e-03 6.555443238661245488e-03 6.788572100921578915e-03
3.163048509483684967e+01 2.647132273588014180e-03 2.389952608566256725e-03 2.820737334729598016e-03 6.504200231688466068e-03 6.404850470425786126e-03 6.624451229286534154e-03
3.172985257653400382e+01 2.564793129112060994e-03 2.317564024266776344e-03 2.731279685480000104e-03 6.353906728045044701e-03 6.261125123671456086e-03 6.468086504597061678e-03
3.182922005823115441e+01 2.487178456062233162e-03 2.249298561254907836e-03 2.646987614209851333e-03 6.210439430544973695e-03 6.123794611870899546e-03 6.318932742355424723e-03
3.192858753992830856e+01 2.413915278657113427e-03 2.184831369604182689e-03 2.567452233156607751e-03 6.073334134420104065e-03 5.992429270394234418e-03 6.176494872893525077e-03
3.202795502162545915e+01 2.344667172825470013e-03 2.123869410372329018e-03 2.492304794502383895e-03 5.942168112860283027e-03 5.866637575724586995e-03 6.040322321698776871e-03
3.212732250332261685e+01 2.279130030363514959e-03 2.066147770629885808e-03 2.421212032291708213e-03 5.816555581192386047e-03 5.746061988633279632e-03 5.910004126013008140e-03
3.222668998501976034e+01 2.217028386410438163e-03 2.011426468422987651e-03 2.353872124568603605e-03 5.696143741869602942e-03 5.630375328737937876e-03 5.785164678208168203e-03
3.232605746671691804e+01 2.158112226066604897e-03 1.959487674473272580e-03 2.290011182952449847e-03 5.580609325723959353e-03 5.519277603155080085e-03 5.665460004553685321e-03
3.242542494841406864e+01 2.102154199890224773e-03 1.910133289513277341e-03 2.229380192221524712e-03 5.469655558638310440e-03 5.412493224480793320e-03 5.550574502820062456e-03
3.252479243011121923e+01 2.048947189407599595e-03 1.863182826067197621e-03 2.171752335047974491e-03 5.363009494060886131e-03 5.309768563628775029e-03 5.440218074353168724e-03
3.262415991180837693e+01 1.998302173150981811e-03 1.818471551641982634e-03 2.116920647371975904e-03 5.260419661087602748e-03 5.210869791555688968e-03 5.334123596316173166e-03
3.272352739350552753e+01 1.950046351483319864e-03 1.775848857028144425e-03 2.064695958443123116e-03 5.161653985544007069e-03 5.115580970947370028e-03 5.232044688130882935e-03
3.282289487520267812e+01 1.904021494888856556e-03 1.735176818992123201e-03 2.014905076634780114e-03 5.066497947908582891e-03 5.023702364796951009e-03 5.133753733080939283e-03
3.292226235689983582e+01 1.860082485748689417e-03 1.696328931285389936e-03 1.967389188023019406e-03 4.974752947267903694e-03 4.935048933695808208e-03 5.039040121821846720e-03
3.302162983859697931e+01 1.818096028076974938e-03 1.659188981770933456e-03 1.922002439633314691e-03 4.886234844973426014e-03 4.849448997751605421e-03 4.947708689384116947e-03
3.312099732029413701e+01 1.777939503425185952e-03 1.623650056712844843e-03 1.878610683369832902e-03 4.800772665431980377e-03 4.766743042487545101e-03 4.859578321321451032e-03
3.322036480199128761e+01 1.739499954296602497e-03 1.589613656000765348e-03 1.837090360095682212e-03 4.718207434633566420e-03 4.686782650975959350e-03 4.774480708082561552e-03
3.331973228368843820e+01 1.702673179053817163e-03 1.556988905377333903e-03 1.797327506241010306e-03 4.638391139699862310e-03 4.609429546909450844e-03 4.692259229579633789e-03
3.341909976538559590e+01 1.667362924533892943e-03 1.525691853677734215e-03 1.759216867773762214e-03 4.561185795009519740e-03 4.534554735390842507e-03 4.612767954381493361e-03
3.351846724708274650e+01 1.633480164476651137e-03 1.495644844734830446e-03 1.722661108449968521e-03 4.486462602388364106e-03 4.462037729989464137e-03 4.535870740044721690e-03
3.361783472877989709e+01 1.600942453478359844e-03 1.466775955000867038e-03 1.687570101029439371e-03 4.414101194499031600e-03 4.391765856117386783e-03 4.461440422874517198e-03
3.371720221047705479e+01 1.569673347552121793e-03 1.439018489127292296e-03 1.653860291649689260e-03 4.343988951973180856e-03 4.323633622066940831e-03 4.389358086926499307e-03
3.381656969217420539e+01 1.539601883545416335e-03 1.412310526761228991e-03 1.621454128837826730e-03 4.276020386035441628e-03 4.257542150154150842e-03 4.319512403362481615e-03
3.391593717387135598e+01 1.510662110666508365e-03 1.386594514687849956e-03 1.590279549741827362e-03 4.210096579404846127e-03 4.193398661360966950e-03 4.251799032391824149e-03
3.401530465556851368e+01 1.482792668230775539e-03 1.361816899195490704e-03 1.560269517108347223e-03 4.146124679152559007e-03 4.131116007685820511e-03 4.186120080992863229e-03
3.411467213726565717e+01 1.455936404477368388e-03 1.337927794183293604e-03 1.531361601347459422e-03 4.084017435965088365e-03 4.070612247117206400e-03 4.122383610440120624e-03
3.421403961896281487e+01 1.430040031944026678e-03 1.314880681085728873e-03 1.503497602726015271e-03 4.023692784928918457e-03 4.011810256754770425e-03 4.060503188381725179e-03
3.431340710065996547e+01 1.405053815438976833e-03 1.292632137167587991e-03 1.476623209337314018e-03 3.965073463531201652e-03 3.954637380132026980e-03 4.000397480835301417e-03
3.441277458235711606e+01 1.380931289125656098e-03 1.271141589157979935e-03 1.450687687019331816e-03 3.908086663072828267e-03 3.899025105254161697e-03 3.941989880011629449e-03
3.451214206405427376e+01 1.357628999650320250e-03 1.250371089552062935e-03 1.425643597849117527e-03 3.852663710128587538e-03 3.844908770265217240e-03 3.885208164347267804e-03
3.461150954575142435e+01 1.335106272602369030e-03 1.230285113222407594e-03 1.401446544236705167e-03 3.798739775070463301e-03 3.792227294008475129e-03 3.829984187538627675e-03
3.471087702744857495e+01 1.313324999911020781e-03 1.210850372254716712e-03 1.378054935986747611e-03 3.746253605004073485e-03 3.740922929049303892e-03 3.776253593729474254e-03
