# Pm3+ 10 200
5.000000000000000000e+00 2.313764475989035230e-01 1.627752185003682739e-01 1.377735483333232536e-02 1.233624289517206048e-02
5.278580506523061544e+00 4.445617225481751089e-01 2.334792153453680297e-01 1.707177445432468341e-02 1.365001808126663566e-02
5.557161013046122200e+00 7.552699049360841466e-01 3.243680765062313398e-01 2.166204799474821807e-02 1.539854413873804895e-02
5.835741519569183744e+00 1.315673492630812458e+00 4.565691283907560849e-01 2.740363644609536756e-02 1.749351318258956373e-02
6.114322026092244400e+00 2.168328930014323586e+00 6.023631279404894068e-01 3.376500485010992814e-02 1.973372553418887079e-02
6.392902532615305944e+00 3.095548100426757987e+00 8.034360087509089254e-01 3.986564903264006032e-02 2.182313738761412769e-02
6.671483039138367488e+00 4.145448238239124450e+00 9.981920689560055404e-01 4.465176970708294168e-02 2.342873412240805212e-02
6.950063545661429032e+00 4.579429796418092558e+00 1.064578193265161232e+00 4.718150406566901101e-02 2.426366424218622322e-02
7.228644052184489688e+00 4.607193040456045274e+00 9.793658390635230360e-01 4.692146738175213827e-02 2.416813226880915391e-02
7.507224558707550344e+00 3.888788641315401584e+00 9.144500312947196896e-01 4.392758460832713041e-02 2.315701376897032898e-02
7.785805065230611888e+00 3.041174794408248783e+00 7.459387476786401017e-01 3.882576009027111086e-02 2.141441037331924188e-02
8.064385571753673432e+00 2.042872650405570756e+00 5.818679285541704660e-01 3.260161342285017305e-02 1.923726044406827429e-02
8.342966078276734976e+00 1.250951084777021549e+00 4.438914757341331230e-01 2.629650778649677417e-02 1.695090290355334359e-02
8.621546584799794744e+00 7.517332856479232994e-01 3.021494616980589520e-01 2.073672159506441751e-02 1.482823220327122125e-02
8.900127091322858064e+00 3.947871945746925237e-01 1.716176254915297295e-01 1.638277083557197061e-02 1.303829370668779276e-02
9.178707597845917832e+00 2.359382350413983254e-01 1.449970349573934392e-01 1.331436447683983192e-02 1.163592233009099614e-02
9.457288104368979376e+00 1.090978691320051430e-01 1.009561451413211464e-01 1.132192294906867944e-02 1.058824580386404784e-02
9.735868610892040920e+00 9.538532276060869564e-02 8.978956968993002941e-02 1.006836618490065949e-02 9.819765885683565815e-03
1.001444911741510069e+01 7.369553714333695882e-02 6.456324587030108642e-02 9.251052316023869460e-03 9.251921461408119801e-03
1.029302962393816401e+01 5.099398568016023231e-02 5.117327521972015597e-02 8.675076603507683379e-03 8.823023424977594065e-03
1.057161013046122378e+01 2.921182648297812254e-02 5.934642777520637846e-02 8.237543238683229380e-03 8.491059370257967101e-03
1.085019063698428532e+01 4.428389988709345582e-02 3.924507524197477087e-02 7.887467864114481794e-03 8.229038158669703396e-03
1.112877114350734686e+01 4.205871092914007653e-02 3.355981365556905821e-02 7.598159537362770763e-03 8.019666247024152816e-03
1.140735165003040663e+01 2.201479106460042107e-02 2.656880622928797092e-02 7.353979631443977906e-03 7.851578927124999718e-03
1.168593215655346995e+01 1.866001972056974961e-02 4.724890391956007574e-02 7.144765363490164153e-03 7.717076575410876729e-03
1.196451266307652972e+01 1.643982151010883047e-02 3.806393496027908607e-02 6.963428539594623129e-03 7.610827953719841513e-03
1.224309316959959126e+01 1.168829077757179563e-02 1.777496605762228857e-02 6.804795755498114357e-03 7.529122116477555970e-03
1.252167367612265281e+01 2.394454728726963522e-02 1.174988913368389329e-02 6.664971366798966637e-03 7.469428335155176360e-03
1.280025418264571435e+01 1.210557994935239357e-02 2.044956088340949690e-02 6.540952289427936529e-03 7.430138492122076790e-03
1.307883468916877590e+01 5.536469953761584059e-03 3.655538766743593460e-02 6.430379821975683655e-03 7.410428879248765963e-03
1.335741519569183566e+01 6.331682176406059834e-03 3.558116237313355135e-02 6.331372612785202830e-03 7.410212799765224755e-03
1.363599570221489721e+01 2.092160844958754207e-02 3.331579475153741837e-02 6.242410498006248538e-03 7.430178031117890339e-03
1.391457620873795875e+01 1.840718417239626398e-02 4.704448370538360374e-02 6.162251574442794214e-03 7.471924268510098284e-03
1.419315671526102030e+01 8.353657695462254201e-03 3.364763344657711874e-02 6.089871697098656750e-03 7.538244746486507525e-03
1.447173722178408184e+01 1.553609848283357339e-02 2.816898831169625111e-02 6.024419514287284241e-03 7.633648489570023232e-03
1.475031772830714161e+01 1.177267772830454216e-02 3.103888109167620563e-02 5.965182513523646646e-03 7.765323069199386863e-03
1.502889823483020315e+01 9.440466824682608449e-03 2.962014932623780600e-02 5.911561024210311779e-03 7.944926634857931574e-03
1.530747874135326470e+01 6.615838125733851903e-03 4.511251297506854718e-02 5.863048070280308527e-03 8.191807335196192585e-03
1.558605924787632624e+01 1.285522842065880966e-02 6.373962908461563992e-02 5.819213590972876701e-03 8.537895618349312932e-03
1.586463975439938778e+01 1.106925127653859975e-02 7.394565161033594958e-02 5.779691969723496810e-03 9.031879181444445875e-03
1.614322026092244755e+01 1.195097716109835145e-02 9.680901919218148910e-02 5.744172101534162668e-03 9.734003439329461452e-03
1.642180076744551087e+01 1.219952357168874874e-02 1.143693530835322020e-01 5.712389432710908779e-03 1.068921759394208387e-02
1.670038127396857064e+01 8.757410016151930682e-03 1.391913184976183160e-01 5.684119551852226740e-03 1.188042538205314434e-02
1.697896178049163041e+01 1.449741886106313375e-03 2.222376844172880284e-01 5.659173015865065319e-03 1.319075516896309370e-02
1.725754228701469373e+01 5.397738431555221261e-03 2.611853033200772778e-01 5.637391171786167166e-03 1.440971460090673464e-02
1.753612279353775705e+01 1.722461455083832207e-02 3.090494306516659573e-01 5.618642792539053563e-03 1.529321415866555928e-02
1.781470330006081326e+01 1.196181001887983847e-02 3.781071010096600515e-01 5.602821388122617395e-03 1.565661380472510231e-02
1.809328380658387658e+01 2.651954107160806907e-03 3.276514196982543980e-01 5.589843087060312674e-03 1.546088285520581633e-02
1.837186431310693990e+01 1.943432806786589938e-03 2.561238985680232561e-01 5.579645009051314650e-03 1.485339426537315294e-02
1.865044481962999967e+01 4.205999179784139161e-03 2.552992432304610482e-01 5.572184070695925667e-03 1.414493837513215377e-02
1.892902532615305944e+01 4.167612965787038243e-03 2.481852006686052214e-01 5.567436183433286181e-03 1.371690345398732420e-02
1.920760583267612276e+01 7.629708186203685086e-03 2.333617691678849526e-01 5.565395817593994134e-03 1.385074354708553876e-02
1.948618633919918253e+01 9.962105524894460107e-03 2.744315490125488477e-01 5.566075919667260938e-03 1.455437062394603596e-02
1.976476684572224229e+01 7.728440708426513248e-03 3.136266606345933794e-01 5.569508182306217789e-03 1.556483714909127382e-02
2.004334735224530561e+01 -2.217862763669455062e-03 4.188877638984873086e-01 5.575743678973637055e-03 1.651758429097251873e-02
2.032192785876836894e+01 1.129872734270026026e-02 4.325488005038212735e-01 5.584853888189146229e-03 1.711042743121016924e-02
2.060050836529142870e+01 1.896602313413110405e-04 4.404905800818914585e-01 5.596932146864502106e-03 1.720730628582864408e-02
2.087908887181448847e+01 7.222186695107115327e-03 4.359432625104216474e-01 5.612095589124376123e-03 1.689336385161610901e-02
2.115766937833755179e+01 9.521019994361763425e-03 3.823681873578835266e-01 5.630487647444360269e-03 1.647906046073549513e-02
2.143624988486061156e+01 3.867483486358337403e-03 3.989032011581669646e-01 5.652281218368675891e-03 1.643538244303646700e-02
2.171483039138367133e+01 9.604089861471053896e-03 4.298370135760437027e-01 5.677682627466123198e-03 1.721394647356138882e-02
2.199341089790673465e+01 -4.343797118382511195e-03 5.366115014422566665e-01 5.706936570239915310e-03 1.897292642741059757e-02
2.227199140442979441e+01 2.417809980440254088e-03 7.596981445589352511e-01 5.740332261188542916e-03 2.143313828715151872e-02
2.255057191095285773e+01 2.953517220162332063e-03 1.011957175941957665e+00 5.778211097462611877e-03 2.398286357824062909e-02
2.282915241747591750e+01 6.981844065610949036e-03 1.242318458002727777e+00 5.820976244279789380e-03 2.589820663958170358e-02
2.310773292399897727e+01 2.169689717574554283e-04 1.318266336528259419e+00 5.869104687726719310e-03 2.659592346112787942e-02
2.338631343052204059e+01 8.762362235494968246e-03 1.202541720008693860e+00 5.923162493577309277e-03 2.585971777605380537e-02
2.366489393704510036e+01 -3.205680562294206670e-04 9.583398299777480256e-01 5.983824283689241803e-03 2.393401486860782107e-02
2.394347444356816368e+01 1.111096944852582417e-02 7.982187825091598965e-01 6.051898333541539006e-03 2.143106633368371816e-02
2.422205495009122345e+01 1.032632813215448968e-02 5.497415442719679746e-01 6.128359267056165266e-03 1.910784039982893132e-02
2.450063545661428321e+01 1.382916321382660248e-02 4.776700106489441544e-01 6.214391176810019415e-03 1.759505147130209501e-02
2.477921596313734653e+01 4.499208854247436010e-03 4.246176161118527803e-01 6.311445291682645647e-03 1.710870628852179803e-02
2.505779646966040630e+01 5.059392890199552323e-03 4.354533380440862578e-01 6.421318324816590803e-03 1.731787729199123216e-02
2.533637697618346962e+01 4.735819289384038053e-03 4.894182202494277156e-01 6.546260841824658519e-03 1.760037988047196203e-02
2.561495748270652939e+01 1.381866997157325805e-02 4.413007101867174597e-01 6.689130258144827292e-03 1.743944546447315919e-02
2.589353798922958916e+01 1.367355182708642619e-02 4.134225969564104819e-01 6.853612034103324577e-03 1.663743956803043905e-02
2.617211849575265248e+01 9.276758120218527373e-03 3.115040237107209453e-01 7.044548503653258291e-03 1.532398891115587143e-02
2.645069900227571225e+01 2.188412018170603213e-02 2.368959064219894606e-01 7.268444289215155070e-03 1.382397341016559228e-02
2.672927950879877557e+01 3.203321020494723920e-02 1.698996059106786805e-01 7.534275648182473840e-03 1.247083811287361468e-02
2.700786001532183533e+01 3.705255047416817354e-02 1.490535563504120919e-01 7.854856460228270762e-03 1.146655046280300148e-02
2.728644052184489510e+01 4.889078510616315376e-02 1.156048027868746136e-01 8.249316757766463754e-03 1.085458330001531566e-02
2.756502102836795842e+01 5.489987107491271778e-02 9.873107109366517642e-02 8.748128124224419794e-03 1.059018717039665256e-02
2.784360153489101819e+01 7.959287521559517409e-02 1.138567395665204818e-01 9.405214752172107867e-03 1.062696543704625893e-02
2.812218204141408151e+01 8.267937144406015126e-02 1.252560562934413868e-01 1.033277406664349744e-02 1.096461691672667021e-02
2.840076254793714128e+01 1.505673067755192440e-01 1.563115169165418539e-01 1.179837721418167118e-02 1.166523700304316485e-02
2.867934305446020460e+01 2.803842054326602384e-01 1.940363305028179330e-01 1.438959981767349433e-02 1.284868170398555630e-02
2.895792356098326437e+01 5.413041109878020674e-01 2.887947839412152162e-01 1.896024081828625099e-02 1.463343732614540670e-02
2.923650406750632413e+01 1.210445538932332532e+00 4.135612845544508476e-01 2.594528518967843464e-02 1.699003900755247792e-02
2.951508457402938745e+01 2.331021782677602960e+00 6.358881668650390173e-01 3.447490065904945666e-02 1.958468777435324118e-02
2.979366508055244722e+01 3.608010141135091331e+00 7.932923588605833576e-01 4.219810188184558442e-02 2.178180197634698584e-02
3.007224558707551054e+01 4.504233322768696368e+00 8.724797502891182832e-01 4.624060282163650060e-02 2.288496611218388682e-02
3.035082609359857031e+01 4.194438323130880164e+00 8.121174332926140993e-01 4.488680942376963023e-02 2.249660495317070200e-02
3.062940660012163008e+01 3.011026970981869333e+00 7.055169475208139529e-01 3.872557657003318499e-02 2.074572789712413740e-02
3.090798710664469340e+01 1.697004956950498578e+00 5.301057828455022491e-01 3.024746580801298754e-02 1.820760703180484413e-02
3.118656761316775317e+01 8.428019739445280489e-01 3.454800896189222925e-01 2.225944551502943500e-02 1.557873127284148916e-02
3.146514811969081649e+01 3.961589159628743917e-01 2.477887221524762706e-01 1.643967973590239329e-02 1.335007325668851295e-02
3.174372862621387625e+01 2.038113188424909017e-01 1.607044809045456157e-01 1.294204307434009861e-02 1.168382119550621066e-02
3.202230913273693602e+01 1.337140804191312704e-01 9.523428520796395347e-02 1.101051303187274705e-02 1.050719928466475536e-02
3.230088963925999934e+01 7.566835220577058929e-02 8.887201098241506725e-02 9.876833553184860559e-03 9.675102014080769197e-03
3.257947014578306266e+01 6.219480663466216835e-02 5.410928099176157829e-02 9.116775703262743752e-03 9.066257188254274457e-03
3.285805065230611888e+01 5.825961886565063363e-02 6.236828147407993961e-02 8.543903839277118550e-03 8.602139176459263833e-03
3.313663115882918220e+01 2.778687062271158886e-02 5.568073789723412825e-02 8.082358185408658469e-03 8.236149942809365201e-03
3.341521166535224552e+01 2.676205756955934989e-02 3.431701459071068161e-02 7.704643205164220417e-03 7.940826734576307555e-03
3.369379217187530173e+01 3.302986771440014763e-02 2.561383759281220251e-02 7.396419108938621575e-03 7.698971128813956663e-03
3.397237267839836505e+01 2.757350718057163808e-02 2.949086175859416681e-02 7.142873517058172424e-03 7.498722371523958499e-03
3.425095318492142837e+01 1.490089231982780725e-02 1.171669715506925766e-02 6.930243403908237579e-03 7.331415450348356677e-03
3.452953369144448459e+01 2.182731742821688095e-02 3.177493459393922193e-02 6.748546192588423739e-03 7.190680914768389151e-03
3.480811419796754791e+01 1.333554554288667385e-02 3.815419763088108429e-02 6.591162419428219822e-03 7.071863991142012494e-03
3.508669470449061123e+01 1.964929328965910049e-02 3.383257123678954509e-02 6.453521742058723754e-03 6.971552483567713433e-03
3.536527521101366744e+01 1.405154864002644555e-02 2.379169909250966261e-02 6.332255352721223932e-03 6.887226074195585204e-03
3.564385571753673787e+01 1.076489653019252132e-02 1.644025656056589263e-02 6.224773973047371262e-03 6.817018630773127516e-03
3.592243622405979409e+01 9.103084995109851293e-03 1.713100328656641871e-02 6.129039883628443174e-03 6.759561390031027309e-03
3.620101673058285741e+01 5.462601175501888284e-03 2.583509949719191290e-02 6.043424087562748216e-03 6.713879185346993683e-03
3.647959723710592073e+01 1.515228598353240801e-02 1.562602059736889135e-02 5.966608624195557202e-03 6.679322098913125644e-03
3.675817774362897694e+01 8.473859841849536514e-03 1.678127518103683657e-02 5.897516799383680994e-03 6.655522253216822164e-03
3.703675825015204026e+01 1.614342177368566569e-02 1.701727062969022805e-02 5.835262040737248558e-03 6.642369941216582502e-03
3.731533875667510358e+01 8.844422408967954341e-03 1.729148593892069694e-02 5.779109692408988808e-03 6.640006223064127445e-03
3.759391926319815980e+01 2.029225984273283490e-03 1.317707508619746573e-02 5.728448045901826310e-03 6.648831399646033292e-03
3.787249976972122312e+01 4.233619402851069441e-03 8.408985012543534684e-03 5.682766103334330361e-03 6.669531068189495093e-03
3.815108027624428644e+01 8.967146456251438164e-03 1.744039232070280707e-02 5.641636336262484223e-03 6.703124514255004440e-03
3.842966078276734265e+01 7.260100214521829354e-05 3.182541001809682801e-02 5.604701210762890774e-03 6.751045310024444274e-03
3.870824128929040597e+01 -1.150134403945217258e-03 2.378586051201839191e-02 5.571662594745866066e-03 6.815274129298222808e-03
3.898682179581346929e+01 -2.535402772514058767e-04 1.497329023661036866e-02 5.542273403591992630e-03 6.898565925540186758e-03
3.926540230233652551e+01 1.235147127880070750e-02 7.505703627792733451e-03 5.516331010543254823e-03 7.004858926354424684e-03
3.954398280885958883e+01 1.883172508772931047e-02 2.357013644475374967e-02 5.493672071409734688e-03 7.139990463287403805e-03
3.982256331538265215e+01 -4.314974259798497885e-05 1.617533592780034946e-02 5.474168503897041890e-03 7.312538426610661231e-03
4.010114382190571547e+01 1.487488574980061311e-02 3.745009325616469043e-02 5.457724430191741340e-03 7.533090889381396753e-03
4.037972432842877168e+01 2.491148807287950351e-03 2.942637371726154055e-02 5.444273944242535197e-03 7.808963012929510256e-03
4.065830483495183501e+01 1.153069172664933015e-02 4.857929839590986038e-02 5.433779607327900336e-03 8.138809883015032942e-03
4.093688534147489833e+01 7.104254587497714490e-03 5.534179628265287892e-02 5.426231610601532987e-03 8.524111018209150348e-03
4.121546584799795454e+01 5.628635911001336756e-03 4.525954596146078424e-02 5.421647574138387798e-03 8.997319519987605208e-03
4.149404635452101786e+01 -1.288300206988717868e-03 7.730339455391506409e-02 5.420072980875995615e-03 9.634903144602706762e-03
4.177262686104408118e+01 2.553371244016697499e-03 1.044427156402088913e-01 5.421582272857593601e-03 1.055157712035600243e-02
4.205120736756714450e+01 1.624600198906180418e-02 1.568516722194560897e-01 5.426280668455227274e-03 1.191043906242500970e-02
4.232978787409020072e+01 2.502736237964620428e-04 2.371524904459588745e-01 5.434306795156703361e-03 1.391654633560307150e-02
4.260836838061326404e+01 6.777312090620907226e-03 4.228086372018992622e-01 5.445836275943861417e-03 1.663878645593584379e-02
4.288694888713632736e+01 7.831693715227088307e-03 6.123696163958647354e-01 5.461086462064631761e-03 1.962264917442190296e-02
4.316552939365938357e+01 5.438088383548798400e-03 7.651025178460392207e-01 5.480322576300586390e-03 2.177040018729947332e-02
4.344410990018244689e+01 4.940928803373626117e-03 7.901231624576539048e-01 5.503865626003159178e-03 2.199870952165927304e-02
4.372269040670551021e+01 -1.005255318698590992e-03 6.530301793130454113e-01 5.532102574876431728e-03 2.018096821453277748e-02
4.400127091322856643e+01 1.778060560963175794e-03 4.428958099800879844e-01 5.565499442514460632e-03 1.726775942878643402e-02
4.427985141975162975e+01 2.975753635718529286e-03 2.813330208624704176e-01 5.604618254897710157e-03 1.443269492839582488e-02
4.455843192627469307e+01 3.750626632958928720e-03 1.631492845350652476e-01 5.650139134087288351e-03 1.227469191872994705e-02
4.483701243279775639e+01 -3.153000064851666125e-03 1.170645243946623199e-01 5.702889348734774613e-03 1.079613657584065772e-02
4.511559293932081260e+01 -3.951823798708549093e-03 1.130019206152794997e-01 5.763881940812508840e-03 9.792454154612459036e-03
4.539417344584387592e+01 1.442343931234399933e-03 6.119363139381296668e-02 5.834367748888485104e-03 9.091068349071716737e-03
4.567275395236693925e+01 5.064383535614297265e-03 5.662217464006698286e-02 5.915906517239386160e-03 8.586979598812372744e-03
4.595133445888999546e+01 1.356383407802582569e-03 3.789273483060795478e-02 6.010465749271668573e-03 8.219794363148423544e-03
4.622991496541305878e+01 2.034744164327110388e-02 3.643678934974490385e-02 6.120560808588934240e-03 7.954150499214652364e-03
4.650849547193612210e+01 1.343511238500476844e-02 3.275789513408684794e-02 6.249457918755805738e-03 7.769078032446294357e-03
4.678707597845917832e+01 1.815585181144431515e-02 4.501868153535904665e-02 6.401475894933976105e-03 7.652577900651148096e-03
4.706565648498224164e+01 2.146810991680939140e-02 2.728919262639088045e-02 6.582448127207634475e-03 7.598903715712881923e-03
4.734423699150530496e+01 9.061231904272500082e-03 2.752957640192552763e-02 6.800455075225801671e-03 7.607362850923241049e-03
4.762281749802836828e+01 2.164127279898037798e-02 4.102472332408845651e-02 7.067035290718810293e-03 7.682167071792391638e-03
4.790139800455142449e+01 3.305492732565331465e-02 4.428614476693736035e-02 7.399292775073462031e-03 7.833291169633114018e-03
4.817997851107448781e+01 3.261801934164423877e-02 4.594061434012849249e-02 7.823808704966715016e-03 8.078701106594728468e-03
4.845855901759755113e+01 4.148285066629499307e-02 5.205701200812668655e-02 8.384547244562307045e-03 8.448937664279185591e-03
4.873713952412060735e+01 5.971357347551472378e-02 7.445348069088281173e-02 9.160878555006081794e-03 8.996251778443202507e-03
4.901572003064367067e+01 7.322073600643565217e-02 8.743932061235963615e-02 1.031733412815473427e-02 9.812409892083529678e-03
4.929430053716673399e+01 1.657893631685891933e-01 1.213036507121422608e-01 1.228417163127377976e-02 1.105613076127286848e-02
4.957288104368979020e+01 3.746157566794842131e-01 1.964007484709932305e-01 1.636122066985667978e-02 1.294161408567759235e-02
4.985146155021285352e+01 1.074147268297652058e+00 3.191715949668178509e-01 2.470856077673025744e-02 1.548710322369020558e-02
5.013004205673591684e+01 2.532759000705809171e+00 4.889359266097567103e-01 3.565377280299550367e-02 1.796689512513727910e-02
5.040862256325898016e+01 3.410286035294419094e+00 5.672970985029575086e-01 4.078972399949440386e-02 1.897995439438637105e-02
5.068720306978203638e+01 2.403223035088976722e+00 4.990858861831881654e-01 3.487973807399890463e-02 1.779529434650693048e-02
5.096578357630509970e+01 1.000799421396447508e+00 3.341153526687681841e-01 2.389110823902250436e-02 1.524517943326717841e-02
5.124436408282816302e+01 3.579504491166608515e-01 1.826472949475702601e-01 1.591009158986898125e-02 1.270935691897259572e-02
5.152294458935121924e+01 1.709866579476264636e-01 1.056709663860868065e-01 1.207529474749308336e-02 1.083822236792249261e-02
5.180152509587428256e+01 8.639454919724416648e-02 1.089973078779925275e-01 1.019823022923826636e-02 9.579211845915976825e-03
5.208010560239734588e+01 6.532679275259520302e-02 5.160293917920093232e-02 9.077468542102132276e-03 8.718148630819079481e-03
5.235868610892040920e+01 5.574505153651965195e-02 4.535904926502293960e-02 8.317697588359158900e-03 8.101720588464714212e-03
5.263726661544346541e+01 4.439397045350970683e-02 3.180378118108824481e-02 7.764560894726766846e-03 7.641051631174170487e-03
5.291584712196652873e+01 3.133505846693790398e-02 2.975856353476928270e-02 7.342565257877608706e-03 7.284532461324709149e-03
5.319442762848959205e+01 2.919531562783624426e-02 2.095508717417840852e-02 7.009547837177252522e-03 7.000755129315135855e-03
5.347300813501264827e+01 2.369168969860081797e-02 1.427918886173790841e-02 6.739870413705729632e-03 6.769652177581688204e-03
5.375158864153571159e+01 2.607744491340287935e-02 2.470731136774174941e-02 6.516963835457289037e-03 6.577847357263611437e-03
5.403016914805877491e+01 1.721268992002451120e-02 1.468754722682542868e-02 6.329610774474233280e-03 6.416100404138699170e-03
5.430874965458183112e+01 8.389934733047114263e-03 2.110143580032371180e-03 6.169931760687004732e-03 6.277832951774377744e-03
5.458733016110489444e+01 -6.827417208479878014e-04 1.501996052465366660e-02 6.032222676790967297e-03 6.158240108718132308e-03
5.486591066762795776e+01 1.202127035167416085e-02 7.175418170856116828e-03 5.912249057337052270e-03 6.053734160349228538e-03
5.514449117415102108e+01 5.449036547710528824e-03 -2.149610048889520619e-03 5.806799638276137314e-03 5.961584487666009811e-03
5.542307168067407730e+01 2.906941679425830392e-03 6.192952218296075492e-03 5.713393984112859550e-03 5.879677663143565054e-03
5.570165218719714062e+01 1.041857149720989972e-02 1.523629144833396967e-02 5.630085296927574492e-03 5.806353518797170363e-03
5.598023269372020394e+01 3.638693738180521619e-03 1.396938995758651748e-02 5.555323996080781257e-03 5.740290600303224119e-03
5.625881320024326016e+01 3.354149818630013883e-03 1.054576971896338186e-02 5.487861220838778815e-03 5.680424527985956928e-03
5.653739370676632348e+01 5.423374369351261284e-03 9.943037930659426316e-03 5.426679222710405030e-03 5.625888772274746652e-03
5.681597421328938680e+01 9.220802201979729981e-03 3.175516058013139187e-03 5.370940272557648588e-03 5.575971000764637364e-03
5.709455471981244301e+01 -4.280238447839250504e-03 1.286361426118420165e-02 5.319948568485115444e-03 5.530080436850023755e-03
5.737313522633550633e+01 8.899019139730294375e-03 1.609242116359507063e-02 5.273121434638025629e-03 5.487723131426118159e-03
5.765171573285856965e+01 -4.347197749166481148e-03 1.250708172671883590e-02 5.229967265864399369e-03 5.448483004746514438e-03
5.793029623938163297e+01 5.674956663699083637e-03 -1.628605657194342332e-03 5.190068441360421239e-03 5.412007152385086249e-03
5.820887674590468919e+01 9.406059843784750005e-03 7.905429721158678188e-04 5.153067946788350735e-03 5.377994341158774498e-03
5.848745725242775251e+01 5.985254572595823802e-03 5.448270474668328797e-03 5.118658797561098650e-03 5.346185918499522793e-03
5.876603775895081583e+01 4.665568048154847443e-03 1.159467650912342218e-02 5.086575601455265230e-03 5.316358566899111182e-03
5.904461826547387204e+01 -8.917415820898933615e-03 7.896680562836875736e-03 5.056587771812594279e-03 5.288318482586189945e-03
5.932319877199693536e+01 5.232401357383185785e-03 -2.706329850771112787e-03 5.028494026304346394e-03 5.261896663493676081e-03
5.960177927851999868e+01 -2.977599190902436264e-03 -4.310819572143332300e-03 5.002117895756262936e-03 5.236945068476480357e-03
5.988035978504306200e+01 5.360285396723963799e-03 5.209781967203700945e-03 4.977304033062252692e-03 5.213333466192076812e-03
6.015894029156611822e+01 -3.539727888952405067e-04 3.662663850713323600e-03 4.953915160698655479e-03 5.190946833917979043e-03
6.043752079808918154e+01 -9.078030644236035999e-04 -1.021264300551907606e-03 4.931829531581458093e-03 5.169683197916621030e-03
