# Pr3+ 10 200
5.000000000000000000e+00 8.817766638974855117e-03 6.545718324479876671e-02 5.763459495479324526e-03 8.754125699065196109e-03
5.367348621732080716e+00 1.612763635253194189e-02 8.675513490588671051e-02 5.819501187067506812e-03 9.387756630825357801e-03
5.734697243464161431e+00 6.288690482363752665e-03 8.989961772064683498e-02 5.879376862510686530e-03 1.018689178526596337e-02
6.102045865196243035e+00 6.402400059589419268e-03 1.353648263390432593e-01 5.943505458268158632e-03 1.112552063525731882e-02
6.469394486928323751e+00 -2.506086604383422900e-04 1.671668156570762509e-01 6.012370528954205477e-03 1.213836830555500498e-02
6.836743108660404467e+00 1.020935864302788959e-02 2.061980076202724055e-01 6.086533414618445353e-03 1.312279959666004872e-02
7.204091730392486070e+00 9.445485439312298337e-03 2.740453402573697073e-01 6.166649814829476203e-03 1.395208532078343402e-02
7.571440352124566786e+00 1.679124455963122015e-02 2.918520778122466464e-01 6.253490861106778334e-03 1.450069159251003714e-02
7.938788973856647502e+00 1.111183993621495808e-02 2.891834538213876593e-01 6.347970205468733695e-03 1.467744565577078740e-02
8.306137595588728217e+00 1.138563459092770992e-02 2.684822216710904264e-01 6.451179269935268176e-03 1.445629137747658603e-02
8.673486217320808933e+00 1.560334937286245865e-02 2.283928019957316424e-01 6.564433743378627478e-03 1.389207065173259786e-02
9.040834839052891425e+00 1.915413945811007823e-02 1.962591342186013055e-01 6.689335858913415464e-03 1.311335366929889355e-02
9.408183460784972141e+00 1.638652408801451535e-02 1.626593533261024849e-01 6.827859267938429615e-03 1.229325309535141131e-02
9.775532082517052856e+00 1.645738251724746318e-02 1.529534383958051080e-01 6.982467042503995129e-03 1.160637576085687267e-02
1.014288070424913357e+01 2.374052685493636961e-02 1.101341609498759644e-01 7.156279612820984695e-03 1.118313351009027345e-02
1.051022932598121429e+01 2.373650023383721760e-02 1.306086344836887569e-01 7.353320540966556268e-03 1.107694716094291196e-02
1.087757794771329500e+01 3.446482219095799854e-02 1.515810439387048625e-01 7.578888859478072684e-03 1.126350078449393777e-02
1.124492656944537572e+01 4.064818446782105660e-02 1.298869061096024902e-01 7.840149301701120066e-03 1.167489848734808155e-02
1.161227519117745643e+01 5.231449301045439787e-02 1.712639934778762418e-01 8.147130726043293886e-03 1.224707135466598755e-02
1.197962381290953715e+01 6.438974008467354682e-02 2.154638299025272985e-01 8.514593270386158763e-03 1.296116825756788750e-02
1.234697243464161787e+01 4.636006704324795169e-02 2.356757628473920285e-01 8.966053718883006812e-03 1.387034102440181695e-02
1.271432105637369858e+01 8.482324555270959188e-02 2.936032817748472357e-01 9.543706916952362021e-03 1.509569843998790836e-02
1.308166967810578107e+01 8.962190995045521413e-02 4.089016001984865922e-01 1.033337699550175050e-02 1.677114412459657436e-02
1.344901829983786179e+01 1.443166573463560975e-01 5.695359229070451335e-01 1.151685821512893511e-02 1.895178908827972741e-02
1.381636692156994251e+01 2.203764965251049091e-01 7.355283937422010254e-01 1.343605429344551551e-02 2.155001288252706218e-02
1.418371554330202322e+01 3.867744001893479444e-01 1.041383326037317536e+00 1.657077431754313407e-02 2.435034453621237951e-02
1.455106416503410394e+01 7.336610435954079579e-01 1.319030151038746101e+00 2.132781357140517420e-02 2.708991620378457810e-02
1.491841278676618465e+01 1.410839333185019084e+00 1.621220162525134123e+00 2.773494744901663922e-02 2.954689614029341882e-02
1.528576140849826714e+01 2.481068041802430457e+00 1.851279354838412772e+00 3.522912532655105011e-02 3.157239124478379566e-02
1.565311003023034786e+01 3.778653655447657744e+00 2.089969188696988223e+00 4.264569124170351777e-02 3.304075504359824111e-02
1.602045865196242858e+01 5.009890865688164219e+00 2.197978113557976343e+00 4.846931455057307270e-02 3.377694334103523155e-02
1.638780727369450929e+01 5.609948190289964387e+00 2.196659734659818675e+00 5.131594736715498761e-02 3.356372526307085935e-02
1.675515589542659001e+01 5.266272750153041748e+00 1.981257780965571813e+00 5.045688162654111963e-02 3.225583755848217271e-02
1.712250451715867072e+01 4.357621500349965871e+00 1.622263652373018505e+00 4.611800757599826550e-02 2.991091602533526086e-02
1.748985313889075144e+01 3.084767224131294228e+00 1.293512816681619215e+00 3.938673926352684318e-02 2.682728277090602395e-02
1.785720176062283215e+01 1.897821146601994524e+00 9.493370025285405855e-01 3.178022162734198131e-02 2.345909509118571795e-02
1.822455038235491287e+01 1.066936983149912921e+00 6.780903001882597758e-01 2.471008211793918746e-02 2.026444728282221844e-02
1.859189900408699714e+01 5.849448290278737028e-01 4.536690476682673778e-01 1.909358612414794806e-02 1.757034331961879539e-02
1.895924762581907430e+01 3.436536499200817940e-01 3.484128632921640323e-01 1.522476151357195044e-02 1.551392495754404417e-02
1.932659624755115857e+01 1.987256523430901978e-01 2.672534993390435210e-01 1.287997200570955257e-02 1.407247341921770423e-02
1.969394486928323573e+01 1.412372846589662057e-01 2.147984613641860385e-01 1.159242094825064205e-02 1.314836590972754890e-02
2.006129349101532000e+01 1.305951026438309792e-01 1.752576275609530054e-01 1.095733087728585457e-02 1.265254258336924453e-02
2.042864211274739716e+01 1.200538520013404165e-01 1.790564541058048131e-01 1.078068028276291807e-02 1.255076400090172559e-02
2.079599073447948143e+01 1.120346902824173457e-01 1.794950126232426613e-01 1.109391223612512037e-02 1.287139478364679630e-02
2.116333935621156215e+01 1.505258664902849597e-01 2.383502004632442328e-01 1.216003544000269707e-02 1.367905741029716050e-02
2.153068797794364286e+01 2.747304717022281961e-01 3.010854432584564866e-01 1.439585148336413982e-02 1.501359539485037746e-02
2.189803659967572358e+01 4.864692426965403493e-01 3.978116367064502557e-01 1.806889028882281353e-02 1.681499464828077953e-02
2.226538522140780429e+01 8.848769271683093462e-01 5.556896839993563653e-01 2.296866938767930591e-02 1.887600845871366395e-02
2.263273384313988501e+01 1.505332531707484156e+00 7.162240594225179890e-01 2.830115550608030064e-02 2.085034860123249900e-02
2.300008246487196573e+01 2.071994066941610146e+00 8.029970514283726324e-01 3.284059911966355494e-02 2.232267164797046774e-02
2.336743108660404644e+01 2.438279011488230008e+00 9.092219381512047782e-01 3.533438877301056658e-02 2.292891911308026984e-02
2.373477970833612716e+01 2.438622603420892876e+00 8.391423237327874096e-01 3.502443669784170016e-02 2.248643616990983821e-02
2.410212833006820787e+01 1.968324069948909738e+00 7.499366308432554584e-01 3.199793570387435282e-02 2.107047369861206679e-02
2.446947695180028859e+01 1.359546052271851879e+00 5.658175472344835200e-01 2.714115154209686964e-02 1.898977141228050391e-02
2.483682557353236930e+01 7.856006382035950475e-01 3.949442449164780600e-01 2.172475892719845023e-02 1.666811871144233820e-02
2.520417419526445002e+01 4.167173440088107195e-01 2.646270118891593248e-01 1.688031901425511225e-02 1.449209103216085766e-02
2.557152281699653429e+01 1.929663121411619442e-01 1.764000316149432479e-01 1.324555031380560306e-02 1.269919823536142314e-02
2.593887143872861500e+01 1.164078121293323775e-01 1.402877759769356469e-01 1.089190773023124455e-02 1.135158433443372514e-02
2.630622006046069572e+01 7.453065181553819585e-02 8.458583361351912355e-02 9.501487171086116928e-03 1.038921849839132688e-02
2.667356868219277644e+01 6.052889248345467987e-02 9.581045192859374837e-02 8.673413096113944537e-03 9.711197545742985063e-03
2.704091730392485715e+01 5.184366676805833574e-02 5.898911844732082632e-02 8.132986884599600202e-03 9.231207374400432486e-03
2.740826592565693787e+01 3.812281797704477476e-02 5.979420356263435987e-02 7.744077262554840968e-03 8.894305802799420610e-03
2.777561454738901858e+01 2.650978106400888115e-02 6.310466032179233575e-02 7.446530247138257591e-03 8.673992980310407663e-03
2.814296316912109930e+01 2.334522006427865864e-02 5.698297735392719027e-02 7.212810513006527938e-03 8.567789554678413577e-03
2.851031179085318001e+01 1.357436896070989343e-02 4.896074067930623192e-02 7.030743795443642266e-03 8.597245693745937320e-03
2.887766041258526073e+01 6.452708911783474818e-03 7.047216319308938215e-02 6.900818958931994110e-03 8.806410395504192523e-03
2.924500903431734145e+01 2.523075492480273199e-02 7.955264517614255015e-02 6.845831091450796727e-03 9.240783095421518586e-03
2.961235765604942216e+01 2.595782274959425318e-02 8.172498091743679582e-02 6.933747675583722299e-03 9.895726322881139014e-03
2.997970627778150288e+01 3.847122974837620391e-02 1.080265737298590489e-01 7.280063412651084122e-03 1.066771695151387013e-02
3.034705489951358359e+01 3.557229127894914744e-02 1.312438739916115538e-01 7.950919325909378346e-03 1.136385702644315127e-02
3.071440352124566431e+01 5.596556750985657441e-02 1.557124412287952397e-01 8.825620583705812150e-03 1.177608884547737787e-02
3.108175214297774502e+01 7.858761917871359692e-02 1.528876015856029669e-01 9.608367469356414448e-03 1.177400765709879504e-02
3.144910076470982574e+01 8.716432383007334528e-02 1.099329640886366477e-01 9.980297980117718709e-03 1.136149416374598181e-02
3.181644938644191001e+01 9.785032152063689870e-02 1.142574331689353156e-01 9.770409884225533803e-03 1.066879915969711975e-02
3.218379800817399428e+01 7.842409091953934930e-02 7.256819829554633783e-02 9.046177529399304640e-03 9.894035358542781211e-03
3.255114662990607144e+01 3.718422843637191749e-02 6.625156790879420388e-02 8.068086400191062935e-03 9.235020378422019449e-03
3.291849525163814860e+01 3.053496841058755615e-02 7.532323660106819696e-02 7.142109607863393085e-03 8.844680671013372200e-03
3.328584387337023287e+01 5.690293261852052975e-03 5.838765827923290963e-02 6.467238222102017486e-03 8.810935609432146015e-03
3.365319249510231714e+01 8.208214379967767454e-03 4.527817779900232542e-02 6.067295392617340008e-03 9.134737303058162311e-03
3.402054111683439430e+01 1.205706596446169850e-02 8.036002118075107059e-02 5.850481693320534055e-03 9.702075789972260458e-03
3.438788973856647146e+01 7.505398551233628986e-03 9.180943596106740101e-02 5.723125243138733886e-03 1.029505236966355396e-02
3.475523836029855573e+01 -2.703260092760338337e-03 9.506797914146948580e-02 5.635179550372881527e-03 1.066853248043029938e-02
3.512258698203064000e+01 -1.569481202806739459e-04 1.028421773333136890e-01 5.566415219687742728e-03 1.066067761284206564e-02
3.548993560376271716e+01 3.229087174382664835e-03 7.579747219632368416e-02 5.508806922894951205e-03 1.027587898413572995e-02
3.585728422549479433e+01 -2.823059914577908357e-03 8.532395989371498179e-02 5.458653888615813687e-03 9.690196733922054953e-03
3.622463284722687860e+01 2.904258186389023413e-03 7.484352037007363512e-02 5.413931256773242724e-03 9.174746728671478307e-03
3.659198146895896286e+01 6.021524835718945756e-03 5.987211860190021911e-02 5.373391948150592692e-03 8.960257905913317569e-03
3.695933009069104003e+01 1.375637035652205187e-02 7.681253135352966721e-02 5.336206850714896553e-03 9.086243375417819151e-03
3.732667871242312430e+01 4.819455230638485140e-03 7.594852514973829405e-02 5.301793777141150868e-03 9.368371832425628765e-03
3.769402733415520146e+01 7.992047634982246858e-04 5.950530717286958704e-02 5.269726175427413666e-03 9.541926288596572908e-03
3.806137595588728573e+01 9.003107908171549892e-03 6.587808313202259125e-02 5.239680539060468170e-03 9.427895140950041941e-03
3.842872457761936289e+01 8.162981230208787506e-03 5.157909168485844131e-02 5.211404369099191525e-03 9.012170937380938399e-03
3.879607319935144716e+01 -3.512043773631382763e-03 3.648625179554688264e-02 5.184695770174147997e-03 8.424234633896706889e-03
3.916342182108352432e+01 3.422238256090026111e-03 3.539633680042217345e-02 5.159389966530915535e-03 7.843652611065527608e-03
3.953077044281560859e+01 -3.908240453944165568e-03 4.004481981374491406e-02 5.135350104766409421e-03 7.400754684313042703e-03
3.989811906454768575e+01 6.500893390146606637e-03 2.669745478798845814e-02 5.112460804927783375e-03 7.137758700987905866e-03
4.026546768627977002e+01 -5.395202829533980553e-04 1.899673539928299279e-02 5.090623526999433525e-03 7.041847480574989909e-03
4.063281630801185429e+01 -4.396933100797586862e-03 1.705580310415482498e-02 5.069753168413862476e-03 7.099993301650614833e-03
4.100016492974393145e+01 -5.173475698015189347e-04 1.488266345838449266e-02 5.049775516104244681e-03 7.329939204851521756e-03
4.136751355147601572e+01 3.953910780189620958e-03 3.795804021165203462e-02 5.030625304400895489e-03 7.776878180553500192e-03
4.173486217320809288e+01 6.371654158068415161e-03 5.422574706949682272e-02 5.012244710756740690e-03 8.464147242555869477e-03
4.210221079494017715e+01 2.843766363023935741e-03 7.185195031069578631e-02 4.994582173465169327e-03 9.308093372067643978e-03
4.246955941667225432e+01 -1.112916143732313630e-03 9.393414365857857828e-02 4.977591450015000051e-03 1.008039286725361666e-02
4.283690803840433858e+01 7.185523822588820927e-03 1.143163411975661042e-01 4.961230857966276650e-03 1.049363769363474176e-02
4.320425666013641575e+01 2.176004873280637953e-03 1.207901023206600921e-01 4.945462656177284679e-03 1.036955160064167297e-02
4.357160528186850001e+01 5.949876705370921171e-03 8.527942365030213856e-02 4.930252535338818833e-03 9.756823475629942954e-03
4.393895390360057718e+01 -4.527400110410935603e-03 4.855835383265794808e-02 4.915569194654232678e-03 8.896021137678577356e-03
4.430630252533266145e+01 7.938912761050679733e-04 3.056670564858913683e-02 4.901383987168910460e-03 8.063086905072385652e-03
4.467365114706473861e+01 4.846194534672655825e-03 3.951278864272266683e-02 4.887670620379350531e-03 7.424230425337500008e-03
4.504099976879682288e+01 2.459113095165070886e-03 1.934698541417467776e-02 4.874404901795905895e-03 7.005031692140461369e-03
4.540834839052890004e+01 1.131148407594766148e-02 1.869146150216739397e-02 4.861564521405554659e-03 6.756850429764968413e-03
4.577569701226098431e+01 5.791753204490966006e-03 1.456167410632099382e-02 4.849128864696760667e-03 6.626622962181577883e-03
4.614304563399306858e+01 5.611410393856009274e-03 1.495385831748207578e-02 4.837078851218283224e-03 6.581725872143797361e-03
4.651039425572514574e+01 5.146628131324206164e-03 1.942608845462225065e-02 4.825396794654488938e-03 6.608311620317032509e-03
4.687774287745723001e+01 -2.775800275081778679e-03 1.834556469964846934e-02 4.814066281188006564e-03 6.706332873191589092e-03
4.724509149918930717e+01 -2.280910829800033082e-03 2.398825236988721271e-02 4.803072063542141411e-03 6.888453895990227435e-03
4.761244012092139144e+01 -2.935442394947465269e-03 2.730720158091627311e-02 4.792399968591275032e-03 7.183952644335952174e-03
4.797978874265346860e+01 -5.099511418349416889e-03 2.920741718382662347e-02 4.782036816827945486e-03 7.647912652073632703e-03
4.834713736438555287e+01 1.131503945874719110e-03 4.793441610541312320e-02 4.771970352303397771e-03 8.367546360688439197e-03
4.871448598611763003e+01 -1.664451618388304273e-03 8.088869516389135539e-02 4.762189181931763063e-03 9.427083077678706513e-03
4.908183460784971430e+01 -5.382836052061524580e-03 1.136857964704322821e-01 4.752682723280319578e-03 1.078304019201003182e-02
4.944918322958179147e+01 2.148019947874141300e-03 1.531958469424527791e-01 4.743441160170630382e-03 1.212671840190606733e-02
4.981653185131387573e+01 2.163737527264464940e-03 1.814360743524742470e-01 4.734455405596781248e-03 1.294888720581642907e-02
5.018388047304595290e+01 4.538647777635873917e-03 2.123901716186407385e-01 4.725717071635347766e-03 1.286213574539154039e-02
5.055122909477803717e+01 6.683970285076342756e-03 1.514261229574104806e-01 4.717218446184328652e-03 1.190541573422653279e-02
5.091857771651011433e+01 6.275164688226074830e-03 8.606421060853403082e-02 4.708952476531943002e-03 1.051017809208083277e-02
5.128592633824219860e+01 1.471502013083556340e-03 7.122785649124248331e-02 4.700912759928218242e-03 9.165537093905742200e-03
5.165327495997427576e+01 3.416297845848560895e-03 3.353200416419874208e-02 4.693093541520441080e-03 8.129313159552762486e-03
5.202062358170636003e+01 1.484776228704494296e-03 2.467275716750430559e-02 4.685489720227113339e-03 7.410950857310477299e-03
5.238797220343844430e+01 8.449075422320191523e-04 2.721600608066056942e-02 4.678096863375085478e-03 6.919337490151720657e-03
5.275532082517052146e+01 -2.078923724295722673e-03 2.074602763581223641e-02 4.670911231224985152e-03 6.570882007257147252e-03
5.312266944690260573e+01 7.767906551956545343e-04 6.477590872760286868e-03 4.663929812878803149e-03 6.312862335192256577e-03
5.349001806863468289e+01 -4.370498336442355317e-03 3.549125037649251968e-03 4.657150375524063760e-03 6.114521220963830064e-03
5.385736669036676716e+01 6.700615307827926387e-03 1.536467082014116720e-02 4.650571529552409780e-03 5.957430615984684805e-03
5.422471531209884432e+01 -7.508244764953174444e-03 1.274101882035254263e-02 4.644192812838808526e-03 5.829984785316027346e-03
5.459206393383092859e+01 7.953056452742235426e-04 7.892443482142548830e-04 4.638014798437849889e-03 5.724527861356758576e-03
5.495941255556300575e+01 1.130774560009201093e-03 7.970787006769848582e-03 4.632039231224330603e-03 5.635811143715241216e-03
5.532676117729509002e+01 1.667658832641359321e-03 1.645427399635388324e-02 4.626269200685412426e-03 5.560120399214532952e-03
5.569410979902716718e+01 5.088150541232514153e-03 1.406433417775693889e-02 4.620709359313806761e-03 5.494757242733568775e-03
5.606145842075925145e+01 -2.071389694640747570e-03 8.125769416370529769e-03 4.615366199072145140e-03 5.437717597663239977e-03
5.642880704249132862e+01 6.142498628446194098e-03 2.484452144687093311e-03 4.610248402507519452e-03 5.387485069859353562e-03
5.679615566422341288e+01 8.010818561393726056e-03 5.256337389702493181e-03 4.605367290740535781e-03 5.342894080976667154e-03
5.716350428595549005e+01 5.203165352861968858e-03 4.884307098715797747e-03 4.600737398391732506e-03 5.303036858997017301e-03
5.753085290768757432e+01 -5.986401123767686773e-03 8.955393402303873235e-03 4.596377216513533245e-03 5.267198867872610428e-03
5.789820152941965148e+01 -3.505944474428782272e-03 4.080503408308675146e-03 4.592310160231608852e-03 5.234813206017858642e-03
5.826555015115173575e+01 8.967637200386784080e-03 -1.764226598518940821e-03 4.588565840296694384e-03 5.205428004914505226e-03
5.863289877288382002e+01 7.190900738477894356e-03 -2.160094140105173546e-04 4.585181750560935257e-03 5.178682994161179151e-03
5.900024739461589718e+01 -5.699106084345250626e-04 -9.958630055264443628e-04 4.582205531959661002e-03 5.154292750021440342e-03
5.936759601634798145e+01 -4.646399889509395670e-03 1.049253906660324934e-02 4.579698046617019375e-03 5.132035038875129747e-03
5.973494463808005861e+01 -9.104183307174896697e-03 8.908844310104076930e-03 4.577737607454052463e-03 5.111743300400401792e-03
6.010229325981214288e+01 5.353356300482432426e-04 -6.430328416533637355e-03 4.576425882974258230e-03 5.093302815472182041e-03
6.046964188154422004e+01 7.787447930012471840e-03 2.088497503561250780e-03 4.575896274494020699e-03 5.076650569196067275e-03
6.083699050327630431e+01 -6.816424670598532180e-03 1.018081436853411799e-02 4.576326015638612285e-03 5.061779348830855452e-03
6.120433912500838147e+01 -5.148564352462426871e-03 4.209419675498786949e-03 4.577954001323449561e-03 5.048747340351936869e-03
6.157168774674046574e+01 -5.932381315589841395e-04 3.790929897190770635e-03 4.581107659372921775e-03 5.037695618788932440e-03
6.193903636847254290e+01 4.359610809780619170e-03 4.412894855080748066e-03 4.586244508267472118e-03 5.028877855500612365e-03
6.230638499020462717e+01 -5.521872609141325640e-03 3.287567371224306857e-03 4.594018373221213543e-03 5.022710054197567983e-03
6.267373361193670434e+01 3.588500748590492655e-03 5.208036838924835071e-03 4.605388668283190261e-03 5.019854755855330392e-03
6.304108223366878860e+01 3.898203460396568350e-03 3.305201547021951406e-03 4.621808581053985995e-03 5.021367341161576958e-03
6.340843085540086577e+01 3.755669061150045639e-04 6.163267299339940906e-03 4.645566749732414451e-03 5.028959561710378244e-03
6.377577947713295003e+01 8.460600566366041284e-03 1.121009626868521743e-02 4.680451806548236587e-03 5.045495529690647782e-03
6.414312809886503430e+01 -7.219766299316643376e-03 2.348254288372520447e-03 4.733173187558745686e-03 5.075971536745860734e-03
6.451047672059711147e+01 -2.119858325129072608e-03 4.827088760797799104e-03 4.816863768140226994e-03 5.129531600903109063e-03
6.487782534232920284e+01 1.495401114994274021e-04 8.004854557022407849e-04 4.962048680237495825e-03 5.223501714006491270e-03
6.524517396406128000e+01 4.570400766991332062e-03 8.234002451614813936e-03 5.261019200855258232e-03 5.388638088595498407e-03
6.561252258579335717e+01 6.192287882830497386e-03 -4.837791037745567228e-03 5.969310840134451832e-03 5.657805695418764366e-03
6.597987120752543433e+01 3.157811315190854617e-02 4.651876615681556186e-03 7.229154795162768751e-03 5.993645053546872367e-03
6.634721982925751149e+01 4.972204204371449832e-02 1.961144943511938452e-03 8.248665964567589506e-03 6.217179788201014634e-03
6.671456845098958865e+01 3.453747710997793346e-02 1.518512775454724725e-02 7.951823625970850032e-03 6.150160694410135298e-03
6.708191707272168003e+01 2.692392461242355817e-02 2.217109049822699185e-02 6.676993229197155169e-03 5.844183514771843398e-03
6.744926569445375719e+01 1.215006267324708449e-02 8.519072785032723652e-03 5.606090400538746472e-03 5.508187123838916878e-03
6.781661431618584857e+01 1.086204059458387551e-03 -7.283279670124042336e-03 5.098374608802354151e-03 5.265649913276604366e-03
6.818396293791792573e+01 -1.703671129745016732e-03 -2.647258615982212709e-03 4.874055905784696781e-03 5.114264334621368251e-03
6.855131155965000289e+01 -3.805390186254337982e-03 1.892448936375846352e-03 4.752137624461581430e-03 5.018929759256310699e-03
6.891866018138208005e+01 -6.620595703977784872e-03 6.913118327365789205e-03 4.675445218625313461e-03 4.955238211894106258e-03
6.928600880311415722e+01 -3.575404238720707390e-04 9.128872221745720425e-03 4.623019556520250803e-03 4.910006495391891317e-03
6.965335742484624859e+01 -1.276588894838938133e-03 8.290576187783485831e-03 4.585100770635707965e-03 4.876146073710248448e-03
7.002070604657832575e+01 -2.916354040867465136e-03 -4.119251384683603537e-03 4.556475243451963385e-03 4.849656581486849055e-03
7.038805466831040292e+01 6.997512929869590184e-03 -1.690961466489669315e-04 4.534108282453812311e-03 4.828159920970714891e-03
7.075540329004249429e+01 4.110614325151076484e-03 5.118172124222661497e-03 4.516122768172496117e-03 4.810175286310545452e-03
7.112275191177457145e+01 -2.709658085198353786e-03 4.191711749102015536e-03 4.501302568591547537e-03 4.794742932060181914e-03
7.149010053350664862e+01 -1.302810654968503427e-03 3.317099070102635071e-03 4.488830099339142024e-03 4.781218956643081865e-03
7.185744915523872578e+01 5.905086401027207464e-03 -3.864470239597045387e-03 4.478138668121491722e-03 4.769158192793282111e-03
7.222479777697081715e+01 -6.580499432370187467e-03 -3.135240125569815905e-03 4.468825202622482215e-03 4.758244659830849696e-03
7.259214639870289432e+01 2.908513200817849920e-03 4.890615580168937264e-03 4.460596553311461585e-03 4.748248789207024437e-03
7.295949502043497148e+01 4.682714713589883836e-04 -7.592480787127100020e-03 4.453235324319529398e-03 4.739000291653546089e-03
7.332684364216704864e+01 6.938486232247717588e-04 3.754332202377770773e-03 4.446577496837092469e-03 4.730370468647843857e-03
7.369419226389914002e+01 8.671847680772042793e-03 3.479299989627454570e-03 4.440497405029001504e-03 4.722260395994186052e-03
7.406154088563121718e+01 -3.026892035792371448e-03 5.798642229276279071e-03 4.434897424810912286e-03 4.714592855474949648e-03
7.442888950736329434e+01 3.409038170868895073e-03 -1.193372886395832437e-03 4.429700757770818273e-03 4.707306715893988698e-03
7.479623812909537151e+01 -2.157978393629749522e-03 4.242117571213761297e-03 4.424846292092108821e-03 4.700352949269515079e-03
7.516358675082746288e+01 -1.216979945627176193e-02 -3.918383030438021136e-03 4.420284884410613339e-03 4.693691759914958919e-03
7.553093537255954004e+01 1.271224245675130031e-02 3.245939917603247061e-03 4.415976630848771935e-03 4.687290484421923788e-03
7.589828399429161720e+01 6.466042912355332746e-03 2.686430460062405341e-04 4.411888837639545494e-03 4.681122034336104507e-03
7.626563261602370858e+01 -1.542116987513459086e-03 1.342265385158692304e-03 4.407994493730498474e-03 4.675163726580837571e-03
7.663298123775578574e+01 3.526419719050047732e-04 6.705590748533435744e-03 4.404271108383286254e-03 4.669396394737060016e-03
7.700032985948786290e+01 -3.749229045772812813e-03 -6.556082854199498430e-04 4.400699817427996922e-03 4.663803706346883113e-03
7.736767848121994007e+01 1.784481881813812596e-03 4.800141065800888132e-03 4.397264689508730180e-03 4.658371633133515793e-03
7.773502710295203144e+01 2.044699565044747619e-03 1.954821337014600938e-03 4.393952182776255516e-03 4.653088035968744145e-03
7.810237572468410860e+01 8.607916314024349671e-04 9.387943082675121679e-04 4.390750715868163914e-03 4.647942336830782409e-03
