# Sm3+ 10 200
5.000000000000000000e+00 -8.164412061967451367e-03 4.138943092871194204e-03 5.223607625090100244e-03 6.287390380169075380e-03
5.101151669619993001e+00 1.176337869522195434e-02 1.410380107278852609e-02 5.204201347640139211e-03 6.246575946921430894e-03
5.202303339239986002e+00 8.080804496322386427e-03 1.945073765526151785e-02 5.185764398755612556e-03 6.207584145527144520e-03
5.303455008859979003e+00 9.352557961765426905e-03 1.411745207579903280e-02 5.168245946146744416e-03 6.170314467522566328e-03
5.404606678479972004e+00 7.183697136680877726e-03 1.949025570493154863e-02 5.151599236251304739e-03 6.134674419069202633e-03
5.505758348099965005e+00 1.427235170902609561e-03 5.609309547786591084e-03 5.135781211878152896e-03 6.100578764486699369e-03
5.606910017719958006e+00 4.085045264819417085e-03 1.221104934946349793e-02 5.120752173056719245e-03 6.067948855727782129e-03
5.708061687339951007e+00 1.253280795475188386e-03 -7.408728317208259501e-04 5.106475475519114612e-03 6.036712036614568649e-03
5.809213356959944008e+00 1.083088503334315132e-02 1.382177500050497422e-02 5.092917262056038084e-03 6.006801112301025231e-03
5.910365026579937009e+00 8.725847177331828158e-03 6.105202094437625800e-03 5.080046222670298386e-03 5.978153875802930117e-03
6.011516696199930010e+00 1.234983067966881516e-02 1.279484520169817119e-02 5.067833380025950699e-03 5.950712684592869735e-03
6.112668365819923011e+00 8.368583627881813133e-03 5.798564720723878990e-03 5.056251897175763690e-03 5.924424081232165275e-03
6.213820035439916012e+00 3.050061053053576467e-03 1.552273253222916441e-02 5.045276904960167147e-03 5.899238452835733545e-03
6.314971705059909013e+00 1.011881376265618554e-02 1.438563006966480165e-02 5.034885346819661760e-03 5.875109724865084510e-03
6.416123374679902902e+00 3.436327938680634395e-03 9.900104203553583559e-03 5.025055839059888035e-03 5.851995085339832883e-03
6.517275044299895903e+00 1.184905960308730091e-02 4.532170513121442333e-03 5.015768544862716019e-03 5.829854736066286680e-03
6.618426713919888904e+00 3.301585919108815208e-03 -1.847743065797227691e-03 5.007005060554568440e-03 5.808651667916817085e-03
6.719578383539881905e+00 1.041402339660159500e-02 1.100799994843675023e-02 4.998748312830541760e-03 5.788351457567442009e-03
6.820730053159874906e+00 5.909489601308682075e-03 1.008415685974181283e-02 4.990982465794430514e-03 5.768922083422909318e-03
6.921881722779867907e+00 6.226465000509093239e-03 1.050569399578873270e-02 4.983692836814357027e-03 5.750333758736482330e-03
7.023033392399860908e+00 9.442529680604778985e-03 1.185654415301863780e-02 4.976865820314805254e-03 5.732558780172297003e-03
7.124185062019853909e+00 2.100459925309718437e-03 6.740719188001961272e-03 4.970488818731042500e-03 5.715571390267071283e-03
7.225336731639846910e+00 2.118138391092995974e-03 7.057227398662582231e-03 4.964550179943585072e-03 5.699347652429786852e-03
7.326488401259839911e+00 -4.006817397624939242e-03 1.639633760764762707e-02 4.959039140590490793e-03 5.683865337276636925e-03
7.427640070879832912e+00 -2.496306248340268708e-03 1.254810841034146099e-02 4.953945774725402283e-03 5.669103819237369772e-03
7.528791740499825913e+00 1.111642810377653709e-02 5.801748246352225746e-03 4.949260947350946419e-03 5.655043982490921307e-03
7.629943410119818914e+00 -4.854451891542059007e-04 5.857762291265307744e-04 4.944976272411344582e-03 5.641668135395329353e-03
7.731095079739812803e+00 -1.339721100859522437e-03 8.610429628047439748e-03 4.941084074876109754e-03 5.628959932671366573e-03
7.832246749359805804e+00 -2.141945689149911750e-03 -2.138530236669671306e-03 4.937577356589193354e-03 5.616904304682843879e-03
7.933398418979798805e+00 9.491116077110016251e-04 4.002397392932319047e-03 4.934449765595735719e-03 5.605487393230619217e-03
8.034550088599791806e+00 -5.189194843303029242e-04 8.268308960370261002e-03 4.931695568692336107e-03 5.594696493343266977e-03
8.135701758219784807e+00 -9.867310264907447337e-04 3.222697941477335390e-03 4.929309626976931084e-03 5.584520000606144410e-03
8.236853427839777808e+00 3.787571973088970940e-03 5.089992620084070676e-03 4.927287374201587064e-03 5.574947363623385110e-03
8.338005097459770809e+00 -1.634433351477060023e-02 5.920130572720819565e-03 4.925624797756046093e-03 5.565969041254639066e-03
8.439156767079763810e+00 7.184970173367475482e-03 6.822714445429277352e-03 4.924318422132225453e-03 5.557576464311296711e-03
8.540308436699756811e+00 5.245299068947654152e-03 5.491966704802213155e-03 4.923365294740226009e-03 5.549762001435706339e-03
8.641460106319749812e+00 4.806824397677010585e-03 1.560167651944455863e-02 4.922762973965241588e-03 5.542518928922378005e-03
8.742611775939742813e+00 1.031330611833862444e-03 1.205904851859979261e-02 4.922509519372083794e-03 5.535841404272678380e-03
8.843763445559735814e+00 -4.221748704795152789e-03 1.018594929614166644e-02 4.922603483980362085e-03 5.529724443304520447e-03
8.944915115179728815e+00 6.541278801597675586e-04 -4.920633635598803401e-03 4.923043908548634107e-03 5.524163900666550359e-03
9.046066784799721816e+00 -2.011930024714858080e-04 1.227894299839196908e-02 4.923830317820438937e-03 5.519156453632425782e-03
9.147218454419714817e+00 -2.016282289964200537e-03 1.702908072426824460e-03 4.924962718699148548e-03 5.514699589075616054e-03
9.248370124039707818e+00 4.705991714603735207e-03 5.276267714399793946e-03 4.926441600332209445e-03 5.510791593548736329e-03
9.349521793659700819e+00 3.861627148693935925e-03 -6.265243281970275455e-04 4.928267936098731580e-03 5.507431546414209150e-03
9.450673463279693820e+00 -8.098326554522214046e-03 1.422117673750221412e-02 4.930443187507722522e-03 5.504619315995242651e-03
9.551825132899686821e+00 -2.601634469126058117e-03 5.852824414085132029e-03 4.932969310027708089e-03 5.502355558737956516e-03
9.652976802519679822e+00 1.125007729519579905e-02 -8.647082516653054052e-05 4.935848760882067046e-03 5.500641721397258460e-03
9.754128472139672823e+00 -3.736769944140111606e-03 1.192273516916524112e-02 4.939084508858561026e-03 5.499480046281002635e-03
9.855280141759665824e+00 -3.192246301440809959e-03 1.794013845516448640e-03 4.942680046196080458e-03 5.498873579609289859e-03
9.956431811379658825e+00 1.274453517801624972e-03 3.240369942392952191e-03 4.946639402627046357e-03 5.498826183068842265e-03
1.005758348099965183e+01 3.139963783702987878e-03 8.787247647800373873e-03 4.950967161670202094e-03 5.499342548666265144e-03
1.015873515061964483e+01 4.558723278744303449e-03 2.048772535431252206e-03 4.955668479285926797e-03 5.500428217009301068e-03
1.025988682023963783e+01 5.589141068556926356e-03 7.916005881623730880e-03 4.960749105025041156e-03 5.502089599171875248e-03
1.036103848985963083e+01 4.293681811875848381e-03 1.103797171398118553e-02 4.966215405822422060e-03 5.504334002327409582e-03
1.046219015947962561e+01 2.997395716759211366e-03 1.546720711394207123e-02 4.972074392609026824e-03 5.507169659365753096e-03
1.056334182909961683e+01 -3.995769847804276145e-03 3.318909426578656608e-03 4.978333749940382948e-03 5.510605762742735309e-03
1.066449349871961161e+01 3.099833402473987053e-03 7.655561098953883245e-03 4.985001868866573496e-03 5.514652502848026334e-03
1.076564516833960283e+01 -6.396920865898774941e-05 5.671912221249349011e-03 4.992087883298654792e-03 5.519321111217490722e-03
1.086679683795959761e+01 -1.642988295072585897e-03 1.134080264326754045e-02 4.999601710159769750e-03 5.524623908960897209e-03
1.096794850757958883e+01 5.284941505272520469e-03 8.702210144295053490e-03 5.007554093646382314e-03 5.530574360825614953e-03
1.106910017719958361e+01 5.230053770035074032e-03 2.827817299904275290e-03 5.015956653966805422e-03 5.537187135372331238e-03
1.117025184681957484e+01 6.075460814507000450e-03 9.777146139908288527e-03 5.024821940971060247e-03 5.544478171801096172e-03
1.127140351643956961e+01 -3.028667113486880128e-04 1.254186018980442061e-02 5.034163493139029964e-03 5.552464754035816435e-03
1.137255518605956084e+01 -3.617321257471143962e-03 3.068245770478653361e-03 5.043995902453709754e-03 5.561165592754274342e-03
1.147370685567955562e+01 2.756538029211642437e-03 6.338658860551228853e-03 5.054334885754202360e-03 5.570600916140007811e-03
1.157485852529954684e+01 9.087567610699636214e-03 6.167623065463537918e-03 5.065197363240313277e-03 5.580792570233723306e-03
1.167601019491954162e+01 -2.672847976688268352e-03 5.728678510684613590e-03 5.076601544888538833e-03 5.591764129877356201e-03
1.177716186453953284e+01 6.978431967106867029e-03 2.664623793167615867e-03 5.088567025639813626e-03 5.603541021375504742e-03
1.187831353415952762e+01 3.574805862304913581e-03 9.164374630487529677e-03 5.101114890334569434e-03 5.616150658149809266e-03
1.197946520377951884e+01 6.489903441982608490e-03 -4.170489822116990250e-03 5.114267829502947699e-03 5.629622590834727422e-03
1.208061687339951362e+01 -1.429133401168234448e-03 8.298033487853651372e-03 5.128050267270380623e-03 5.643988673462227781e-03
1.218176854301950485e+01 6.126059544657249528e-03 4.427856463776719265e-03 5.142488502814574446e-03 5.659283247612433357e-03
1.228292021263949962e+01 4.735933209162483670e-03 2.570692925121312311e-03 5.157610867013474008e-03 5.675543346672722554e-03
1.238407188225949085e+01 1.052906850869359066e-03 4.314087517004483799e-03 5.173447896159908722e-03 5.692808922655598347e-03
1.248522355187948563e+01 1.120637817268370015e-02 9.767544570681019334e-04 5.190032524893403720e-03 5.711123098383518587e-03
1.258637522149947863e+01 -3.013824922372007782e-03 1.017427898508458696e-02 5.207400300820149222e-03 5.730532448266066614e-03
1.268752689111947163e+01 9.119307991118454776e-03 1.107811722565549967e-02 5.225589623667158817e-03 5.751087311382656851e-03
1.278867856073946463e+01 5.087244560608347385e-03 1.189018648813989359e-02 5.244642012256687733e-03 5.772842141155788698e-03
1.288983023035945763e+01 4.827739696019588481e-03 9.620065036486772497e-03 5.264602403104863895e-03 5.795855896572443822e-03
1.299098189997945063e+01 1.190599861593824235e-02 7.639826519603883093e-03 5.285519485059920856e-03 5.820192480704436400e-03
1.309213356959944363e+01 7.270675017747137842e-03 6.349128481215969740e-03 5.307446075119572407e-03 5.845921233217270599e-03
1.319328523921943663e+01 1.128556135665399231e-03 9.644391655309957762e-03 5.330439541427645089e-03 5.873117484671450290e-03
1.329443690883942963e+01 6.356440012514472625e-03 1.649632233859253672e-02 5.354562280476346352e-03 5.901863181747775064e-03
1.339558857845942264e+01 3.164338941231272656e-03 9.639206303222975364e-03 5.379882256768782345e-03 5.932247594115289818e-03
1.349674024807941564e+01 2.612838553885222116e-03 1.884796489277957773e-02 5.406473614671894294e-03 5.964368115564952846e-03
1.359789191769940864e+01 1.071431011078192649e-02 6.529743716952776840e-03 5.434417373969632585e-03 5.998331174326047496e-03
1.369904358731940164e+01 -1.228139156552262093e-03 -4.586701489968959822e-03 5.463802222781346564e-03 6.034253270256588648e-03
1.380019525693939464e+01 1.462796024316050277e-02 2.535035413406674584e-02 5.494725424131608957e-03 6.072262159968200290e-03
1.390134692655938764e+01 4.221267435391430276e-03 1.567387162136779644e-02 5.527293855659993344e-03 6.112498215055587117e-03
1.400249859617938064e+01 9.624133891304093025e-03 1.207953419840991638e-02 5.561625205890046927e-03 6.155115983636626209e-03
1.410365026579937364e+01 1.655279488795122905e-02 1.166338912432129775e-02 5.597849355325227802e-03 6.200285991609761141e-03
1.420480193541936664e+01 1.546867166594633955e-02 1.297516442647674365e-02 5.636109976651454412e-03 6.248196827708465267e-03
1.430595360503935964e+01 1.176171999396999866e-02 1.118955199911302045e-02 5.676566395820724364e-03 6.299057565978483098e-03
1.440710527465935265e+01 8.387461610155931557e-03 2.469596894148061439e-02 5.719395765187854433e-03 6.353100591245298794e-03
1.450825694427934565e+01 5.196042911135637966e-03 2.393635614995345828e-02 5.764795611727074019e-03 6.410584908166253558e-03
1.460940861389933865e+01 2.962622518624245804e-03 1.949455533026529103e-02 5.812986838405677370e-03 6.471800033487977791e-03
1.471056028351933165e+01 1.614507265126987820e-02 1.497891242906028778e-02 5.864217276029310214e-03 6.537070595377775586e-03
1.481171195313932465e+01 1.623771150703316041e-02 3.924043114206712118e-03 5.918765907639903651e-03 6.606761794814317718e-03
1.491286362275931765e+01 3.617329055685135179e-03 1.935690640198864734e-02 5.976947919676064286e-03 6.681285924247940683e-03
1.501401529237931065e+01 1.356521327847923925e-02 2.130858205124514307e-02 6.039120776125691745e-03 6.761110191145816919e-03
1.511516696199930365e+01 8.059187820158908444e-03 2.835342059001989823e-02 6.105691567335506595e-03 6.846766162877536768e-03
1.521631863161929665e+01 2.190265156063440216e-03 1.928602477045868874e-02 6.177125958956619298e-03 6.938861240627776546e-03
1.531747030123928965e+01 2.314141610326551565e-02 2.614318438468127628e-02 6.253959165776297978e-03 7.038092692072167936e-03
1.541862197085928265e+01 1.094723779958935508e-02 1.602532281818316862e-02 6.336809510130112302e-03 7.145264937486808798e-03
1.551977364047927566e+01 1.050529283552262619e-02 2.546005490106984653e-02 6.426395310156721163e-03 7.261311009277922508e-03
1.562092531009926866e+01 2.101521881390707239e-02 2.691663450160148782e-02 6.523556101553723563e-03 7.387319416332026843e-03
1.572207697971926166e+01 1.069123901577649638e-02 1.025937444396834292e-02 6.629279561225108995e-03 7.524568080453111762e-03
1.582322864933925644e+01 4.047183697819194820e-02 3.786499613419162802e-02 6.744736023734987374e-03 7.674567630582029495e-03
1.592438031895924944e+01 1.759020633593315341e-02 4.028997357086439024e-02 6.871323242341242053e-03 7.839117231048461226e-03
1.602553198857924244e+01 1.929855756003863096e-02 3.716410659101759828e-02 7.010725174329919193e-03 8.020377423413237172e-03
1.612668365819923366e+01 2.394524611621650506e-02 2.684120014416037370e-02 7.164990276081070752e-03 8.220966402834352371e-03
1.622783532781922844e+01 2.303738096765792914e-02 5.210483597315254678e-02 7.336637430568720454e-03 8.444089098419997955e-03
1.632898699743922322e+01 3.825135453584525835e-02 4.624679236128134696e-02 7.528801810599184893e-03 8.693713002145914137e-03
1.643013866705921444e+01 4.286896894108466194e-02 6.636507341480951672e-02 7.745439798492045717e-03 8.974811960242331035e-03
1.653129033667920567e+01 4.212218229549005710e-02 7.687061963373864604e-02 7.991623567247457122e-03 9.293710999206290790e-03
1.663244200629920044e+01 3.605031734596021720e-02 7.415195915779551616e-02 8.273976018901594426e-03 9.658585177523860976e-03
1.673359367591919522e+01 5.279070436904493430e-02 9.984088021789486178e-02 8.601333526814327474e-03 1.008020001865358659e-02
1.683474534553918645e+01 7.435850528320521458e-02 1.026828395701012420e-01 8.985794881183253174e-03 1.057304323758405037e-02
1.693589701515917767e+01 5.547118288853632173e-02 1.271895117815408094e-01 9.444461337069238321e-03 1.115711354665229957e-02
1.703704868477917245e+01 1.023248760212773084e-01 1.313190207830147171e-01 1.000250285551363208e-02 1.186085684021856261e-02
1.713820035439916722e+01 9.357964944570866528e-02 1.878447851664895862e-01 1.069902734468385595e-02 1.272618113982150814e-02
1.723935202401915845e+01 1.634885056711297968e-01 2.606353838917120913e-01 1.159980436705452742e-02 1.381729018306437733e-02
1.734050369363914967e+01 1.935620765529529053e-01 3.023429277093820366e-01 1.283051450189539970e-02 1.523595677100522162e-02
1.744165536325914445e+01 2.636153975287953699e-01 4.400162019350474241e-01 1.467818639060429649e-02 1.714299476024401872e-02
1.754280703287913923e+01 4.601925169478192079e-01 6.056619254988186984e-01 1.784604222240174926e-02 1.976368185117354653e-02
1.764395870249913045e+01 9.611195325220558416e-01 9.620574206765070135e-01 2.360747065070926617e-02 2.329928128954980929e-02
1.774511037211912168e+01 2.058606998414072464e+00 1.414728393843707632e+00 3.278392463696178788e-02 2.766615994679894053e-02
1.784626204173911646e+01 3.896815794403743372e+00 2.006578190344076695e+00 4.381923318383339205e-02 3.222530246534230369e-02
1.794741371135911123e+01 5.916976060781152569e+00 2.487095302330174729e+00 5.280184801587560484e-02 3.592549203512473976e-02
1.804856538097910246e+01 7.025201562514723719e+00 2.858426133698788618e+00 5.665658622144187362e-02 3.794409059557231345e-02
1.814971705059909368e+01 6.739400600310183620e+00 2.945367169123250584e+00 5.617210945574342695e-02 3.816311773630808035e-02
1.825086872021908846e+01 6.161794359782677866e+00 2.740550608259110010e+00 5.363685008310997704e-02 3.685849136640027834e-02
1.835202038983908324e+01 4.963210739302158281e+00 2.225427813104098096e+00 4.851167853791807372e-02 3.418384047682258842e-02
1.845317205945907446e+01 3.250476748367208124e+00 1.718344323362725579e+00 3.988830261961504031e-02 3.035658301523527433e-02
1.855432372907906569e+01 1.659198597289841537e+00 1.211132771714805267e+00 2.991929384779071568e-02 2.602573771635567634e-02
1.865547539869906046e+01 7.856022618802400714e-01 7.836518839585219220e-01 2.180886570327409540e-02 2.201473501340161371e-02
1.875662706831905524e+01 3.958839684474376175e-01 5.430174600728158163e-01 1.678702119759184486e-02 1.880962424077813749e-02
1.885777873793904647e+01 2.707483393002895755e-01 3.977714070373428723e-01 1.402038035681614503e-02 1.643763678047103702e-02
1.895893040755903769e+01 1.523903322851989928e-01 2.907711695519379913e-01 1.237626973925227622e-02 1.470212719574555751e-02
1.906008207717903247e+01 1.561251508308698077e-01 2.330987220637897872e-01 1.126036157978484512e-02 1.340045016454939446e-02
1.916123374679902724e+01 1.178671281426546535e-01 1.694948448537806907e-01 1.043284791796851574e-02 1.239108868990483614e-02
1.926238541641901847e+01 9.517504720232915216e-02 1.442646193911646668e-01 9.786911575985103931e-03 1.158473469414207646e-02
1.936353708603900969e+01 7.188257737677132553e-02 1.217777496776377005e-01 9.265565360417629681e-03 1.092476866887191062e-02
1.946468875565900447e+01 6.213012147886835118e-02 1.007902149617782017e-01 8.834449079865887636e-03 1.037396833621234346e-02
1.956584042527899925e+01 3.395326595259122449e-02 8.896129686403519976e-02 8.471214053323641857e-03 9.906885367875952614e-03
1.966699209489899047e+01 3.579069204635751400e-02 9.892893608377741066e-02 8.160544139651509585e-03 9.505507995070605620e-03
1.976814376451898170e+01 4.689042738352848516e-02 7.159135732639920757e-02 7.891523438618848821e-03 9.156708009234995962e-03
1.986929543413897647e+01 3.338308933812494245e-02 6.517243229422507722e-02 7.656128315631021211e-03 8.850676063231588397e-03
1.997044710375897125e+01 2.893794337773030606e-02 5.180011474238663260e-02 7.448311006058945874e-03 8.579925839258477349e-03
2.007159877337896248e+01 3.547432445670241352e-02 5.311318909128402710e-02 7.263416499423255325e-03 8.338638827737318571e-03
2.017275044299895725e+01 2.835659785660251189e-02 3.331926773799601810e-02 7.097797418320223387e-03 8.122220530731971699e-03
2.027390211261894848e+01 1.474428198016365654e-02 3.632628476448537119e-02 6.948551673833760350e-03 7.926992163183215964e-03
2.037505378223894326e+01 1.953162339597357133e-02 3.243510649507666543e-02 6.813339011650250063e-03 7.749971673402068079e-03
2.047620545185893803e+01 2.097597151150235734e-02 2.011177709397892963e-02 6.690249799921324167e-03 7.588715125443830888e-03
2.057735712147892926e+01 9.622450680217869284e-03 2.100123992378587212e-02 6.577709319887346806e-03 7.441199784227019165e-03
2.067850879109892048e+01 1.370970086669709605e-02 2.852106507017511741e-02 6.474406734538210029e-03 7.305736584866166089e-03
2.077966046071891526e+01 7.387541818479675601e-03 2.635667402274733534e-02 6.379241555430324034e-03 7.180903675121836673e-03
2.088081213033891004e+01 6.461787898019230245e-03 1.823409362004413392e-02 6.291282737797181460e-03 7.065495313009951053e-03
2.098196379995890126e+01 1.106024724630855390e-02 1.936779468534283871e-02 6.209737034686878265e-03 6.958482115613723665e-03
2.108311546957889249e+01 1.394294944010839032e-03 1.778259391281034746e-02 6.133924237261586046e-03 6.858979810070412950e-03
2.118426713919888726e+01 6.608038213339206650e-03 2.661411396998010145e-02 6.063257603132394570e-03 6.766224429664784157e-03
2.128541880881887849e+01 1.609538820131332926e-02 2.203732662198652076e-02 5.997228239685558140e-03 6.679552449778681372e-03
2.138657047843887327e+01 -3.125595029039507020e-03 1.828420553775565727e-02 5.935392535120832466e-03 6.598384748616312710e-03
2.148772214805886449e+01 9.989569194523938850e-03 2.003774855678523356e-02 5.877361961471488580e-03 6.522213557246183888e-03
2.158887381767885927e+01 9.942071126010205984e-03 1.579180866090674693e-02 5.822794740681661897e-03 6.450591766405564323e-03
2.169002548729885049e+01 1.214318016908249795e-03 1.791704727633776362e-02 5.771388986476406330e-03 6.383124106457449196e-03
2.179117715691884527e+01 3.796128095891837615e-03 1.313339269327361628e-02 5.722877024509634251e-03 6.319459827400050744e-03
2.189232882653883649e+01 5.707654075034909215e-03 1.002476024078591786e-02 5.677020660188631697e-03 6.259286588644658381e-03
2.199348049615883127e+01 1.260530548459205466e-02 6.224475086055412942e-03 5.633607213953730278e-03 6.202325330919493049e-03
2.209463216577882250e+01 9.589089922634524629e-03 8.060603120955765755e-03 5.592446182072739747e-03 6.148325950454416183e-03
2.219578383539881727e+01 1.177108855652996521e-02 7.138707798706454485e-03 5.553366410347153510e-03 6.097063632370573229e-03
2.229693550501881205e+01 -7.672120883126659630e-05 1.679072587082817980e-02 5.516213690791884477e-03 6.048335728703188238e-03
2.239808717463880328e+01 7.173565964257863463e-03 1.324318289285039349e-02 5.480848708992102844e-03 6.001959088742623780e-03
2.249923884425879805e+01 5.422709387626711494e-03 1.494877822545131324e-02 5.447145283670781768e-03 5.957767766876951795e-03
2.260039051387878928e+01 1.160908054731702929e-02 1.736867172296178985e-02 5.414988850914905297e-03 5.915611046964984292e-03
2.270154218349878406e+01 6.904916550359362776e-03 7.873988931177529349e-03 5.384275154176335759e-03 5.875351733291342589e-03
2.280269385311877528e+01 8.298173100627326618e-03 1.584561826786842070e-04 5.354909108088587270e-03 5.836864666981580844e-03
2.290384552273877006e+01 5.923970190198196359e-03 3.968440796896518553e-03 5.326803809705067498e-03 5.800035433861643053e-03
2.300499719235876128e+01 4.575077890001101773e-03 2.905409598214771412e-03 5.299879675259248218e-03 5.764759235497738873e-03
2.310614886197875606e+01 5.185524603823397048e-03 7.424650586399601272e-03 5.274063684196860467e-03 5.730939899831033468e-03
2.320730053159874728e+01 2.295191969590379584e-03 8.264037556201409701e-03 5.249288715208003456e-03 5.698489011645058340e-03
2.330845220121874206e+01 5.513382089505657058e-03 1.159475578493606406e-02 5.225492961427895613e-03 5.667325146242679391e-03
2.340960387083873329e+01 1.080867268009247720e-03 1.025512060653385044e-02 5.202619413984702762e-03 5.637373192297569571e-03
2.351075554045872806e+01 1.451350810646751845e-02 4.689689971505729520e-03 5.180615404734452076e-03 5.608563751987944573e-03
2.361190721007871929e+01 1.840480110089517951e-02 5.940582703809728186e-03 5.159432200402531629e-03 5.580832608301463001e-03
2.371305887969871407e+01 6.713331707905731763e-04 6.305461797337395813e-03 5.139024641500808052e-03 5.554120250886295310e-03
2.381421054931870529e+01 3.390930859972643777e-04 4.677213433547987818e-03 5.119350820351111636e-03 5.528371453067915456e-03
2.391536221893870007e+01 7.172231238246953682e-03 1.863790989116269944e-03 5.100371793352977308e-03 5.503534893696963685e-03
2.401651388855869129e+01 4.017153528384012628e-05 4.983623721799445259e-03 5.082051323313624761e-03 5.479562818375324426e-03
2.411766555817868607e+01 -3.355063647819545546e-03 1.103147517249369880e-02 5.064355648232701443e-03 5.456410735353489118e-03
2.421881722779867729e+01 4.440087835228228273e-03 5.738565914684469818e-03 5.047253273421592468e-03 5.434037142025166869e-03
2.431996889741867207e+01 8.491159242887904093e-03 1.163241280444819552e-02 5.030714784251279735e-03 5.412403278483777364e-03
2.442112056703866330e+01 6.510806682194602082e-03 5.025200286821985933e-03 5.014712677176135641e-03 5.391472905065189912e-03
2.452227223665865807e+01 5.623726759862597221e-03 1.161292353426863003e-02 4.999221206983123222e-03 5.371212101194572895e-03
2.462342390627864930e+01 7.333665727005465873e-03 -3.288064530453796604e-03 4.984216248475088241e-03 5.351589083192924250e-03
2.472457557589864408e+01 -1.389723065191236350e-03 8.050216892957777828e-03 4.969675171019593239e-03 5.332574038989372142e-03
2.482572724551863530e+01 9.799507852874199051e-03 3.144246153723859877e-03 4.955576724586850321e-03 5.314138977936011185e-03
2.492687891513863008e+01 1.179168959140141498e-02 9.562103423310798489e-03 4.941900936066260033e-03 5.296257594138676153e-03
2.502803058475862130e+01 1.537109990793254950e-02 3.912156241553447350e-03 4.928629014794863594e-03 5.278905141904972551e-03
2.512918225437861608e+01 5.173363861214993684e-03 3.655451956778984698e-03 4.915743266355810000e-03 5.262058322073888406e-03
