# [0.15904457 0.15904457 1.11048229], [0.60229282 0.60229282 0.22398579], [0.09649705 0.09649705 1.23557733]
5.000000000000000000e+00 3.744342226650463484e-03 2.006243687178070525e-03 5.410333684979313530e-03 1.313669922695906780e-02 7.920222506987610947e-03 1.753437708617578902e-02
5.067321679780530275e+00 3.665041228144506717e-03 1.973271511328244469e-03 5.287538293610202604e-03 1.282419593154966037e-02 7.747375034102167192e-03 1.710456531401294278e-02
5.134643359561060549e+00 3.589208483298761236e-03 1.941926406470297810e-03 5.169953703747635389e-03 1.252468080331597608e-02 7.581954433272666133e-03 1.669241203005720348e-02
5.201965039341591712e+00 3.516668707696190849e-03 1.912129611653907687e-03 5.057313554778417562e-03 1.223748240851565451e-02 7.423581964440157353e-03 1.629700042093107024e-02
5.269286719122121987e+00 3.447258175528229458e-03 1.883807653059600684e-03 4.949368969957988924e-03 1.196197340042983587e-02 7.271903880416213592e-03 1.591747374384209004e-02
5.336608398902652262e+00 3.380823832156923479e-03 1.856891940958248655e-03 4.845887211495265856e-03 1.169756710847605699e-02 7.126589498009061954e-03 1.555303067746923590e-02
5.403930078683182536e+00 3.317222486129243510e-03 1.831318402861092107e-03 4.746650455959441905e-03 1.144371443380358226e-02 6.987329442556362673e-03 1.520292109028662658e-02
5.471251758463713699e+00 3.256320072615365158e-03 1.807027149208004788e-03 4.651454677846512606e-03 1.119990102021354086e-02 6.853834048249611392e-03 1.486644218390275468e-02
5.538573438244243974e+00 3.197990981148647518e-03 1.783962168354009600e-03 4.560108630515469913e-03 1.096564467278319903e-02 6.725831898633653425e-03 1.454293497380462416e-02
5.605895118024774249e+00 3.142117441338292128e-03 1.762071047975183975e-03 4.472432914905759803e-03 1.074049299966697672e-02 6.603068493413611316e-03 1.423178107410700242e-02
5.673216797805304523e+00 3.088588960921824066e-03 1.741304720331942908e-03 4.388259127502133240e-03 1.052402125525928565e-02 6.485305029234670476e-03 1.393239975659812946e-02
5.740538477585835686e+00 3.037301811136290143e-03 1.721617229106221563e-03 4.307429079939692658e-03 1.031583036528598181e-02 6.372317283446655642e-03 1.364424525761492174e-02
5.807860157366365961e+00 2.988158554925900677e-03 1.702965515774305721e-03 4.229794083458026342e-03 1.011554511648659650e-02 6.263894591050046465e-03 1.336680430913324800e-02
5.875181837146896235e+00 2.941067613978851168e-03 1.685309223693406532e-03 4.155214292132859526e-03 9.922812495395987725e-03 6.159838906064044051e-03 1.309959387297192704e-02
5.942503516927426510e+00 2.895942871005871035e-03 1.668610518271137003e-03 4.083558099449575464e-03 9.737300162364268680e-03 6.059963939479054255e-03 1.284215905922829817e-02
6.009825196707957673e+00 2.852703304044392364e-03 1.652833921756223035e-03 4.014701583345222681e-03 9.558695048394327473e-03 5.964094366770823427e-03 1.259407121202518742e-02
6.077146876488487948e+00 2.811272649901366306e-03 1.637946161338583919e-03 3.948527995344290782e-03 9.386702063653063963e-03 5.872065098675224339e-03 1.235492614738586091e-02
6.144468556269018222e+00 2.771579094139802434e-03 1.623916029380020973e-03 3.884927289855752506e-03 9.221042907643651684e-03 5.783720609562652097e-03 1.212434252959514007e-02
6.211790236049548497e+00 2.733554985273831291e-03 1.610714254714989838e-03 3.823795690092167930e-03 9.061454972031528221e-03 5.698914318319837739e-03 1.190196037377314053e-02
6.279111915830078772e+00 2.697136571068085333e-03 1.598313384066232020e-03 3.765035287421548710e-03 8.907690328011136707e-03 5.617508017152473242e-03 1.168743966360550300e-02
6.346433595610609935e+00 2.662263755043299367e-03 1.586687672713925183e-03 3.708553671274671983e-03 8.759514790896549136e-03 5.539371344172813912e-03 1.148045907425893249e-02
6.413755275391140209e+00 2.628879871473851181e-03 1.575812983640821575e-03 3.654263587008941497e-03 8.616707055329865181e-03 5.464381296038370826e-03 1.128071479147780415e-02
6.481076955171670484e+00 2.596931477327370577e-03 1.565666694450802265e-03 3.602082619378746148e-03 8.479057895135784853e-03 5.392421777266934516e-03 1.108791941872210723e-02
6.548398634952201647e+00 2.566368159743646557e-03 1.556227611425357697e-03 3.551932899485027526e-03 8.346369422418259409e-03 5.323383183174441868e-03 1.090180096497975031e-02
6.615720314732731921e+00 2.537142357781923922e-03 1.547475890142680898e-03 3.503740833276291697e-03 8.218454401003600154e-03 5.257162013669939432e-03 1.072210190657860683e-02
6.683041994513262196e+00 2.509209197283972237e-03 1.539392962138059649e-03 3.457436849852407561e-03 8.095135609790117537e-03 5.193660515399971082e-03 1.054857831694415611e-02
6.750363674293792471e+00 2.482526337806653834e-03 1.531961467132819926e-03 3.412955167983418910e-03 7.976245251973778511e-03 5.132786349966492710e-03 1.038099905880617881e-02
6.817685354074322746e+00 2.457053830673343320e-03 1.525165190402772309e-03 3.370233579400304900e-03 7.861624406487124558e-03 5.074452286150757732e-03 1.021914503385876194e-02
6.885007033854853020e+00 2.432753987279696536e-03 1.518989004896536621e-03 3.329213247544915259e-03 7.751122518319922619e-03 5.018575914263387165e-03 1.006280848532885297e-02
6.952328713635384183e+00 2.409591256866976030e-03 1.513418817749666474e-03 3.289838520583879614e-03 7.644596924688374512e-03 4.965079380909642216e-03 9.911792349314739459e-03
7.019650393415914458e+00 2.387532113046305759e-03 1.508441520872661097e-03 3.252056757597304032e-03 7.541912414289011525e-03 4.913889142611888722e-03 9.765909651122615595e-03
7.086972073196445621e+00 2.366544948420636670e-03 1.504044945320045720e-03 3.215818166949007632e-03 7.442940817116304626e-03 4.864935736868842772e-03 9.624982943160085430e-03
7.154293752976975895e+00 2.346599976708662726e-03 1.500217819174094530e-03 3.181075655931750110e-03 7.347560622543204863e-03 4.818153569356132052e-03 9.488843781244971770e-03
7.221615432757506170e+00 2.327669141826925296e-03 1.496949728700695077e-03 3.147784690859540841e-03 7.255656623562610485e-03 4.773480716085571132e-03 9.357332236458654195e-03
7.288937112538036445e+00 2.309726033433608973e-03 1.494231082556650263e-03 3.115903166850398243e-03 7.167119585268282196e-03 4.730858739443115357e-03 9.230296439918503348e-03
7.356258792318566719e+00 2.292745808480396892e-03 1.492053078847520222e-03 3.085391286607623313e-03 7.081845935817393869e-03 4.690232517118422643e-03 9.107592158066937435e-03
7.423580472099096994e+00 2.276705118357852126e-03 1.490407674853195912e-03 3.056211447566583705e-03 6.999737478265538951e-03 4.651550083023554133e-03 8.989082396276578193e-03
7.490902151879627269e+00 2.261582041255265092e-03 1.489287559254922916e-03 3.028328136827461090e-03 6.920701121800269980e-03 4.614762479375358536e-03 8.874637028755013451e-03
7.558223831660158432e+00 2.247356019388444242e-03 1.488686126712594759e-03 3.001707833343364960e-03 6.844648631022272681e-03 4.579823619186167843e-03 8.764132452899994416e-03
7.625545511440688706e+00 2.234007800778483547e-03 1.488597454655023189e-03 2.976318916877636247e-03 6.771496392035631501e-03 4.546690158471569133e-03 8.657451266408287827e-03
7.692867191221219869e+00 2.221519385291683465e-03 1.489016282158624497e-03 2.952131583284979110e-03 6.701165194210745822e-03 4.515321377542423631e-03 8.554481965580512312e-03
7.760188871001750144e+00 2.209873974675621681e-03 1.489937990801693283e-03 2.929117765708228339e-03 6.633580026577315901e-03 4.485679070801930519e-03 8.455118663391231887e-03
7.827510550782280419e+00 2.199055926349197977e-03 1.491358587392271461e-03 2.907251061316696097e-03 6.568669887890213679e-03 4.457727444517563253e-03 8.359260826009769565e-03
7.894832230562810693e+00 2.189050710725355849e-03 1.493274688477650922e-03 2.886506663243376507e-03 6.506367609489363373e-03 4.431433022082764683e-03 8.266813026563263334e-03
7.962153910343340968e+00 2.179844871864573819e-03 1.495683506552835090e-03 2.866861297407013141e-03 6.446609690146821482e-03 4.406764556324744599e-03 8.177684715031031948e-03
8.029475590123871243e+00 2.171425991274929593e-03 1.498582837893969308e-03 2.848293163931499023e-03 6.389336142160126353e-03 4.383692948452767510e-03 8.091790003248479357e-03
8.096797269904403294e+00 2.163782654691078205e-03 1.501971051950815343e-03 2.830781882899580364e-03 6.334490348011722650e-03 4.362191173276659152e-03 8.009047464081025386e-03
8.164118949684933568e+00 2.156904421679679742e-03 1.505847082239932791e-03 2.814308444200257914e-03 6.282018926970188433e-03 4.342234210357689972e-03 7.929379943903679465e-03
8.231440629465463843e+00 2.150781797933027858e-03 1.510210418687368307e-03 2.798855161250236954e-03 6.231871611060631720e-03 4.323798980784211016e-03 7.852714387591851197e-03
8.298762309245994118e+00 2.145406210125807255e-03 1.515061101376362655e-03 2.784405628389103986e-03 6.184001129879188735e-03 4.306864289292454233e-03 7.778981675292707086e-03
8.366083989026524392e+00 2.140769983222241737e-03 1.520399715662006622e-03 2.770944681765910664e-03 6.138363103770898103e-03 4.291410771478884958e-03 7.708116470305988698e-03
8.433405668807054667e+00 2.136866320132464660e-03 1.526227388620831054e-03 2.758458363551591266e-03 6.094915944930917595e-03 4.277420845875017259e-03 7.640057077457780219e-03
8.500727348587584942e+00 2.133689283627759978e-03 1.532545786809182868e-03 2.746933889327347455e-03 6.053620766027419456e-03 4.264878670678252243e-03 7.574745311401853004e-03
8.568049028368115216e+00 2.131233780434650671e-03 1.539357115309825151e-03 2.736359618513805551e-03 6.014441295979736091e-03 4.253770104953823877e-03 7.512126374330235258e-03
8.635370708148645491e+00 2.129495547437436874e-03 1.546664118051665560e-03 2.726725027719554672e-03 5.977343802558683118e-03 4.244082674143109107e-03 7.452148742618752535e-03
8.702692387929175766e+00 2.128471139928089350e-03 1.554470079392790589e-03 2.718020686900733587e-03 5.942297021506912601e-03 4.235805539732723397e-03 7.394764061974456668e-03
8.770014067709706040e+00 2.128157921851192482e-03 1.562778826962203920e-03 2.710238238235653657e-03 5.909272091906390620e-03 4.228929472956922085e-03 7.339927050690021187e-03
8.837335747490238091e+00 2.128554058000154542e-03 1.571594735760754348e-03 2.703370377630211902e-03 5.878242497547687614e-03 4.223446832423293114e-03 7.287595410646459555e-03
8.904657427270768366e+00 2.129658508129043601e-03 1.580922733526836941e-03 2.697410838781034992e-03 5.849184014081636358e-03 4.219351545568243017e-03 7.237729745739320160e-03
8.971979107051298641e+00 2.131471022952398896e-03 1.590768307377514717e-03 2.692354379734088459e-03 5.822074661758827423e-03 4.216639093864936981e-03 7.190293487435487317e-03
9.039300786831828916e+00 2.133992142013103888e-03 1.601137511740789157e-03 2.688196771886853381e-03 5.796894663585886245e-03 4.215306501721817131e-03 7.145252827198136751e-03
9.106622466612359190e+00 2.137223193406024863e-03 1.612036977599904308e-03 2.684934791392238999e-03 5.773626408750104529e-03 4.215352329025059269e-03 7.102576655546146214e-03
9.173944146392891241e+00 2.141166295352673644e-03 1.623473923075784706e-03 2.682566212932237758e-03 5.752254421185768601e-03 4.216776667293050881e-03 7.062236507541810177e-03
9.241265826173421516e+00 2.145824359629601007e-03 1.635456165379068488e-03 2.681089805838916644e-03 5.732765333176545290e-03 4.219581139425804261e-03 7.024206514527175926e-03
9.308587505953951791e+00 2.151201096860744840e-03 1.647992134168668613e-03 2.680505332549905275e-03 5.715147863908771192e-03 4.223768903046556944e-03 6.988463361954558653e-03
9.375909185734482065e+00 2.157301023691466681e-03 1.661090886359505806e-03 2.680813549394894368e-03 5.699392802910521229e-03 4.229344657447472663e-03 6.954986253181826873e-03
9.443230865515012340e+00 2.164129471869655642e-03 1.674762122427920661e-03 2.682016209719135461e-03 5.685492998331013667e-03 4.236314654165784614e-03 6.923756879126537721e-03
9.510552545295542615e+00 2.171692599267035974e-03 1.689016204269449010e-03 2.684116069359376161e-03 5.673443350034459119e-03 4.244686711231624929e-03 6.894759393697004121e-03
9.577874225076072889e+00 2.179997402881784282e-03 1.703864174670084415e-03 2.687116894497230003e-03 5.663240807501791069e-03 4.254470231143532913e-03 6.867980394941086870e-03
9.645195904856603164e+00 2.189051733871765458e-03 1.719317778458934187e-03 2.691023471924725713e-03 5.654884372553328244e-03 4.265676222643162083e-03 6.843408911876799373e-03
9.712517584637133439e+00 2.198864314676176202e-03 1.735389485417331490e-03 2.695841621766751836e-03 5.648375106924831586e-03 4.278317326376283002e-03 6.821036396991402365e-03
9.779839264417663713e+00 2.209444758292248515e-03 1.752092515027063114e-03 2.701578212715346258e-03 5.643716144749596000e-03 4.292407844543574651e-03 6.800856724418754239e-03
9.847160944198193988e+00 2.220803589782904732e-03 1.769440863148433532e-03 2.708241179841401006e-03 5.640912710019280879e-03 4.307963774661571592e-03 6.782866193827781325e-03
9.914482623978724263e+00 2.232952270100970957e-03 1.787449330727481625e-03 2.715839545060405938e-03 5.639972139117220389e-03 4.325002847571815350e-03 6.767063540078456160e-03
9.981804303759254537e+00 2.245903222325791940e-03 1.806133554640838813e-03 2.724383440340351781e-03 5.640903908539432986e-03 4.343544569854831255e-03 6.753449948725683862e-03
1.004912598353978659e+01 2.259669860418973223e-03 1.825510040796580330e-03 2.733884133752062604e-03 5.643719667940898070e-03 4.363610270825098864e-03 6.742029077476217359e-03
1.011644766332031686e+01 2.274266620617468922e-03 1.845596199619960447e-03 2.744354058474972758e-03 5.648433278668064765e-03 4.385223154303812508e-03 6.732807083729152459e-03
1.018376934310084714e+01 2.289708995594543547e-03 1.866410384064296629e-03 2.755806844884910265e-03 5.655060857962915070e-03 4.408408355388286452e-03 6.725792658357279685e-03
1.025109102288137741e+01 2.306013571532272884e-03 1.887971930299521236e-03 2.768257355864781315e-03 5.663620829049793512e-03 4.433193002460134730e-03 6.720997065914006280e-03
1.031841270266190946e+01 2.323198068263317151e-03 1.910301201244104163e-03 2.781721725494413263e-03 5.674133977343318730e-03 4.459606284699398245e-03 6.718434191479908009e-03
1.038573438244243974e+01 2.341281382654861101e-03 1.933419633120401398e-03 2.796217401292150264e-03 5.686623513044808051e-03 4.487679525398618335e-03 6.718120594393426140e-03
1.045305606222297001e+01 2.360283635423897439e-03 1.957349785228927608e-03 2.811763190198399674e-03 5.701115140425259617e-03 4.517446261399538782e-03 6.720075569142934871e-03
1.052037774200350029e+01 2.380226221590642146e-03 1.982115393153844989e-03 2.828379308510207187e-03 5.717637134126069866e-03 4.548942329006164589e-03 6.724321213731689582e-03
1.058769942178403056e+01 2.401131864795898446e-03 2.007741425630234569e-03 2.846087435996314755e-03 5.736220422843944095e-03 4.582205956761321863e-03 6.730882505864255530e-03
1.065502110156456084e+01 2.423024675728818571e-03 2.034254145323492920e-03 2.864910774444153364e-03 5.756898680804464763e-03 4.617277865510104051e-03 6.739787387342293344e-03
1.072234278134509111e+01 2.445930214933907283e-03 2.061681173792851741e-03 2.884874110914056097e-03 5.779708427469790188e-03 4.654201376212674900e-03 6.751066857100079290e-03
1.078966446112562139e+01 2.469875560290428051e-03 2.090051560934483212e-03 2.906003886001813034e-03 5.804689135970248978e-03 4.693022526011544904e-03 6.764755073355720703e-03
1.085698614090615166e+01 2.494889379483899734e-03 2.119395859225412654e-03 2.928328267438784233e-03 5.831883350797641315e-03 4.733790193104654535e-03 6.780889465403299246e-03
1.092430782068668194e+01 2.521002007818267353e-03 2.149746203117457871e-03 2.951877229389358523e-03 5.861336815350088637e-03 4.776556231026036353e-03 6.799510855624688217e-03
1.099162950046721221e+01 2.548245531748848276e-03 2.181136393961119555e-03 2.976682637838834293e-03 5.893098609974963160e-03 4.821375612990724292e-03 6.820663592357369132e-03
1.105895118024774249e+01 2.576653878550711277e-03 2.213601990872974754e-03 3.002778342501279292e-03 5.927221301218218649e-03 4.868306587020619809e-03 6.844395694318002911e-03
1.112627286002827276e+01 2.606262912574836259e-03 2.247180407996889409e-03 3.030200275716605184e-03 5.963761103055704310e-03 4.917410842633689050e-03 6.870759007349545172e-03
1.119359453980880481e+01 2.637110538585845862e-03 2.281911018649811912e-03 3.058986558849760388e-03 6.002778050955901237e-03 4.968753689950701838e-03 6.899809374335033260e-03
1.126091621958933509e+01 2.669236812720487875e-03 2.317835266887230058e-03 3.089177616752657434e-03 6.044336189703896668e-03 5.022404252152617640e-03 6.931606819202651773e-03
1.132823789936986536e+01 2.702684061655944141e-03 2.354996787072207148e-03 3.120816300901920349e-03 6.088503776005067814e-03 5.078435672308099884e-03 6.966215746036559346e-03
1.139555957915039563e+01 2.737497010631912645e-03 2.393441532085505054e-03 3.153948021883163852e-03 6.135353496983893783e-03 5.136925335685941368e-03 7.003705154406011241e-03
1.146288125893092591e+01 2.773722921030848977e-03 2.433217910873519078e-03 3.188620891955977910e-03 6.184962705800052529e-03 5.197955108771591323e-03 7.044148872133418511e-03
1.153020293871145796e+01 2.811411738287372414e-03 2.474376936095885621e-03 3.224885878503658092e-03 6.237413675721435215e-03 5.261611596322489891e-03 7.087625806840773188e-03
1.159752461849198824e+01 2.850616250971307799e-03 2.516972382706679848e-03 3.262796969248891749e-03 6.292793874123289027e-03 5.327986417923842935e-03 7.134220217744455424e-03
1.166484629827251851e+01 2.891392261970163018e-03 2.561060958382623248e-03 3.302411350201696089e-03 6.351196258025512340e-03 5.397176505647082422e-03 7.184022009313029491e-03
1.173216797805304878e+01 2.933798772786571328e-03 2.606702486799767834e-03 3.343789597400153440e-03 6.412719592938117760e-03 5.469284424568281178e-03 7.237127048561636800e-03
1.179948965783357906e+01 2.977898182065832119e-03 2.653960104857598645e-03 3.386995883608731172e-03 6.477468796959684125e-03 5.544418718075714951e-03 7.293637507933188081e-03
1.186681133761410933e+01 3.023756499578935785e-03 2.702900475057591189e-03 3.432098201254507163e-03 6.545555312267017575e-03 5.622694280085988386e-03 7.353662235911355080e-03
1.193413301739463961e+01 3.071443577008932044e-03 2.753594014363194929e-03 3.479168603009903660e-03 6.617097506349198417e-03 5.704232756499403104e-03 7.417317157726930135e-03
1.200145469717516988e+01 3.121033357024567516e-03 2.806115141001603707e-03 3.528283461572997819e-03 6.692221105577368830e-03 5.789162978459637572e-03 7.484725708759308420e-03
1.206877637695570016e+01 3.172604142276504689e-03 2.860542540815929572e-03 3.579523750354995405e-03 6.771059663966886959e-03 5.877621430243688307e-03 7.556019303501639375e-03
1.213609805673623043e+01 3.226238886120106307e-03 2.916959454941676997e-03 3.632975346960933601e-03 6.853755070283519893e-03 5.969752754898212561e-03 7.631337843255692026e-03
1.220341973651676071e+01 3.282025507056849679e-03 2.975453990765643871e-03 3.688729361546637647e-03 6.940458096974407715e-03 6.065710301062100795e-03 7.710830266053241185e-03
1.227074141629729098e+01 3.340057229096476173e-03 3.036119458331151995e-03 3.746882492354637519e-03 7.031328994771574893e-03 6.165656714776264480e-03 7.794655142670641086e-03
1.233806309607782303e+01 3.400432950476917331e-03 3.099054734583500757e-03 3.807537410977624489e-03 7.126538137226298003e-03 6.269764580485091138e-03 7.882981323016015687e-03
1.240538477585835331e+01 3.463257643441922107e-03 3.164364658107080355e-03 3.870803180173025288e-03 7.226266719891574590e-03 6.378217115885721419e-03 7.975988637630391023e-03
1.247270645563888358e+01 3.528642788071233074e-03 3.232160457294240650e-03 3.936795707360763591e-03 7.330707519384717201e-03 6.491208925787199553e-03 8.073868659561844047e-03
1.254002813541941386e+01 3.596706843489017209e-03 3.302560215209917119e-03 4.005638237282328068e-03 7.440065718139161899e-03 6.608946820709039015e-03 8.176825532452134879e-03
1.260734981519994413e+01 3.667575760148462580e-03 3.375689374780291296e-03 4.077461887688458436e-03 7.554559801303521553e-03 6.731650706586620424e-03 8.285076871327854212e-03
1.267467149498047618e+01 3.741383537309208012e-03 3.451681288343529021e-03 4.152406232360765156e-03 7.674422532975562310e-03 6.859554552667877954e-03 8.398854743321785069e-03
1.274199317476100646e+01 3.818272830296619378e-03 3.530677816062710757e-03 4.230619936266256931e-03 7.799902019781421343e-03 6.992907445494441279e-03 8.518406736377189328e-03
1.280931485454153673e+01 3.898395612665137185e-03 3.612829978222596803e-03 4.312261448201317598e-03 7.931262870738559068e-03 7.131974737771567922e-03 8.643997124920721822e-03
1.287663653432206701e+01 3.981913898990826345e-03 3.698298667021438554e-03 4.397499756911896034e-03 8.068787463389846468e-03 7.277039301962336983e-03 8.775908142543878410e-03
1.294395821410259728e+01 4.069000534701321115e-03 3.787255424136756320e-03 4.486515217390433727e-03 8.212777327383733936e-03 7.428402899606927762e-03 8.914441372926348167e-03
1.301127989388312756e+01 4.159840060125931729e-03 3.879883291101120409e-03 4.579500454859728245e-03 8.363554658021776431e-03 7.586387678690108445e-03 9.059919271587403219e-03
1.307860157366365783e+01 4.254629656829110422e-03 3.976377740384105276e-03 4.676661354873730587e-03 8.521463973823598104e-03 7.751337812880187278e-03 9.212686832587467164e-03
1.314592325344418811e+01 4.353580185292254753e-03 4.076947696055275086e-03 4.778218149012039562e-03 8.686873933898428546e-03 7.923621298169388968e-03 9.373113416048855714e-03
1.321324493322471838e+01 4.456917324151279947e-03 4.181816654018611495e-03 4.884406606838331312e-03 8.860179332894067492e-03 8.103631924389200630e-03 9.541594754355351218e-03
1.328056661300524866e+01 4.564882822502100423e-03 4.291223913082548198e-03 4.995479346155656808e-03 9.041803293555807433e-03 8.291791441292573409e-03 9.718555157161357094e-03
1.334788829278578071e+01 4.677735878279147899e-03 4.405425929586833864e-03 5.111707275150915997e-03 9.232199679514548757e-03 8.488551941430274445e-03 9.904449937939065890e-03
1.341520997256631098e+01 4.795754657423627852e-03 4.524697809977323328e-03 5.233381181808063887e-03 9.431855753886156032e-03 8.694398484952830380e-03 1.009976808776637952e-02
1.348253165234684126e+01 4.919237970524262434e-03 4.649334957637297344e-03 5.360813488022259619e-03 9.641295112665457939e-03 8.909851994801440758e-03 1.030503522547308350e-02
1.354985333212737153e+01 5.048507125875735004e-03 4.779654892489773425e-03 5.494340188209135244e-03 9.861080925809378311e-03 9.135472454582141411e-03 1.052081685718795658e-02
1.361717501190790180e+01 5.183907980509733053e-03 4.915999264428707986e-03 5.634322994927106615e-03 1.009181952341135606e-02 9.371862445830232008e-03 1.074772198285307671e-02
1.368449669168843208e+01 5.325813213768977768e-03 5.058736084575021774e-03 5.781151717177665343e-03 1.033416436957371003e-02 9.619671066465917617e-03 1.098640709249368991e-02
1.375181837146896235e+01 5.474624851487571407e-03 5.208262201755103904e-03 5.935246900693171880e-03 1.058882047260809381e-02 9.879598278134898645e-03 1.123758060107431234e-02
1.381914005124949263e+01 5.630777072895457903e-03 5.365006055546569369e-03 6.097062763751132965e-03 1.085654928717955103e-02 1.015239973695863246e-02 1.150200777777815944e-02
1.388646173103002290e+01 5.794739337081970983e-03 5.529430741826709544e-03 6.267090466974380505e-03 1.113817417212947976e-02 1.043889217015681915e-02 1.178051623368918041e-02
1.395378341081055495e+01 5.967019871355113553e-03 5.702037432110425644e-03 6.445861761313358487e-03 1.143458647717362706e-02 1.073995937024871394e-02 1.207400204134152083e-02
1.402110509059108523e+01 6.148169570265100969e-03 5.883369194218533889e-03 6.633953065112804630e-03 1.174675234272017262e-02 1.105655888933182278e-02 1.238343657067616545e-02
1.408842677037161550e+01 6.338786361599761318e-03 6.074015269144070195e-03 6.831990029023279898e-03 1.207572030999031105e-02 1.138972952856642275e-02 1.270987413890956909e-02
1.415574845015214578e+01 6.539520104518766093e-03 6.274615867590695346e-03 7.040652656750544247e-03 1.242262985380913204e-02 1.174059973281299345e-02 1.305446058703371368e-02
1.422307012993267605e+01 6.751078095433846356e-03 6.485867559793983932e-03 7.260681060512718700e-03 1.278872096830858951e-02 1.211039701780235699e-02 1.341844291357023773e-02
1.429039180971320633e+01 6.974231269578737812e-03 6.708529344208873611e-03 7.492881942924835281e-03 1.317534495687828697e-02 1.250045857778248753e-02 1.380318011732504201e-02
1.435771348949373660e+01 7.209821200833556321e-03 6.943429494828176791e-03 7.738135912254895908e-03 1.358397660266707531e-02 1.291224324591209657e-02 1.421015542588467857e-02
1.442503516927426688e+01 7.458768019748318601e-03 7.191473303746069405e-03 7.997405756087811249e-03 1.401622792557498907e-02 1.334734500853240052e-02 1.464099011625678848e-02
1.449235684905479893e+01 7.722079390435191738e-03 7.453651855660633867e-03 8.271745820001232333e-03 1.447386376696398538e-02 1.380750830879422936e-02 1.509745916936419165e-02
1.455967852883532920e+01 8.000860711792691024e-03 7.731051995017974333e-03 8.562312663650378450e-03 1.495881948546638231e-02 1.429464541611745118e-02 1.558150904225975159e-02
1.462700020861585948e+01 8.296326738286785574e-03 8.024867675302091788e-03 8.870377197609760622e-03 1.547322109778293507e-02 1.481085618706451043e-02 1.609527789243446819e-02
1.469432188839638975e+01 8.609814851364050795e-03 8.336412914646299313e-03 9.197338541588362046e-03 1.601940825910217955e-02 1.535845060221903945e-02 1.664111864929830251e-02
1.476164356817692003e+01 8.942800255915109298e-03 8.667136623832723957e-03 9.544739889674738395e-03 1.659996055107127930e-02 1.593997453482282056e-02 1.722162540114338322e-02
1.482896524795745030e+01 9.296913428807042357e-03 9.018639623548724976e-03 9.914286722905354954e-03 1.721772763402534823e-02 1.655823929305572442e-02 1.783966365455677203e-02
1.489628692773798058e+01 9.673960210592304557e-03 9.392694229622982130e-03 1.030786777598927118e-02 1.787586392812169633e-02 1.721635558249004494e-02 1.849840513099589370e-02
1.496360860751851085e+01 1.007594500991112856e-02 9.791266860581746348e-03 1.072757924639116019e-02 1.857786861978646606e-02 1.791777266289795376e-02 1.920136789670142188e-02
1.503093028729904113e+01 1.050509768644916457e-02 1.021654421470673778e-02 1.117575283390386323e-02 1.932763195139241066e-02 1.866632362993487712e-02 1.995246278318591956e-02
1.509825196707957318e+01 1.096390479722908831e-02 1.067096367827415071e-02 1.165498832211500461e-02 2.012948895092636636e-02 1.946627794454432875e-02 2.075604725371600970e-02
1.516557364686010345e+01 1.145514603848713300e-02 1.115724876852268975e-02 1.216819156595527231e-02 2.098828200431252997e-02 2.032240257057124286e-02 2.161698811615420449e-02
1.523289532664063373e+01 1.198193689917570817e-02 1.167845059154421286e-02 1.271861893980364040e-02 2.190943397862114839e-02 2.124003337609739125e-02 2.254073478670849673e-02
1.530021700642116400e+01 1.254777877237533805e-02 1.223799651637014554e-02 1.330992953884156671e-02 2.289903398596770945e-02 2.222515882208221660e-02 2.353340518873124620e-02
1.536753868620169428e+01 1.315661806090970970e-02 1.283974754471589944e-02 1.394624672618062153e-02 2.396393835689425433e-02 2.328451842346360157e-02 2.460188684686432162e-02
1.543486036598222455e+01 1.381291618084807236e-02 1.348806620788564267e-02 1.463223099781462734e-02 2.511188999656781620e-02 2.442571904982897280e-02 2.575395633732786155e-02
1.550218204576275483e+01 1.452173283481247683e-02 1.418789727050627850e-02 1.537316662072648471e-02 2.635166006453385293e-02 2.565737287068077868e-02 2.699842101678002343e-02
1.556950372554328510e+01 1.528882552757123044e-02 1.494486409490409715e-02 1.617506511875378694e-02 2.769321689877419709e-02 2.698926169157931515e-02 2.834528792392760829e-02
1.563682540532381715e+01 1.612076907188953606e-02 1.576538426038252838e-02 1.704478947964249355e-02 2.914792836430672718e-02 2.843253363564227088e-02 2.980596599570987590e-02
1.570414708510434743e+01 1.702509984112323196e-02 1.665680899331858575e-02 1.799020399441173326e-02 3.072880543608452406e-02 2.999993968601193453e-02 3.139350935234277301e-02
1.577146876488487770e+01 1.801049084653925936e-02 1.762759222231562173e-02 1.902035599821236614e-02 3.245079694915731228e-02 3.170611963619788393e-02 3.312291150404349238e-02
1.583879044466540797e+01 1.908696546289422383e-02 1.868749673224927993e-02 2.014569757328459748e-02 3.433114823624681261e-02 3.356794965785440954e-02 3.501146308355736203e-02
1.590611212444593825e+01 2.026615995124821101e-02 1.984784709844301942e-02 2.137835765764270479e-02 3.638984006076942390e-02 3.560496721318836405e-02 3.707918934395074834e-02
1.597343380422646852e+01 2.156164805434666182e-02 2.112184204478166974e-02 2.273247820164061780e-02 3.865012917410594329e-02 3.783989372505992127e-02 3.934938850442067093e-02
1.604075548400700058e+01 2.298934518421314604e-02 2.252494288415448839e-02 2.422463234900602141e-02 4.113921845058898796e-02 4.029928171518214891e-02 4.184929853635237923e-02
1.610807716378752730e+01 2.456801554426155110e-02 2.407536019628565144e-02 2.587434855329844366e-02 4.388909355744100016e-02 4.301432166363748644e-02 4.461092881280927236e-02
1.617539884356806112e+01 2.631991360673236954e-02 2.579466850804710762e-02 2.770477275580550749e-02 4.693757547891121151e-02 4.602185554850572735e-02 4.767210514481975969e-02
1.624272052334859140e+01 2.827160271178485312e-02 2.770858940451068411e-02 2.974351225933930323e-02 5.032965537180979221e-02 4.936566023624453653e-02 5.107779348471354341e-02
1.631004220312912167e+01 3.045500970001409347e-02 2.984799863577413531e-02 3.202372126363262073e-02 5.411920232262681235e-02 5.309808660527365332e-02 5.488179104806836101e-02
1.637736388290965195e+01 3.290879779858642967e-02 3.225023457797120130e-02 3.458551152983471710e-02 5.837116883243693294e-02 5.728217249698026869e-02 5.914890688562684379e-02
1.644468556269018222e+01 3.568017416338840203e-02 3.496081727319975962e-02 3.747780598316084039e-02 6.316446822063372102e-02 6.199439388256612615e-02 6.395780174665857687e-02
1.651200724247071250e+01 3.882729948192027714e-02 3.803573466651472695e-02 4.076080409186228631e-02 6.859577031382867174e-02 6.732828612322841466e-02 6.940472673628662881e-02
1.657932892225124277e+01 4.242254460944158007e-02 4.154452448061609487e-02 4.450930510160062969e-02 7.478456897577091811e-02 7.339926711554227434e-02 7.560850332488150416e-02
1.664665060203177305e+01 4.655695972060287097e-02 4.557449131168469364e-02 4.881725454717619067e-02 8.188003693853453113e-02 8.035114451419982096e-02 8.271724225236082306e-02
1.671397228181230332e+01 5.134651321809231145e-02 5.023657460222626103e-02 5.380406814530108023e-02 9.007043245262520703e-02 8.836501972737072219e-02 9.091753612112281335e-02
1.678129396159283715e+01 5.694097117757498938e-02 5.567366959780356561e-02 5.962359332974953574e-02 9.959621301727553111e-02 9.767166156086314055e-02 1.004472306584514862e-01
1.684861564137336387e+01 6.353681702806915355e-02 6.207268386109472680e-02 6.647708043913040654e-02 1.107686375380586424e-01 1.085689970015463052e-01 1.116134691703387360e-01
1.691593732115389770e+01 7.139653660990950834e-02 6.968244700043924045e-02 7.463242095057165404e-02 1.239966639105237328e-01 1.214473036183822824e-01 1.248186640639124545e-01
1.698325900093442442e+01 8.087828526464338474e-02 7.884110556362927680e-02 8.445350570598307571e-02 1.398266673254118242e-01 1.368262503470435432e-01 1.405986452966021816e-01
1.705058068071495825e+01 9.248321660077948869e-02 9.001952777061404676e-02 9.644657759737230995e-02 1.590024429878850176e-01 1.554105929439163480e-01 1.596799467256124760e-01
1.711790236049548497e+01 1.069344979681590008e-01 1.038931485776402042e-01 1.113365438569044880e-01 1.825580502709402142e-01 1.781759248810014795e-01 1.830678697982953962e-01
1.718522404027601880e+01 1.253172954568723407e-01 1.214678357885373011e-01 1.301995207353544293e-01 2.119648373973964939e-01 2.065038070209269938e-01 2.121850484884043320e-01
1.725254572005654552e+01 1.493473721889840844e-01 1.443178763314627022e-01 1.547099635811475526e-01 2.493683625369723655e-01 2.423986864694089860e-01 2.490937370366037573e-01
1.731986739983707935e+01 1.819408735061298077e-01 1.750823072923538004e-01 1.876454994627450579e-01 2.979706515914890552e-01 2.888376185777047911e-01 2.968549130384975365e-01
1.738718907961760962e+01 2.285436202273762596e-01 2.186078623960872880e-01 2.340227512032419521e-01 3.626255942388098008e-01 3.503184068058523004e-01 3.600957609142150795e-01
1.745451075939813990e+01 3.003389656135588281e-01 2.847076645997841382e-01 3.037995121621565042e-01 4.506679999839938722e-01 4.336396559989791899e-01 4.458346677281650461e-01
1.752183243917867017e+01 4.213917520110421200e-01 3.944276683848116360e-01 4.180481499834531878e-01 5.727602859556565340e-01 5.487548053691110317e-01 5.644366718077016287e-01
1.758915411895920045e+01 6.411739704534130668e-01 5.915742108144219635e-01 6.207324143147278095e-01 7.429414885591444362e-01 7.090229422203441212e-01 7.300492601775733226e-01
1.765647579873973072e+01 1.046632211616756569e+00 9.555042545553824596e-01 9.933210834206824824e-01 9.761871332605580598e-01 9.293500760924600090e-01 9.589362201454995072e-01
1.772379747852026100e+01 1.750876460944390312e+00 1.595692980839217956e+00 1.653928757655823922e+00 1.281589246840454166e+00 1.220339423250960786e+00 1.263456491031200946e+00
1.779111915830079127e+01 2.826290521547061285e+00 2.596411962626643977e+00 2.705594887044591168e+00 1.651593496873182021e+00 1.578345213483469012e+00 1.640881374719170616e+00
1.785844083808132154e+01 4.191564891340020971e+00 3.911100847680950121e+00 4.120155815345140304e+00 2.053094585136925776e+00 1.976098861481143221e+00 2.061383233804236159e+00
1.792576251786185182e+01 5.556176436706746991e+00 5.293294447515553003e+00 5.634911058258571970e+00 2.430134488140256899e+00 2.362860899612271748e+00 2.465636114775398458e+00
1.799308419764238209e+01 6.547201398824540775e+00 6.389087079518554368e+00 6.813450408982866691e+00 2.722641347478234941e+00 2.679523710852298457e+00 2.781133310479195320e+00
1.806040587742291592e+01 6.965506999197492277e+00 6.968721073474409167e+00 7.309762827470758673e+00 2.890950891804795919e+00 2.881181858170819510e+00 2.952346591219158878e+00
1.812772755720344264e+01 6.905867848381972429e+00 7.061668166787845813e+00 7.113991520461699025e+00 2.926789930194695355e+00 2.950007322569907942e+00 2.963901234824461994e+00
1.819504923698397647e+01 6.581172960853809428e+00 6.823831911714576037e+00 6.503583593765926096e+00 2.842883049055988209e+00 2.889654602384338578e+00 2.838349741462596221e+00
1.826237091676450319e+01 6.064915414002852501e+00 6.311924264521023176e+00 5.748727074832356010e+00 2.655564406942660050e+00 2.712162871592190605e+00 2.613360230660685346e+00
1.832969259654503702e+01 5.278675743348559379e+00 5.470850608024099948e+00 4.918874378618800947e+00 2.380141544134985132e+00 2.434343007508586343e+00 2.321664653837763659e+00
1.839701427632556374e+01 4.205771324965041025e+00 4.324488345079784857e+00 3.975420032764864775e+00 2.039932730851517384e+00 2.084592199346584795e+00 1.988873949523003892e+00
1.846433595610609757e+01 3.017895183499509582e+00 3.076735728197455000e+00 2.958132318703833086e+00 1.672252738151567941e+00 1.705564510182217886e+00 1.641575087888436313e+00
1.853165763588662784e+01 1.966085367689252239e+00 1.990045203125905715e+00 2.014068925863023551e+00 1.320200570889704217e+00 1.343751574084202094e+00 1.309781619474408076e+00
1.859897931566715812e+01 1.203451926206285050e+00 1.212528292466156676e+00 1.280589664441095232e+00 1.017136144348896654e+00 1.033620607542888648e+00 1.019690676550003783e+00
1.866630099544768839e+01 7.315865270240994311e-01 7.360371982787650147e-01 7.951413909407920588e-01 7.774468981411569724e-01 7.892414759173362881e-01 7.853336729622720780e-01
1.873362267522821867e+01 4.674503855796998120e-01 4.707340552744331830e-01 5.090579419980277853e-01 5.985185717522145676e-01 6.072498154494130329e-01 6.069892659905050669e-01
1.880094435500874894e+01 3.232737586162997001e-01 3.260512012133787718e-01 3.488218266937301304e-01 4.688035275648240185e-01 4.754642200479271552e-01 4.759607309141542508e-01
1.886826603478927922e+01 2.406983538198997907e-01 2.429940875727190641e-01 2.570724114134562144e-01 3.751797849167949339e-01 3.803690252572528019e-01 3.807367763903736213e-01
1.893558771456980949e+01 1.890688459971196222e-01 1.909044154528789505e-01 2.005266186757327651e-01 3.067342057695799928e-01 3.108347391843560570e-01 3.109834705268541000e-01
1.900290939435033977e+01 1.539346393917424838e-01 1.553818676912375740e-01 1.626176290185029072e-01 2.556112266989396531e-01 2.588854637317459240e-01 2.589200084017149184e-01
1.907023107413087004e+01 1.284770956206075787e-01 1.296170457678406385e-01 1.354287924106795660e-01 2.165163383002959296e-01 2.191531502548496602e-01 2.191718494609478096e-01
1.913755275391140032e+01 1.092164631942527941e-01 1.101181103205153139e-01 1.149837489140990016e-01 1.859480572126770703e-01 1.880869441402904241e-01 1.881460444440483104e-01
1.920487443369193414e+01 9.418818508373046072e-02 9.490494858592617156e-02 9.908989384405376966e-02 1.615723941044276690e-01 1.633178984052943983e-01 1.634413511994591839e-01
1.927219611347246087e+01 8.218492343324558524e-02 8.275710766398543250e-02 8.642485110334770237e-02 1.418014227759577528e-01 1.432327621986956845e-01 1.434261682557298745e-01
1.933951779325299469e+01 7.241754669591562998e-02 7.287552671839274410e-02 7.613499350920845121e-02 1.255281806401182532e-01 1.267060213982596772e-01 1.269660464241039177e-01
1.940683947303352141e+01 6.434662335465818339e-02 6.471346480231449094e-02 6.764151048434927094e-02 1.119622674393716405e-01 1.129335653279875534e-01 1.132531708045259738e-01
1.947416115281405524e+01 5.759054339864581179e-02 5.788394225310988794e-02 6.053717742786347833e-02 1.005267536538639594e-01 1.013282374566297078e-01 1.016993304478012172e-01
1.954148283259458196e+01 5.187181976771584185e-02 5.210550010194336251e-02 5.452703199447569982e-02 9.079214406346444721e-02 9.145283779328249041e-02 9.186751839193246783e-02
1.960880451237511579e+01 4.698403192644481224e-02 4.716875042562900661e-02 4.939227877259707439e-02 8.243304929456264640e-02 8.297611275475674786e-02 8.342720089731726907e-02
1.967612619215564607e+01 4.277063415992068962e-02 4.291490650372296878e-02 4.496734223964666405e-02 7.519907924561861079e-02 7.564316334105938844e-02 7.612436880904768777e-02
1.974344787193617634e+01 3.911091414376163117e-02 3.922154524874555542e-02 4.112475647442286053e-02 6.889485665320013719e-02 6.925511110580108431e-02 6.976103469665892454e-02
1.981076955171670662e+01 3.591042841530432683e-02 3.599290360832635427e-02 3.776492127317543357e-02 6.336601545930083124e-02 6.365484551563094229e-02 6.418090676964353924e-02
1.987809123149723689e+01 3.309433151844837218e-02 3.315310822758820580e-02 3.480898382532526120e-02 5.848921200110357432e-02 5.871685223094237627e-02 5.925919116268770631e-02
1.994541291127776717e+01 3.060262687452148037e-02 3.064135442706553830e-02 3.219378582011897527e-02 5.416488061847733737e-02 5.433983415850070914e-02 5.489520979482141044e-02
2.001273459105829744e+01 2.838672420776634439e-02 2.840841112314733755e-02 2.986820925661061096e-02 5.031190048962293215e-02 5.044127835528049858e-02 5.100697429940204142e-02
2.008005627083882771e+01 2.640690376421604355e-02 2.641404629980145802e-02 2.779048989919527188e-02 4.686361564257243012e-02 4.695340112350048639e-02 4.752714203093229284e-02
2.014737795061935799e+01 2.463042147472741666e-02 2.462510328782800337e-02 2.592621290412255169e-02 4.376482762324516301e-02 4.382008400325063113e-02 4.439996375800654704e-02
2.021469963039988826e+01 2.303007461409303097e-02 2.301404468441853313e-02 2.424679750786229090e-02 4.096949705332018216e-02 4.099453207875677213e-02 4.157895303194511505e-02
2.028202131018041854e+01 2.158310321619776387e-02 2.155783725556508976e-02 2.272833766207638800e-02 3.843896845495621550e-02 3.843746551936340350e-02 3.902508757794027200e-02
2.034934298996095237e+01 2.027033958438789751e-02 2.023708879476193712e-02 2.135070528964049322e-02 3.614058587918982796e-02 3.611570939050720574e-02 3.670540759346350990e-02
2.041666466974147909e+01 1.907554336801964984e-02 1.903537342653230380e-02 2.009684972435441322e-02 3.404660358625154204e-02 3.400108415616402702e-02 3.459191342486118981e-02
2.048398634952201292e+01 1.798487699246069035e-02 1.793869942852525934e-02 1.895224537652767660e-02 3.213332173374981032e-02 3.206952548321252011e-02 3.266069136637853032e-02
2.055130802930253964e+01 1.698648834112605199e-02 1.693508594773440387e-02 1.790445256362762846e-02 3.038039526483328132e-02 3.030038054049413038e-02 3.089121493414729094e-02
2.061862970908307346e+01 1.607017617592784373e-02 1.601422371042642012e-02 1.694276557319017787e-02 2.877027728070730150e-02 2.867584132874257188e-02 2.926578230887762547e-02
2.068595138886360019e+01 1.522711994920862393e-02 1.516720109039002180e-02 1.605792856937872035e-02 2.728776768690153662e-02 2.718048526626208952e-02 2.776906031516352541e-02
2.075327306864413401e+01 1.444966014024775224e-02 1.438628145173534954e-02 1.524190470230944554e-02 2.591964487572401277e-02 2.580090036370548054e-02 2.638771239499710861e-02
2.082059474842466429e+01 1.373111853945984014e-02 1.366472102508317632e-02 1.448768726173866456e-02 2.465436337310686690e-02 2.452537758769687826e-02 2.511009328042599145e-02
2.088791642820519456e+01 1.306565034389593413e-02 1.299661905539786430e-02 1.378914429727218574e-02 2.348180424011596032e-02 2.334365695043548461e-02 2.392599699015601072e-02
2.095523810798572484e+01 1.244812175502639159e-02 1.237679381612449662e-02 1.314089005775533059e-02 2.239306793174786550e-02 2.224671683154904114e-02 2.282644772872049685e-02
2.102255978776625511e+01 1.187400815008848171e-02 1.180067948641765410e-02 1.253817805954638397e-02 2.138030152963871569e-02 2.122659829557063324e-02 2.180352551094382266e-02
2.108988146754678539e+01 1.133930894950171270e-02 1.126423995598584311e-02 1.197681170226503992e-02 2.043655396132352045e-02 2.027625789735533132e-02 2.085022005253777191e-02
2.115720314732731566e+01 1.084047610964642035e-02 1.076389644145221876e-02 1.145306920113490709e-02 1.955565412728836258e-02 1.938944380167773734e-02 1.996030779266525293e-02
2.122452482710784594e+01 1.037435379401851349e-02 1.029646643149956416e-02 1.096364026220983910e-02 1.873210787365455973e-02 1.856059107943148004e-02 1.912824794318190164e-02
2.129184650688837621e+01 9.938127261276456792e-03 9.859111971015797546e-03 1.050557243806979693e-02 1.796101054319919690e-02 1.778473285295269907e-02 1.834909426341729127e-02
2.135916818666890649e+01 9.529279389072079984e-03 9.449295680609478415e-03 1.007622550198434587e-02 1.723797246273256131e-02 1.705742460022532936e-02 1.761841989175743500e-02
2.142648986644943676e+01 9.145553552404154379e-03 9.064743212220911089e-03 9.673232494063063389e-03 1.655905521965984548e-02 1.637467943190577466e-02 1.693225306554542453e-02
2.149381154622996704e+01 8.784921812981497449e-03 8.703411082840060639e-03 9.294466343003579892e-03 1.592071697426274135e-02 1.573291255622290968e-02 1.628702195875137565e-02
2.156113322601049731e+01 8.445557565638502420e-03 8.363459020688213466e-03 8.938011166384618802e-03 1.531976536916325807e-02 1.512889346762214156e-02 1.567950718508901234e-02
2.162845490579102758e+01 8.125811939776156345e-03 8.043226112361532079e-03 8.602137512177412612e-03 1.475331685061019582e-02 1.455970465289780670e-02 1.510680077003039717e-02
2.169577658557156141e+01 7.824193376186861296e-03 7.741210163580051519e-03 8.285280932782943669e-03 1.421876142074737434e-02 1.402270581684299765e-02 1.456627060174484761e-02
2.176309826535209169e+01 7.539349898679913349e-03 7.456049786652571391e-03 7.986023386995857315e-03 1.371373200599383495e-02 1.351550279845003741e-02 1.405552953859756302e-02
2.183041994513262196e+01 7.270053680469268885e-03 7.186508809443403235e-03 7.703077049917902291e-03 1.323607776194904440e-02 1.303592048642968418e-02 1.357240848743912313e-02
2.189774162491315224e+01 7.015187571063898411e-03 6.931462667318389996e-03 7.435270179940343775e-03 1.278384074597073428e-02 1.258197915554258930e-02 1.311493287871112225e-02
2.196506330469368251e+01 6.773733303344405682e-03 6.689886494229736053e-03 7.181534748569564676e-03 1.235523547957896248e-02 1.215187373786506472e-02 1.268130205625646496e-02
2.203238498447421279e+01 6.544761144926089860e-03 6.460844674116821701e-03 6.940895585513082340e-03 1.194863099792419468e-02 1.174395561952332190e-02 1.226987117550720936e-02
2.209970666425474306e+01 6.327420794620653398e-03 6.243481651002320137e-03 6.712460829989906619e-03 1.156253504573504301e-02 1.135671661669765062e-02 1.187913526647220615e-02
2.216702834403527334e+01 6.120933355265091060e-03 6.037013827021133795e-03 6.495413511204348178e-03 1.119558013083645290e-02 1.098877483727138914e-02 1.150771517009304551e-02
2.223435002381580361e+01 5.924584239542810167e-03 5.840722403306175363e-03 6.289004107540321215e-03 1.084651118942255368e-02 1.063886217833574961e-02 1.115434510001958590e-02
2.230167170359633388e+01 5.737716886604336299e-03 5.653947040109475949e-03 6.092543956267119920e-03 1.051417465332657973e-02 1.030581324643468563e-02 1.081786161823562742e-02
2.236899338337686416e+01 5.559727185048664311e-03 5.476080230516182021e-03 5.905399404181430924e-03 1.019750873979523645e-02 9.988555518212295647e-03 1.049719384350095673e-02
2.243631506315739443e+01 5.390058512753364596e-03 5.306562297222735917e-03 5.726986605275696633e-03 9.895534809759125305e-03 9.686100585036262062e-03 1.019135473728252118e-02
2.250363674293792471e+01 5.228197316630068051e-03 5.144876934594806543e-03 5.556766884733632152e-03 9.607349662109937460e-03 9.397536347048440070e-03 9.899433333557090819e-03
2.257095842271845498e+01 5.073669166029922718e-03 4.990547228998153464e-03 5.394242599726786075e-03 9.332118649721100195e-03 9.122020040619648051e-03 9.620587797250680293e-03
2.263828010249898526e+01 4.926035222555294989e-03 4.843132099536244690e-03 5.238953436962841097e-03 9.069069518426123994e-03 8.858771998916499524e-03 9.354039211692709993e-03
2.270560178227951553e+01 4.784889076715999508e-03 4.702223109101521387e-03 5.090473094996548695e-03 8.817486883348735552e-03 8.607070058681193236e-03 9.099066008755742063e-03
2.277292346206004581e+01 4.649853908419715118e-03 4.567441602275510923e-03 4.948406306187471890e-03 8.576707268231075626e-03 8.366244537758157560e-03 8.854998966700299012e-03
2.284024514184057963e+01 4.520579933887411243e-03 4.438436132278920053e-03 4.812386159065248914e-03 8.346114643036523298e-03 8.135673717684767034e-03 8.621216710457294680e-03
2.290756682162110991e+01 4.396742106385647178e-03 4.314880144028772520e-03 4.682071686899652932e-03 8.125136403366229124e-03 7.914779774056343586e-03 8.397141657412910895e-03
2.297488850140164018e+01 4.278038042292288227e-03 4.196469884530728590e-03 4.557145692599705311e-03 7.913239742333844431e-03 7.703025104592067275e-03 8.182236358926920153e-03
2.304221018118217046e+01 4.164186147564503428e-03 4.082922515426698831e-03 4.437312783792557447e-03 7.709928371667604252e-03 7.499909011047918572e-03 7.976000193991696421e-03
2.310953186096270073e+01 4.054923922743597885e-03 3.973974405617145683e-03 4.322297595148696936e-03 7.514739554099353520e-03 7.304964696494754828e-03 7.777966376774373726e-03
2.317685354074323101e+01 3.950006427283327473e-03 3.869379584558272061e-03 4.211843177801878092e-03 7.327241413680319997e-03 7.117756544129152582e-03 7.587699244403307321e-03
2.324417522052376128e+01 3.849204886287059535e-03 3.768908339157724541e-03 4.105709538123515287e-03 7.147030494636505762e-03 6.937877647818180456e-03 7.404791795366571193e-03
2.331149690030429156e+01 3.752305424735927035e-03 3.672345939210205305e-03 4.003672310205519044e-03 6.973729542830583127e-03 6.764947568084555413e-03 7.228863452373092413e-03
2.337881858008482183e+01 3.659107916027944021e-03 3.579491478070380775e-03 3.905521548228489855e-03 6.806985486904953628e-03 6.598610290291404175e-03 7.059558026560102707e-03
2.344614025986535211e+01 3.569424933163569281e-03 3.490156816791557468e-03 3.811060626481645869e-03 6.646467598805887340e-03 6.438532364449393690e-03 6.896541862577665501e-03
2.351346193964588238e+01 3.483080792237172509e-03 3.404165621296074279e-03 3.720105236189585277e-03 6.491865815683356238e-03 6.284401208397546838e-03 6.739502146395112692e-03
2.358078361942641266e+01 3.399910679052829069e-03 3.321352483313864696e-03 3.632482469516459811e-03 6.342889207171202928e-03 6.135923558147820221e-03 6.588145359700784895e-03
2.364810529920694293e+01 3.319759850698975057e-03 3.241562116851924753e-03 3.548029982183957282e-03 6.199264573815708827e-03 5.992824050972375520e-03 6.442195866544755609e-03
2.371542697898747321e+01 3.242482904809099262e-03 3.164648622858664325e-03 3.466595227075567383e-03 6.060735163970439911e-03 5.854843928384559533e-03 6.301394619436911579e-03
2.378274865876800348e+01 3.167943110020882049e-03 3.090474815540106106e-03 3.388034752023307613e-03 5.927059497839772158e-03 5.721739847547913788e-03 6.165497973488588170e-03
2.385007033854853375e+01 3.096011791838426935e-03 3.018911604483502306e-03 3.312213555698949145e-03 5.798010288556464456e-03 5.593282790867805040e-03 6.034276598398983019e-03
2.391739201832906403e+01 3.026567768713031570e-03 2.949837427360733899e-03 3.239004496172466583e-03 5.673373451241192633e-03 5.469257064597297067e-03 5.907514479159033625e-03
2.398471369810959786e+01 2.959496833698155045e-03 2.883137728528914305e-03 3.168287747266994477e-03 5.552947191931958959e-03 5.349459378241845815e-03 5.785007997292957414e-03
2.405203537789012813e+01 2.894691277512481328e-03 2.818704479328297541e-03 3.099950298341040862e-03 5.436541169103572754e-03 5.233697997391200708e-03 5.666565085297291943e-03
2.411935705767065841e+01 2.832049449268949845e-03 2.756435736305474712e-03 3.033885493573498099e-03 5.323975721236268513e-03 5.121791963355546914e-03 5.552004447681903841e-03
2.418667873745118868e+01 2.771475351504427802e-03 2.696235233969897661e-03 2.969992607222012981e-03 5.215081154548602098e-03 5.013570373648117834e-03 5.441154842679161822e-03
2.425400041723171896e+01 2.712878266479396439e-03 2.638012009029549586e-03 2.908176451676418219e-03 5.109697085593719462e-03 4.908871717947801451e-03 5.333854419276164854e-03
2.432132209701224923e+01 2.656172411015424867e-03 2.581680053352486751e-03 2.848347015441790413e-03 5.007671833937937800e-03 4.807543264702612319e-03 5.229950104749215081e-03
2.438864377679277951e+01 2.601276617404074936e-03 2.527157993169201321e-03 2.790419128464567255e-03 4.908861860604978380e-03 4.709440494004679678e-03 5.129297038347812449e-03
2.445596545657330978e+01 2.548114038158386368e-03 2.474368792270281291e-03 2.734312152464221397e-03 4.813131248383187288e-03 4.614426572787447278e-03 5.031758047193004603e-03
2.452328713635384005e+01 2.496611872590382905e-03 2.423239477167873999e-03 2.679949694155645771e-03 4.720351220464116815e-03 4.522371868771172046e-03 4.937203160829058655e-03
2.459060881613437033e+01 2.446701113388100035e-03 2.373700882381163217e-03 2.627259339446698892e-03 4.630399694212603522e-03 4.433153499918983387e-03 4.845509161201724292e-03
2.465793049591490060e+01 2.398316311535958218e-03 2.325687414177756221e-03 2.576172406874015653e-03 4.543160867166084679e-03 4.346654916467233842e-03 4.756559165136853458e-03
2.472525217569543088e+01 2.351395358075198012e-03 2.279136831256984436e-03 2.526623718700488422e-03 4.458524832628119397e-03 4.262765512864309138e-03 4.670242236662078619e-03
2.479257385547596115e+01 2.305879281338346111e-03 2.233990040999563487e-03 2.478551388241821783e-03 4.376387222461078016e-03 4.181380267195228782e-03 4.586453026756700906e-03
2.485989553525649143e+01 2.261712058415266471e-03 2.190190910032514034e-03 2.431896622119126411e-03 4.296648874899061318e-03 4.102399405888024209e-03 4.505091438332520584e-03
2.492721721503702170e+01 2.218840439719515709e-03 2.147686087970359075e-03 2.386603536251105748e-03 4.219215525396577057e-03 4.025728091694887913e-03 4.426062314444576852e-03
2.499453889481755198e+01 2.177213785624016254e-03 2.106424843294642420e-03 2.342618984504595339e-03 4.143997518704017197e-03 3.951276133118596968e-03 4.349275147907710921e-03
2.506186057459808225e+01 2.136783914225480214e-03 2.066358910424941509e-03 2.299892399017019074e-03 4.070909540519299617e-03 3.878957713615115068e-03 4.274643810654481756e-03
2.512918225437861608e+01 2.097504959378811238e-03 2.027442347116956232e-03 2.258375641290109523e-03 3.999870367208120669e-03 3.808691139048014321e-03 4.202086301314282395e-03
