# Tb3+ 10 200
5.000000000000000000e+00 2.994475721413166092e+00 4.051706360409035312e+00 3.857736152449758871e-02 4.397632862261478814e-02
5.145402383903848076e+00 2.401600762754426022e+00 3.312194524197706880e+00 3.503186275478186590e-02 4.064181261179174165e-02
5.290804767807695264e+00 1.772180590161436031e+00 2.652413669170882837e+00 3.042016303077933401e-02 3.659127812142860814e-02
5.436207151711543339e+00 1.167916533428237758e+00 2.011819495102386668e+00 2.549563582570288020e-02 3.231724476156706133e-02
5.581609535615390527e+00 7.110109036704623797e-01 1.422466178758803546e+00 2.093414917880706203e-02 2.827260250452069343e-02
5.727011919519238603e+00 4.200296042894613446e-01 1.079506848262923535e+00 1.719886492152792809e-02 2.478377475104921041e-02
5.872414303423085791e+00 2.753132254908627896e-01 7.695077941844912228e-01 1.448527232693279723e-02 2.201406254791701475e-02
6.017816687326933867e+00 1.935946255693812568e-01 5.992777688973092154e-01 1.274061072590007733e-02 1.998400242716451974e-02
6.163219071230781054e+00 1.577071311272516541e-01 5.220191737233086382e-01 1.174602529532154868e-02 1.863422278299232959e-02
6.308621455134629130e+00 1.205264322330596577e-01 5.111635973092460983e-01 1.123112214846010669e-02 1.789662773500227608e-02
6.454023839038477206e+00 1.091495405710246058e-01 4.804202442459585276e-01 1.095825947086992436e-02 1.773480295618819896e-02
6.599426222942324394e+00 1.045913087801187552e-01 4.928326901648715785e-01 1.075171853731819033e-02 1.813046172151055319e-02
6.744828606846172470e+00 1.075493086067082216e-01 5.966902377706209126e-01 1.050256131383913230e-02 1.902542751618912370e-02
6.890230990750019657e+00 8.583613437997779372e-02 6.489043213822914824e-01 1.016920092375824154e-02 2.026546106299296698e-02
7.035633374653867733e+00 5.739905818856826103e-02 7.600572708319204285e-01 9.768525284684612814e-03 2.159547411153807731e-02
7.181035758557715809e+00 6.034924377046864408e-02 8.565190317894660899e-01 9.352438969874470043e-03 2.271440479776193344e-02
7.326438142461562997e+00 5.438572392648376164e-02 9.390458933159278043e-01 8.976202130459000339e-03 2.336178877061723114e-02
7.471840526365410184e+00 4.924183328888284000e-02 9.269436088396277862e-01 8.673029051381345861e-03 2.340102515369341107e-02
7.617242910269258260e+00 3.196219400256683496e-02 8.671738265759378894e-01 8.447093429278506108e-03 2.286892551494711448e-02
7.762645294173106336e+00 5.303277349632193327e-02 7.884759319871075256e-01 8.283888359018540259e-03 2.196845175729330440e-02
7.908047678076953524e+00 3.723139356462758925e-02 7.042552637100788493e-01 8.165169937047807303e-03 2.099453694614291169e-02
8.053450061980800712e+00 4.420010426270935822e-02 6.427764557018327274e-01 8.077930590252488038e-03 2.021006053536228766e-02
8.198852445884648787e+00 4.267101123349430897e-02 6.179981288362260683e-01 8.016469038788182760e-03 1.973765510984131291e-02
8.344254829788496863e+00 2.854853041848782677e-02 6.373188944305240300e-01 7.981195662473291458e-03 1.955436911212743434e-02
8.489657213692344939e+00 4.529963078008566318e-02 5.946450163379037868e-01 7.976204961056944723e-03 1.958772312210198957e-02
8.635059597596193015e+00 4.374027352644654920e-02 6.101765023284135836e-01 8.005255502882918650e-03 1.979713647717640593e-02
8.780461981500039315e+00 2.564824950300788678e-02 6.604731784760455859e-01 8.066533576079478254e-03 2.015319370315633157e-02
8.925864365403887390e+00 2.947607876348018463e-02 6.572228526691427097e-01 8.150027251173818515e-03 2.055764633457333318e-02
9.071266749307735466e+00 5.369699524229409882e-02 7.044315332444597288e-01 8.242253985542288136e-03 2.081653469368507578e-02
9.216669133211581766e+00 5.017770631735968268e-02 6.398479119631420575e-01 8.337652486875145319e-03 2.071179656628614751e-02
9.362071517115431618e+00 3.573174569917311055e-02 6.393408455477437302e-01 8.449405633840788993e-03 2.011025786778531527e-02
9.507473901019277918e+00 5.297397277384266467e-02 5.920185345311539393e-01 8.613472682598556293e-03 1.903028160522033871e-02
9.652876284923125993e+00 5.409547676341805444e-02 4.854705885782251151e-01 8.889881405291431143e-03 1.763649752327405007e-02
9.798278668826974069e+00 8.060483284060135367e-02 3.580201302581440537e-01 9.377635763218181847e-03 1.617983870523617002e-02
9.943681052730820369e+00 1.015323520278412772e-01 2.959655128201456042e-01 1.025480772859290596e-02 1.491975814814129261e-02
1.008908343663467022e+01 1.474231268013862506e-01 2.799766944963065218e-01 1.180452908273354681e-02 1.406139126355418663e-02
1.023448582053851652e+01 2.820650963958182267e-01 2.262636122367108482e-01 1.432906279443134888e-02 1.371990068432198465e-02
1.037988820444236460e+01 4.929259799107456597e-01 2.541041380287196727e-01 1.794524916550026966e-02 1.390268049895350237e-02
1.052529058834621267e+01 8.583140841867566984e-01 2.820033268734400966e-01 2.240668057808529665e-02 1.450188033360536206e-02
1.067069297225005897e+01 1.270685196910408932e+00 3.222025425331870863e-01 2.705934262718453359e-02 1.531028345690186795e-02
1.081609535615390705e+01 1.824214364220723139e+00 3.605890042130966422e-01 3.096535435784202039e-02 1.607272367349154435e-02
1.096149774005775512e+01 2.087639338991123861e+00 3.662726590729740161e-01 3.318935461846961310e-02 1.656378140610560018e-02
1.110690012396160320e+01 2.081750918936054795e+00 4.020847831451372922e-01 3.314902385983697214e-02 1.666882859925800098e-02
1.125230250786545128e+01 1.790134322261187405e+00 3.642770807362419871e-01 3.085679840694732085e-02 1.644175099780635640e-02
1.139770489176929757e+01 1.292886806474415895e+00 3.285378017933764383e-01 2.691790406843944453e-02 1.611289867136694864e-02
1.154310727567314565e+01 8.399627465054058106e-01 3.593849191224408601e-01 2.228887142742756386e-02 1.601571708752630788e-02
1.168850965957699373e+01 5.186636301182020459e-01 3.874654061702820229e-01 1.793441653960701695e-02 1.640917309417034772e-02
1.183391204348084003e+01 2.929042885794067574e-01 4.458155152064897653e-01 1.453900408029271292e-02 1.728362455826934485e-02
1.197931442738468988e+01 1.889853558079354623e-01 4.976966246879883093e-01 1.233238076464099678e-02 1.834445985598894685e-02
1.212471681128853618e+01 1.248044052485008104e-01 5.710218989474602491e-01 1.106652882868611187e-02 1.918336688098001841e-02
1.227011919519238425e+01 8.058438846314702753e-02 6.056345609332064450e-01 1.026718868036069487e-02 1.946506581952105186e-02
1.241552157909623233e+01 7.294286497939896086e-02 5.829119578487862441e-01 9.588539104570425325e-03 1.903791806832179009e-02
1.256092396300007863e+01 5.144620885814739364e-02 4.936036780363626253e-01 8.921680240280723678e-03 1.796023884282066385e-02
1.270632634690392848e+01 4.205559586099816283e-02 3.756344982508245667e-01 8.302153148371800573e-03 1.645170629035154833e-02
1.285172873080777478e+01 2.615887764627081863e-02 2.932649244866451510e-01 7.793072674664923601e-03 1.479760360620559732e-02
1.299713111471162286e+01 4.564255068296506346e-02 2.202153709780863555e-01 7.417602652244942654e-03 1.324967419484773638e-02
1.314253349861547093e+01 1.955951547830307724e-02 1.484232874431440641e-01 7.153587775550964041e-03 1.196231060806255547e-02
1.328793588251931901e+01 1.890885515822908133e-02 1.402643718378298043e-01 6.963074425634216760e-03 1.098074941583254693e-02
1.343333826642316531e+01 2.678718915325672620e-02 1.005229474618851981e-01 6.816079617910831071e-03 1.027234165782592648e-02
1.357874065032701338e+01 2.641573622372284103e-02 7.385803149113157051e-02 6.695370573911248353e-03 9.773313681591878910e-03
1.372414303423086146e+01 1.979245296990273656e-02 7.247730010782613141e-02 6.592180997089715916e-03 9.423443169155922006e-03
1.386954541813470954e+01 1.672567382162319649e-02 6.653577743479660578e-02 6.501882375089890198e-03 9.179590644427431181e-03
1.401494780203855584e+01 1.879064276209381490e-02 6.390505074516471262e-02 6.421695417474901704e-03 9.015511525167933804e-03
1.416035018594240391e+01 1.156171527354199480e-02 7.100091750745975150e-02 6.349733166332229006e-03 8.917678357637674746e-03
1.430575256984625199e+01 1.440785873223095551e-02 5.748971914891703311e-02 6.284611682988768683e-03 8.882077432212077267e-03
1.445115495375010006e+01 7.995556737205374020e-03 6.324806796124823882e-02 6.225270658019475475e-03 8.913290885138248215e-03
1.459655733765394814e+01 1.744265800643274994e-02 6.957017135591679613e-02 6.170875560292993570e-03 9.026023241251523305e-03
1.474195972155779444e+01 1.397901051241456048e-02 7.519512582880182039e-02 6.120757083055324010e-03 9.248895207110825051e-03
1.488736210546164251e+01 1.689510517085053565e-02 9.032925124813442896e-02 6.074370679716310090e-03 9.628183969772339049e-03
1.503276448936549059e+01 1.283883754554402193e-02 1.155483259182531197e-01 6.031268196165738386e-03 1.022228889179187944e-02
1.517816687326933867e+01 8.443696782441570403e-03 1.123903577633579981e-01 5.991077317622051958e-03 1.107105627207828971e-02
1.532356925717318497e+01 1.024210127889966550e-02 1.477137882276677305e-01 5.953486310381377739e-03 1.213978982131258717e-02
1.546897164107703304e+01 3.351544652235509229e-03 2.172487804228625252e-01 5.918232479682706583e-03 1.327874452976377309e-02
1.561437402498088112e+01 1.571831340657066714e-02 2.504281867191361921e-01 5.885093308733030555e-03 1.425071655337179465e-02
1.575977640888472919e+01 5.454519416771657671e-03 3.194386357558531842e-01 5.853879576904389911e-03 1.483397544916530489e-02
1.590517879278857727e+01 1.338635972479011726e-02 3.028025202707061991e-01 5.824429968253002840e-03 1.495176038363204597e-02
1.605058117669242534e+01 1.639457431995126890e-02 3.017282613769490807e-01 5.796606822965369617e-03 1.475192150621554114e-02
1.619598356059627164e+01 5.949312543668783607e-03 2.715239573326291844e-01 5.770292781161952614e-03 1.456324824690317932e-02
1.634138594450011794e+01 1.628202440621838963e-03 2.575610277318122199e-01 5.745388136658849745e-03 1.469574544567676076e-02
1.648678832840396780e+01 1.367451081970079939e-02 3.368859781194794567e-01 5.721808767644278974e-03 1.519766209331882383e-02
1.663219071230781410e+01 1.069861943709672289e-02 3.720701805349603264e-01 5.699484548081354060e-03 1.581689793454340437e-02
1.677759309621166040e+01 4.749923995597761864e-03 3.843644568801321548e-01 5.678358172222413083e-03 1.618910894544630524e-02
1.692299548011551025e+01 1.070594724317888539e-02 3.745083481104548029e-01 5.658384347883876897e-03 1.603878686712332385e-02
1.706839786401936010e+01 6.143721502985674369e-03 2.938906785560144175e-01 5.639529334327573334e-03 1.528939909946864899e-02
1.721380024792320640e+01 -4.249929270127322800e-03 2.425347000600004133e-01 5.621770819594724446e-03 1.407706162110162161e-02
1.735920263182705270e+01 7.401171897463018623e-03 2.032042828246000132e-01 5.605098151717551047e-03 1.267266087259584506e-02
1.750460501573090255e+01 -1.067007589299323947e-02 1.613811252518236872e-01 5.589512960333473807e-03 1.135191519145195213e-02
1.765000739963474885e+01 2.317981673754278271e-03 9.292306856656556979e-02 5.575030232268244484e-03 1.028699688530776424e-02
1.779540978353859515e+01 6.241017294645568106e-03 5.888096308347701147e-02 5.561679939964961697e-03 9.517565611504623380e-03
1.794081216744244500e+01 7.561234075190284565e-03 6.088424781864994889e-02 5.549509370121602850e-03 8.997765563793929527e-03
1.808621455134629130e+01 7.751253484704561693e-03 5.056969280340797152e-02 5.538586369167281670e-03 8.661791466760203687e-03
1.823161693525013760e+01 9.565598505260796552e-03 4.333277332021021055e-02 5.529003824546225784e-03 8.460620585418731146e-03
1.837701931915398745e+01 5.897275260997572079e-03 4.783176317689434576e-02 5.520885856832338269e-03 8.369528098423851745e-03
1.852242170305783731e+01 -5.034139306573741195e-03 5.011775834686706815e-02 5.514396443629590930e-03 8.385996517753270540e-03
1.866782408696168005e+01 -9.993526108195505478e-04 3.158633660767649898e-02 5.509751598563044847e-03 8.529979781817399048e-03
1.881322647086552990e+01 1.150680720764155236e-02 5.111530276899561159e-02 5.507236917524934924e-03 8.847052419748840935e-03
1.895862885476937976e+01 1.239255353185263545e-02 8.402081829913993216e-02 5.507233554870675715e-03 9.400982353818795878e-03
1.910403123867322606e+01 7.358490753705534265e-03 8.955670985642757986e-02 5.510258152392507117e-03 1.022864870255493080e-02
1.924943362257707236e+01 -3.765632525217700588e-03 1.382853607244109995e-01 5.517027698564610540e-03 1.125727586097079874e-02
1.939483600648092221e+01 5.646915087371192493e-03 1.830995763242203866e-01 5.528574902319831341e-03 1.225720548791488576e-02
1.954023839038476851e+01 8.077297970142864256e-03 1.987121551499329841e-01 5.546489518680924533e-03 1.291031179083261364e-02
1.968564077428861481e+01 1.023804555082962961e-02 1.994559776580110411e-01 5.573550522044941162e-03 1.297461447655513106e-02
1.983104315819246466e+01 -2.441934754255628212e-04 1.542524554816008253e-01 5.615554042667730492e-03 1.243105176110942574e-02
1.997644554209631096e+01 8.889397882937941781e-03 1.370703430051118388e-01 5.685351468708505981e-03 1.149984933156931663e-02
2.012184792600015726e+01 7.754700131833886477e-03 9.807698191983126035e-02 5.805275196289101658e-03 1.051425631932160522e-02
2.026725030990400711e+01 6.157890109318638408e-03 8.645948302269317043e-02 5.993277307758240746e-03 9.748481373229648389e-03
2.041265269380785696e+01 1.381033582356388373e-02 6.598137742245122062e-02 6.235843760680474801e-03 9.321529307902070433e-03
2.055805507771170326e+01 2.682779629658308893e-02 6.665071617473461441e-02 6.509252155796103542e-03 9.233167477970871673e-03
2.070345746161554956e+01 1.709440831467246014e-02 6.488733990349025704e-02 6.893385735911378848e-03 9.472138824221345427e-03
2.084885984551939941e+01 2.618566028219679320e-02 1.027556557214718974e-01 7.667427819182982829e-03 1.006615884914822262e-02
2.099426222942324571e+01 7.021056239637731011e-02 1.171893578027953936e-01 9.088474931203599505e-03 1.100175821203461940e-02
2.113966461332709201e+01 1.104634033491446454e-01 1.753752594883900007e-01 1.095753278942918595e-02 1.209358479548250896e-02
2.128506699723094187e+01 1.710417251121752191e-01 2.074554093549021150e-01 1.258189928107078352e-02 1.297724713111036293e-02
2.143046938113478816e+01 1.873966441931592675e-01 2.269504764353720838e-01 1.318686670153046761e-02 1.328326546603095584e-02
2.157587176503863802e+01 1.685370452847571032e-01 1.931282222438793217e-01 1.246791463147297989e-02 1.286351935137477684e-02
2.172127414894248432e+01 1.111627709629038480e-01 1.494272734044118367e-01 1.082175039638803675e-02 1.188103826039439703e-02
2.186667653284633062e+01 6.115440033595235386e-02 1.143897378391909442e-01 9.034258771919646130e-03 1.068871388698728470e-02
2.201207891675018047e+01 3.690794677811461838e-02 8.450338476012879407e-02 7.775696584030239444e-03 9.610911959610217437e-03
2.215748130065402677e+01 2.555448499036854643e-02 3.750668538771415039e-02 7.309528979245734012e-03 8.805403315334669676e-03
2.230288368455787307e+01 2.733050836212984683e-02 4.807856211326969054e-02 7.397521715960230990e-03 8.271861368726703828e-03
2.244828606846172292e+01 2.585371647831722491e-02 3.450627943733668851e-02 7.567065851468841170e-03 7.939449560087295452e-03
2.259368845236556922e+01 4.279009895875733605e-02 2.931920075459647224e-02 7.595474777281315329e-03 7.746028364750247655e-03
2.273909083626941907e+01 2.689761536973633849e-02 2.808477054524466041e-02 7.761441107802313083e-03 7.672984711512707140e-03
2.288449322017326537e+01 5.963150838738097426e-02 4.107525645303686246e-02 8.641611370385500479e-03 7.728627875903499103e-03
2.302989560407711167e+01 9.589780040405419814e-02 4.881005145925332300e-02 1.023699680527258987e-02 7.891672462377964659e-03
2.317529798798096152e+01 1.431016839568007015e-01 3.711367482226349268e-02 1.173274586170367818e-02 8.073273300147860293e-03
2.332070037188480782e+01 1.575627032701467645e-01 2.493203347449641366e-02 1.219860261599188880e-02 8.166703982951330557e-03
2.346610275578865767e+01 1.448821070619706886e-01 5.625599852416023061e-02 1.132540142250570633e-02 8.151247310000366009e-03
2.361150513969250397e+01 9.129712811100285097e-02 2.950872295427593717e-02 9.669170970804660120e-03 8.137096570209285951e-03
2.375690752359635027e+01 4.755009361290370162e-02 5.614466727901237103e-02 8.197630871523276311e-03 8.302765599068416547e-03
2.390230990750020013e+01 3.152356513934977816e-02 5.705746482730140318e-02 7.704800724446911678e-03 8.787011155022943221e-03
2.404771229140404643e+01 3.870839492008652100e-02 7.167327145058963178e-02 8.459961571954707771e-03 9.595665235129620385e-03
2.419311467530789628e+01 1.020880756461732541e-01 1.021104554184578822e-01 9.973960928681843696e-03 1.052554729160658231e-02
2.433851705921174258e+01 1.276930712073354179e-01 1.278972430206903876e-01 1.124826056155423144e-02 1.119131686772520742e-02
2.448391944311558888e+01 1.235515973503808623e-01 1.375060885037541203e-01 1.137379983062616028e-02 1.124578264300097122e-02
2.462932182701943873e+01 7.722856315600001853e-02 1.221419515206248058e-01 1.022570139737391699e-02 1.064131065204416277e-02
2.477472421092328503e+01 6.168507520055190735e-02 7.218617656953861539e-02 8.528023407032167547e-03 9.659631626626547646e-03
2.492012659482713488e+01 1.562948927252803474e-02 4.911028266799567082e-02 7.133564252134192221e-03 8.675070246908313243e-03
2.506552897873098118e+01 1.789840519478065606e-02 4.075038356743233142e-02 6.357574396998693853e-03 7.907879139931125317e-03
2.521093136263482748e+01 1.011645162941561885e-02 3.140160810640396649e-02 6.018662319249371874e-03 7.384032332032186910e-03
2.535633374653867733e+01 1.076452680786113038e-02 8.568915349531625730e-03 5.894968639270373179e-03 7.043521456626501004e-03
2.550173613044252363e+01 1.028814033266365127e-02 1.807596559610710057e-02 5.905861957539206009e-03 6.829890281666629176e-03
2.564713851434636993e+01 1.000576063549573486e-02 1.386554183465466342e-02 6.081639007020868057e-03 6.715601913055547698e-03
2.579254089825021978e+01 1.611680092921818561e-02 7.294245710430722479e-03 6.597420279745012418e-03 6.699842832259267703e-03
2.593794328215406608e+01 4.050461418828048971e-02 1.295297827840479789e-02 7.745451932078067925e-03 6.790355072864613303e-03
2.608334566605791593e+01 6.293657002074098950e-02 2.304577558012406435e-02 9.434697725301140897e-03 6.953880588201594160e-03
2.622874804996176223e+01 9.246148551971650198e-02 1.869874175837219626e-02 1.079225823153401320e-02 7.078040174648029398e-03
2.637415043386560853e+01 1.133698220149685076e-01 2.317141065884735160e-02 1.082081369598952153e-02 7.039540292063495297e-03
2.651955281776945839e+01 6.387329889926295079e-02 3.276773055213596381e-02 9.488951796198734356e-03 6.825138770420622822e-03
2.666495520167330469e+01 3.308668459132078910e-02 1.427539953995693618e-02 7.760162559652028849e-03 6.539388144951596010e-03
2.681035758557715454e+01 1.589776168185397937e-02 1.031691295243184793e-02 6.520374288685331504e-03 6.291504555514295868e-03
2.695575996948100084e+01 1.669878687518015770e-02 2.349247542932033153e-03 5.891774839680765687e-03 6.116927488393134396e-03
2.710116235338484714e+01 5.308553265972134651e-03 1.241717533115534872e-02 5.589877872420817920e-03 6.000014103325382667e-03
2.724656473728869699e+01 4.823922409570421434e-03 3.580589628543326235e-03 5.419588562992384839e-03 5.918261379764151731e-03
2.739196712119254329e+01 9.939673134447706872e-04 1.525421540785943351e-02 5.308678755419182771e-03 5.857130294613066036e-03
2.753736950509639314e+01 9.856300976732231683e-04 7.900867076501404823e-03 5.229985851559347705e-03 5.808682792936851504e-03
2.768277188900023944e+01 3.096307232029367473e-03 7.817923899288503967e-04 5.170913509249142927e-03 5.768557219261688344e-03
2.782817427290408574e+01 -5.860690424300997112e-03 4.626022047165940024e-03 5.124687780230181844e-03 5.734219307513182054e-03
2.797357665680793559e+01 -1.089394589980313341e-03 -2.579270946292430526e-03 5.087320056319034715e-03 5.704105146466921170e-03
2.811897904071178189e+01 -3.501451412746881854e-04 8.512970233548959598e-03 5.056309081432832850e-03 5.677196660349220422e-03
2.826438142461562819e+01 -3.943210620121978885e-03 6.035326192768975841e-03 5.030009418360045607e-03 5.652800266127465043e-03
2.840978380851947804e+01 3.621258582342266885e-03 1.415866438231394922e-02 5.007296389531800535e-03 5.630424926283670618e-03
2.855518619242332434e+01 3.263188287392924762e-03 4.706358293332756418e-03 4.987376558753524314e-03 5.609711484066528912e-03
2.870058857632717420e+01 -1.835244569445361722e-03 1.600862362569331968e-02 4.969675001818933679e-03 5.590389847914691013e-03
2.884599096023102049e+01 5.082786949905448298e-03 1.030123468491648576e-02 4.953765437216985437e-03 5.572252014304892101e-03
2.899139334413486679e+01 -1.177001403164493545e-03 9.205419221000788257e-03 4.939325399492015475e-03 5.555134475291564553e-03
2.913679572803871665e+01 1.255807040610261612e-02 8.288135626315548329e-03 4.926106615706486204e-03 5.538906392598560123e-03
2.928219811194256295e+01 -8.514769976497499337e-03 -3.627066239352896848e-03 4.913914918378150566e-03 5.523461431445669464e-03
2.942760049584641280e+01 -6.051959700757406080e-03 -2.084045225153440678e-03 4.902596312688596754e-03 5.508711985016420329e-03
2.957300287975025910e+01 -3.269465751517541385e-03 -3.035788428732513235e-03 4.892027115731468860e-03 5.494585001483448528e-03
2.971840526365410540e+01 5.370148265663965588e-03 1.055439523448749653e-02 4.882106850531349115e-03 5.481018910607968198e-03
2.986380764755795525e+01 1.010200291942590922e-02 4.124397609212840030e-03 4.872753041124592947e-03 5.467961320833601355e-03
3.000921003146180155e+01 2.197409725118213732e-03 -6.027362914108351163e-04 4.863897343321974855e-03 5.455367266671240674e-03
3.015461241536565140e+01 -1.737677929324285032e-03 7.233936815771712173e-03 4.855482629340795997e-03 5.443197855973460828e-03
3.030001479926949770e+01 1.091635255661325792e-02 1.704434913125264534e-03 4.847460763848916027e-03 5.431419212429247634e-03
3.044541718317334400e+01 1.343134439076755591e-03 2.787048443896661485e-03 4.839790888063307851e-03 5.420001639174647917e-03
3.059081956707719385e+01 3.696901165412433583e-03 1.793610386868595488e-03 4.832438081889794956e-03 5.408918950220117407e-03
3.073622195098104015e+01 1.102590265127667037e-02 1.041320499626446731e-02 4.825372310645413554e-03 5.398147930798367911e-03
3.088162433488489000e+01 1.044949215851344055e-03 3.414939200531126942e-03 4.818567588326443281e-03 5.387667897864328523e-03
3.102702671878873630e+01 -1.437026547542230841e-03 1.855542782155048150e-03 4.812001307307182951e-03 5.377460339204132370e-03
3.117242910269258260e+01 4.178391272719106896e-03 8.533411446998635450e-03 4.805653697150254200e-03 5.367508614834364845e-03
3.131783148659643246e+01 5.717768556426714409e-03 8.391146419452462715e-03 4.799507384453288381e-03 5.357797708197732309e-03
3.146323387050027875e+01 1.257438895535079081e-03 1.113310974082102472e-02 4.793547032408955293e-03 5.348314017494477934e-03
3.160863625440412505e+01 2.337014974846729921e-03 2.972153039138118041e-03 4.787759043738177948e-03 5.339045179610230063e-03
3.175403863830797491e+01 7.256192518391831915e-03 1.245997246015777618e-02 4.782131314369410073e-03 5.329979920705786231e-03
3.189944102221182121e+01 1.351364282953446128e-04 1.011349561565063997e-02 4.776653028028804600e-03 5.321107928759595540e-03
3.204484340611567461e+01 -5.248321771206916272e-05 -2.494723781325081796e-03 4.771314484023503159e-03 5.312419744297940637e-03
3.219024579001951736e+01 1.624563146073634400e-03 1.160767198068277627e-02 4.766106952119153473e-03 5.303906666281270332e-03
3.233564817392336010e+01 2.222030980860965205e-03 1.476309758676888975e-02 4.761022549659901099e-03 5.295560670689525989e-03
3.248105055782721706e+01 1.125958042950992062e-02 1.128344030321713071e-02 4.756054137046860850e-03 5.287374339802403296e-03
3.262645294173105981e+01 4.614628235912517779e-03 2.401569000300558289e-03 4.751195228447204454e-03 5.279340800530385458e-03
3.277185532563490966e+01 8.329829617902972678e-04 2.582870644939243635e-03 4.746439915200562770e-03 5.271453670440195277e-03
3.291725770953875951e+01 -2.407927641324902283e-03 -4.715894678657793146e-03 4.741782799859973335e-03 5.263707010349845394e-03
3.306266009344260226e+01 2.904704175869537823e-03 1.895753198872571644e-03 4.737218939179019782e-03 5.256095282555865549e-03
3.320806247734645211e+01 8.244214745904844543e-03 5.036509331191596495e-03 4.732743794656588121e-03 5.248613313907759224e-03
3.335346486125030196e+01 -3.584512133599529211e-03 1.248450189983104155e-02 4.728353189491771476e-03 5.241256263069557150e-03
3.349886724515414471e+01 3.326172630184157097e-03 3.970281941680083720e-03 4.724043270996585234e-03 5.234019591410864203e-03
3.364426962905799456e+01 -8.839247790700740723e-03 6.804584935042956063e-03 4.719810477672622441e-03 5.226899037054567876e-03
3.378967201296184442e+01 -1.088514539071429657e-02 -4.127153216286197010e-03 4.715651510287270295e-03 5.219890591678729916e-03
3.393507439686568716e+01 5.229102304160807881e-03 -3.943670183371609378e-03 4.711563306391234641e-03 5.212990479728743520e-03
