# Tm3+ 10 200
5.000000000000000000e+00 5.302243006775131384e-02 2.735504796963714735e-01 8.626505812294935766e-03 1.432405800013526742e-02
5.143481886456264363e+00 5.315742365139538433e-02 2.668084404458812564e-01 8.603084305702644180e-03 1.440113138871250593e-02
5.286963772912529613e+00 4.895392259984264471e-02 2.866365929741033769e-01 8.596560672192339603e-03 1.470608943093416540e-02
5.430445659368793976e+00 5.512940063509712274e-02 2.769868018720654801e-01 8.608101143419814166e-03 1.518538517546431932e-02
5.573927545825059227e+00 4.571233395942586597e-02 3.609844336152741029e-01 8.639305069905693982e-03 1.573194089109786545e-02
5.717409432281323589e+00 6.192530707316092065e-02 3.575518544056224268e-01 8.692310759014550831e-03 1.620443634717373682e-02
5.860891318737587952e+00 5.650485190797946422e-02 3.709499302914274210e-01 8.769950695149197201e-03 1.646806631446659508e-02
6.004373205193853202e+00 4.378832097227421116e-02 4.064143323844401912e-01 8.875983348914878376e-03 1.643728580331934447e-02
6.147855091650117565e+00 6.158395849563889218e-02 3.388433296824436280e-01 9.015450699959591530e-03 1.610326128070287827e-02
6.291336978106382816e+00 7.626908095830230161e-02 3.227345763917592869e-01 9.195258767662577160e-03 1.553667904874441417e-02
6.434818864562647178e+00 5.226495049820683442e-02 2.769075017937800420e-01 9.425200208090487447e-03 1.486570884020893372e-02
6.578300751018911541e+00 8.232643849588702767e-02 2.643023062948259838e-01 9.719977318532087296e-03 1.423752309045104789e-02
6.721782637475176791e+00 1.090563066509072920e-01 2.422645926194532395e-01 1.010370705711526214e-02 1.377846447176731687e-02
6.865264523931441154e+00 9.285315129279710089e-02 2.262260703773001369e-01 1.062044265792083664e-02 1.357076987096089531e-02
7.008746410387706405e+00 1.369735286082023051e-01 2.161775723202120358e-01 1.135674447778376762e-02 1.365742646984429223e-02
7.152228296843970767e+00 1.719888957582352551e-01 2.637710301513929712e-01 1.247856322037651025e-02 1.406875820556594686e-02
7.295710183300235130e+00 2.695537009996114564e-01 2.817382725886603545e-01 1.426008628107871233e-02 1.484770281263044812e-02
7.439192069756500381e+00 4.060856383627597932e-01 3.777739519526365775e-01 1.704698892566568202e-02 1.605120589802820283e-02
7.582673956212765631e+00 7.671520722179273610e-01 4.404530150336053440e-01 2.112581162516903935e-02 1.772113227053055684e-02
7.726155842669029994e+00 1.330110449818701523e+00 6.271609256730918958e-01 2.656536352819203334e-02 1.983911671143820041e-02
7.869637729125294356e+00 2.135889679499286320e+00 8.055493150187309492e-01 3.310526382005977986e-02 2.229221741470117923e-02
8.013119615581558719e+00 3.200943565615608222e+00 1.117290464967293673e+00 4.011330116968579718e-02 2.486997556836734180e-02
8.156601502037823082e+00 4.487672898239524422e+00 1.316944676401747172e+00 4.663382431906815118e-02 2.729733982256772953e-02
8.300083388494089220e+00 5.579226941468542478e+00 1.644364232845605178e+00 5.155772932075383674e-02 2.929460552094013959e-02
8.443565274950353583e+00 6.235021250495336176e+00 1.800675262084980854e+00 5.390382533149970512e-02 3.064506833464725188e-02
8.587047161406617946e+00 6.005433074475011068e+00 1.859129918581406304e+00 5.312917747792163248e-02 3.124322107852682204e-02
8.730529047862882308e+00 5.072860554022754265e+00 1.859959801578225047e+00 4.933640109799872220e-02 3.109968788698110401e-02
8.874010934319148447e+00 3.832002278690026298e+00 1.757466894258683077e+00 4.326887082043047450e-02 3.030162771246826259e-02
9.017492820775412810e+00 2.506813985547148071e+00 1.582549227784882273e+00 3.608274746784896625e-02 2.895954935473788600e-02
9.160974707231677172e+00 1.591702523738415254e+00 1.322541709712241387e+00 2.899876385174897028e-02 2.718337520923165551e-02
9.304456593687941535e+00 8.957971419235682964e-01 1.140837303942451753e+00 2.299035826578636060e-02 2.510229780598904545e-02
9.447938480144205897e+00 5.605983897367728952e-01 8.882796818795336558e-01 1.862919854551357834e-02 2.290052571057595368e-02
9.591420366600470260e+00 3.798942917986704582e-01 6.931977970007775491e-01 1.612572030504460380e-02 2.082997752920607432e-02
9.734902253056734622e+00 3.406707866251782457e-01 5.577609971240982123e-01 1.550633848461896100e-02 1.918284308704763796e-02
9.878384139513000761e+00 4.082254922762984517e-01 4.744889528904167597e-01 1.672346151625199451e-02 1.822197096852527093e-02
1.002186602596926512e+01 6.301626149840527935e-01 5.273286157447919509e-01 1.954714669601405677e-02 1.807203126958607450e-02
1.016534791242553126e+01 9.466619488085936673e-01 5.126471746364665849e-01 2.345659928479489412e-02 1.862739663457148309e-02
1.030882979888179563e+01 1.408174216514197497e+00 5.970316690559253070e-01 2.766973095395388813e-02 1.957453104571374447e-02
1.045231168533805999e+01 1.875989949319571082e+00 6.702479149278657289e-01 3.126368252111415280e-02 2.051834711124564392e-02
1.059579357179432435e+01 2.212299424759267108e+00 7.212470344107898557e-01 3.338634234017036351e-02 2.111471412968099134e-02
1.073927545825058871e+01 2.188933467958193546e+00 7.485545437541475389e-01 3.350600899025006629e-02 2.116233553592746994e-02
1.088275734470685308e+01 1.928314960624185170e+00 6.852250115635696304e-01 3.158146837967328729e-02 2.064677493328876887e-02
1.102623923116311744e+01 1.428905951405972763e+00 6.235145807561734976e-01 2.806075638365796224e-02 1.972875153832519615e-02
1.116972111761938180e+01 9.885267322472280904e-01 5.332872653153640785e-01 2.370714280670506782e-02 1.867777731757139237e-02
1.131320300407564794e+01 6.091836314889381709e-01 4.639882729605279144e-01 1.933767246583881216e-02 1.777770713423284382e-02
1.145668489053191230e+01 3.645603717157399060e-01 4.406069908705091964e-01 1.558800289491381851e-02 1.725283708987757070e-02
1.160016677698817844e+01 1.921498974366453449e-01 4.247162629820030455e-01 1.277987488548661121e-02 1.724417319980339758e-02
1.174364866344444280e+01 1.336036345371118261e-01 4.978811011306935042e-01 1.091009440009058258e-02 1.779856792187578529e-02
1.188713054990070717e+01 8.408284019593113834e-02 5.600587273733723670e-01 9.753656299669294025e-03 1.882305306797908348e-02
1.203061243635697153e+01 5.925542499232979571e-02 6.223252494452740091e-01 9.035507892367984975e-03 2.005371875732509662e-02
1.217409432281323589e+01 5.909598391227936787e-02 7.741484077621291204e-01 8.554931994057858591e-03 2.111492563058259622e-02
1.231757620926950025e+01 4.691980742126928422e-02 7.802026677750805161e-01 8.202539184353901947e-03 2.164735603507035241e-02
1.246105809572576462e+01 3.821658214538919268e-02 7.855462984823465833e-01 7.925774395809510181e-03 2.143104755153471194e-02
1.260453998218203076e+01 4.079415969937246617e-02 6.850445851047342050e-01 7.698803028103896537e-03 2.045167119729166330e-02
1.274802186863829512e+01 2.645266395547521410e-02 5.407162752013766616e-01 7.507428051782808962e-03 1.889102441547695077e-02
1.289150375509455948e+01 2.046574486192822423e-02 4.193676827762224391e-01 7.342880192944141980e-03 1.705176891130629271e-02
1.303498564155082384e+01 1.041073095758879991e-02 3.005149332534352569e-01 7.199273828935601541e-03 1.525070595747292715e-02
1.317846752800708998e+01 3.606896829377102820e-02 2.312549617815939929e-01 7.072440773718670012e-03 1.372477559487961414e-02
1.332194941446335434e+01 2.650179615167783109e-02 1.895085907247163193e-01 6.959317738052770395e-03 1.258578574447561868e-02
1.346543130091961871e+01 2.304853348529888393e-02 1.604093691498639229e-01 6.857589696526673016e-03 1.183681709738512201e-02
1.360891318737588307e+01 3.317809001468004226e-02 1.352541158429567958e-01 6.765467591589038876e-03 1.143040362911886682e-02
1.375239507383214743e+01 1.319657811326112491e-02 1.376096337120072677e-01 6.681543049574184892e-03 1.132778707540800511e-02
1.389587696028841357e+01 2.146067696383618939e-02 1.391970116336538887e-01 6.604689962633650269e-03 1.153208111444516473e-02
1.403935884674467793e+01 1.020143384332123683e-02 1.796915573188985760e-01 6.533995870545498443e-03 1.209046028875390005e-02
1.418284073320094230e+01 1.692064542338746896e-02 2.097632684207629272e-01 6.468712960454696403e-03 1.306044606089656890e-02
1.432632261965720666e+01 1.777172489366400307e-02 2.847372201774047151e-01 6.408222359214753305e-03 1.443939748850130676e-02
1.446980450611347102e+01 1.805229389546116059e-02 3.470095687913875571e-01 6.352007657853698391e-03 1.609265616590779824e-02
1.461328639256973716e+01 1.699379781666679121e-02 4.820754983939883886e-01 6.299634989187308590e-03 1.773778251268813555e-02
1.475676827902600152e+01 2.491174754855049467e-02 5.780075990607094205e-01 6.250737849555566654e-03 1.900967896584535716e-02
1.490025016548226588e+01 1.655432851422317803e-02 5.446129010308758955e-01 6.205005418825917073e-03 1.958275332787468709e-02
1.504373205193853025e+01 1.162140331755879760e-02 5.611018360879785893e-01 6.162173506508959731e-03 1.929480108617236817e-02
1.518721393839479461e+01 8.111331897163513022e-03 5.141467641805050892e-01 6.122017505602100548e-03 1.821119839174440563e-02
1.533069582485106075e+01 6.702306241648625477e-03 3.994305600287990643e-01 6.084346912085300541e-03 1.659547154893120657e-02
1.547417771130732511e+01 7.226033919387675995e-03 2.600775658906225307e-01 6.049001093524015819e-03 1.480209730358861102e-02
1.561765959776358947e+01 1.530281171663972796e-02 2.240367842539648935e-01 6.015846082243666779e-03 1.314733632338846263e-02
1.576114148421985384e+01 5.777790625169803608e-03 1.362676553777448507e-01 5.984772238568075199e-03 1.181995384636410490e-02
1.590462337067611820e+01 1.955793958799013216e-04 1.034001160591776353e-01 5.955692685736133085e-03 1.086710872057935345e-02
1.604810525713238434e+01 -1.566657105767773825e-03 1.001188760627337443e-01 5.928542466370450258e-03 1.024604994381404094e-02
1.619158714358864870e+01 7.052091607030176040e-03 9.019600349618663027e-02 5.903278415772345890e-03 9.894694225404931584e-03
1.633506903004491306e+01 2.094105526369280379e-03 8.488682207591484452e-02 5.879879794604483956e-03 9.778732719815202284e-03
1.647855091650117743e+01 1.918443070459699418e-02 8.732451608013716560e-02 5.858349777929050713e-03 9.908136679647180228e-03
1.662203280295744179e+01 1.484063693186120705e-02 9.067418720736594717e-02 5.838717965695837744e-03 1.032780099673826987e-02
1.676551468941370615e+01 5.567452504285429031e-03 1.289024232839321993e-01 5.821044170809571393e-03 1.107161972626546573e-02
1.690899657586997051e+01 -6.895402840077086148e-03 1.705779911165421492e-01 5.805423868515497028e-03 1.208345133516952608e-02
1.705247846232623488e+01 5.180465731783262875e-03 2.008032967196868024e-01 5.791995876286279085e-03 1.316453228219657649e-02
1.719596034878249924e+01 -4.839757130710062652e-03 2.618474152535229527e-01 5.780953110889020322e-03 1.401213467692523536e-02
1.733944223523876360e+01 1.383568574763073197e-02 2.601377350668461763e-01 5.772557695598186031e-03 1.434251518411574187e-02
1.748292412169503152e+01 5.319902560959677632e-03 2.452071279756455613e-01 5.767162362505086869e-03 1.402613231609396716e-02
1.762640600815129588e+01 2.752026150604597668e-03 2.155881578875340210e-01 5.765241183387243701e-03 1.315004913496999051e-02
1.776988789460756024e+01 1.467526068983076096e-02 1.460879888219022149e-01 5.767434479683623653e-03 1.196720070442183238e-02
1.791336978106382460e+01 6.372665524363860939e-03 1.073457480995627933e-01 5.774615901718020868e-03 1.076780840025047536e-02
1.805685166752008897e+01 -4.308512131462110747e-03 8.295071227833449024e-02 5.787995316634849188e-03 9.756169319427073633e-03
1.820033355397635688e+01 6.618015704051865948e-03 5.435251782536904691e-02 5.809281822837673338e-03 9.002321806665686266e-03
1.834381544043262124e+01 5.035363780216907739e-03 5.380996305491441561e-02 5.840952683110200300e-03 8.477046473422475067e-03
1.848729732688888561e+01 -9.295286331800871327e-04 5.072001332128071166e-02 5.886720859476269468e-03 8.118015959395609091e-03
1.863077921334514997e+01 1.786236461288052621e-02 4.657686750388089630e-02 5.952409154886199004e-03 7.872620474680873046e-03
1.877426109980141433e+01 1.330017415836706567e-02 3.339915572205335442e-02 6.047778522285137195e-03 7.708865158926770690e-03
1.891774298625767869e+01 1.204305878481072914e-02 3.192703178314567486e-02 6.191082500514685782e-03 7.612686777660800791e-03
1.906122487271394306e+01 2.433029503443517871e-02 3.209383971558762289e-02 6.422553326188884179e-03 7.585350531485539859e-03
1.920470675917020742e+01 1.724772956324999509e-02 2.820853910181126203e-02 6.841679762693604269e-03 7.644431913142615484e-03
1.934818864562647178e+01 3.057717579248537057e-02 3.551737645750158157e-02 7.659573154351005317e-03 7.823477303837029009e-03
1.949167053208273614e+01 7.882418708477433034e-02 4.455638629034687492e-02 9.129347726518181882e-03 8.154035635860059500e-03
1.963515241853900051e+01 1.349901126516403482e-01 6.475718472168510986e-02 1.124767035412886466e-02 8.617214318540431656e-03
1.977863430499526487e+01 2.258786605134572023e-01 6.226254894659566386e-02 1.351861006178386830e-02 9.099629993519160742e-03
1.992211619145152923e+01 3.288844699659440596e-01 7.061590689756977457e-02 1.509095549981010441e-02 9.420360131946851900e-03
2.006559807790779359e+01 3.282912859676614392e-01 7.156601541576153303e-02 1.525079688508102285e-02 9.431196049898398978e-03
2.020907996436406151e+01 2.442955856727136998e-01 7.579548084567609700e-02 1.392104287311192110e-02 9.111762164629395866e-03
2.035256185082032587e+01 1.390512765332980183e-01 6.163068266218345997e-02 1.171879415902693511e-02 8.580539900417190335e-03
2.049604373727659024e+01 9.106768138662137135e-02 2.914309659156568560e-02 9.514974337833197876e-03 8.014208837030700056e-03
2.063952562373285460e+01 3.013666717330545225e-02 3.705297668478656908e-02 7.902899186644551932e-03 7.543994728651130799e-03
2.078300751018911896e+01 2.253511447965639639e-02 2.924360274389723943e-02 6.976710429216930777e-03 7.209981768939537766e-03
2.092648939664538688e+01 2.027503109995811709e-02 3.294058208606729515e-02 6.507036948227975202e-03 6.989394846850722695e-03
2.106997128310164769e+01 1.758215868867433335e-02 1.248576568011358634e-02 6.261550429097180806e-03 6.845007974283622704e-03
2.121345316955791205e+01 1.104049607708402873e-02 1.648658802668903287e-02 6.122875471237576583e-03 6.749137143489679011e-03
2.135693505601417996e+01 1.729196467540021487e-02 2.011510683266783117e-02 6.044575211096317457e-03 6.685759338177118573e-03
2.150041694247044433e+01 1.624979756622172214e-02 8.654264680474560434e-03 6.007758447945859420e-03 6.646584301826553853e-03
2.164389882892670869e+01 1.224894376670002984e-02 1.353051639999108130e-02 6.004509178587608131e-03 6.627962331945276217e-03
2.178738071538297305e+01 9.716596667533576245e-03 1.710894833248778266e-02 6.032768306017286149e-03 6.629386830112583839e-03
2.193086260183923741e+01 9.792261748860593348e-03 1.440103971847791348e-02 6.095048137832760442e-03 6.653127649994552105e-03
2.207434448829550178e+01 2.086066120278985692e-02 2.427422233085309300e-02 6.199195162888781682e-03 6.704782802787571071e-03
2.221782637475176614e+01 2.050283149992351839e-02 2.306308772438550245e-02 6.362113516381570286e-03 6.794954335823000235e-03
2.236130826120803050e+01 5.619656760197910481e-03 2.398686454349889530e-02 6.621676801952480068e-03 6.942507690654669411e-03
2.250479014766429486e+01 2.086694448161115906e-02 2.502618153698487474e-02 7.068846959670949635e-03 7.178845869066380163e-03
2.264827203412055923e+01 4.901031037623712616e-02 3.244715724749637487e-02 7.892821750864274788e-03 7.547759842428900315e-03
2.279175392057682714e+01 7.428433917102035544e-02 4.999925291479882100e-02 9.357665247567918676e-03 8.088601176364519293e-03
2.293523580703309150e+01 1.745554021363401043e-01 5.870200864805577567e-02 1.165065633962659129e-02 8.795219632254686060e-03
2.307871769348935587e+01 2.749299347583623598e-01 8.600462632310607036e-02 1.459674014874270953e-02 9.564370739385019346e-03
2.322219957994562023e+01 4.564987626996963588e-01 8.730583502419847486e-02 1.730234665988564235e-02 1.017809673412584971e-02
2.336568146640188459e+01 5.036096949273395351e-01 9.639119918637950590e-02 1.838757503563976520e-02 1.038599521979590573e-02
2.350916335285814895e+01 4.152626685145467400e-01 9.819781675056768466e-02 1.710311743352629921e-02 1.007576561058926012e-02
2.365264523931441332e+01 2.831351965460794373e-01 8.469808561371557076e-02 1.412881685484087234e-02 9.377139811835411010e-03
2.379612712577067768e+01 1.127740420827938878e-01 4.314784072688538502e-02 1.098591681452107914e-02 8.573044780189881600e-03
2.393960901222694204e+01 4.348465033468477958e-02 3.993643763436666161e-02 8.777468668443262623e-03 7.903026279378826124e-03
2.408309089868320996e+01 4.261357354333782099e-02 2.518016089498961371e-02 7.617414877362485917e-03 7.452925073724895114e-03
2.422657278513947432e+01 3.347922132423013231e-02 1.366843609911229211e-02 7.086292723650773964e-03 7.196587464699790750e-03
2.437005467159573868e+01 3.087957883549004301e-02 3.102679113579213596e-02 6.860068009967532424e-03 7.084587926043779682e-03
2.451353655805200304e+01 1.189817278772439119e-02 2.685879598453268235e-02 6.815645729336789263e-03 7.087983595737394268e-03
2.465701844450826741e+01 1.746048842486321723e-02 2.265875784919249569e-02 6.931701408600877273e-03 7.205017560810524947e-03
2.480050033096453177e+01 3.494715149971433510e-02 3.787607272641103223e-02 7.256231649905478531e-03 7.461845218252361432e-03
2.494398221742079613e+01 5.315169569293673457e-02 2.685115080798512049e-02 7.971089257475454798e-03 7.915387092646997136e-03
2.508746410387706050e+01 7.721627273176301376e-02 5.413629227527072540e-02 9.536423030483763552e-03 8.635783099363181919e-03
2.523094599033332486e+01 1.458717930062521373e-01 8.670838086515027243e-02 1.243783328576178633e-02 9.617092725442246900e-03
2.537442787678958922e+01 3.709891920995721515e-01 1.115142089223784133e-01 1.614220379709018979e-02 1.064022112210991425e-02
2.551790976324585714e+01 5.601952831521744836e-01 1.224412692627586535e-01 1.874982392846957086e-02 1.128791462411638490e-02
2.566139164970212150e+01 4.934361812909252021e-01 1.407171817443706452e-01 1.851855215518221492e-02 1.122486486685288568e-02
2.580487353615838586e+01 3.487082398016307927e-01 8.681726041281123685e-02 1.568288522375244423e-02 1.048517946449044336e-02
2.594835542261465022e+01 1.523243061010114419e-01 6.688745313041051521e-02 1.211611942080569049e-02 9.430244087577728876e-03
2.609183730907091459e+01 7.580673861893306997e-02 6.314961407049800302e-02 9.387499024090984953e-03 8.438735091528665883e-03
2.623531919552717895e+01 3.435156961469700704e-02 3.733405699425952629e-02 7.804493255060430262e-03 7.685505679576366128e-03
2.637880108198344331e+01 2.831598901621877953e-02 3.469647379368230589e-03 6.970657967306581951e-03 7.164459962781531341e-03
2.652228296843970767e+01 1.926364495566101551e-02 1.451411062330848142e-02 6.498555133794273880e-03 6.807969837696081425e-03
2.666576485489597204e+01 1.355792186489263029e-02 2.354368280760833418e-02 6.193823284272460816e-03 6.556590935297104683e-03
2.680924674135223640e+01 7.918228731286090089e-03 1.366849984242915830e-02 5.977438631465897649e-03 6.372108700003055112e-03
2.695272862780850431e+01 -2.635894220640538563e-03 1.032642018917532059e-02 5.814718633821813580e-03 6.231671751067697010e-03
2.709621051426476868e+01 1.124917124325721350e-02 1.096814546746900307e-02 5.687600264869962022e-03 6.121407032673231025e-03
2.723969240072103304e+01 1.295478715397464960e-02 1.502651698493992494e-02 5.585446648589024489e-03 6.032554842659946029e-03
2.738317428717729740e+01 3.885350507493282295e-03 1.272365967613178078e-02 5.501502467649992643e-03 5.959360137639422780e-03
2.752665617363356176e+01 -7.592739743290177930e-03 1.968965278263655472e-02 5.431248900774102509e-03 5.897908567875099692e-03
2.767013806008982613e+01 -4.733705852483610990e-03 1.272616906414649265e-02 5.371542502525912359e-03 5.845457941818777564e-03
2.781361994654609049e+01 -1.209007476308614389e-02 4.865759794719681439e-03 5.320127495396049719e-03 5.800038009117302815e-03
2.795710183300235485e+01 1.244951551096137258e-03 8.238063775554150744e-03 5.275343196867105129e-03 5.760201810919791769e-03
2.810058371945861921e+01 1.753481778446328975e-03 1.352324732559134594e-02 5.235940449288165391e-03 5.724866124914618042e-03
2.824406560591488358e+01 8.983666229749456833e-03 8.772510299240461260e-03 5.200962166153275112e-03 5.693206163765427569e-03
2.838754749237115149e+01 -1.197358949958788818e-02 1.074099020662921435e-02 5.169663200436221129e-03 5.664584348122008936e-03
2.853102937882741585e+01 -5.209422936021649089e-03 1.486942953280495291e-02 5.141455181349808938e-03 5.638501069722119327e-03
2.867451126528368022e+01 -2.379143652219878162e-03 5.379229748086558106e-03 5.115867680184430118e-03 5.614559990610181427e-03
2.881799315173994458e+01 -1.290025791479340600e-04 -2.821812764492926361e-03 5.092520330681301471e-03 5.592443158789759013e-03
2.896147503819620894e+01 6.465800801463065899e-04 -3.784471893864205065e-03 5.071102463866389819e-03 5.571892881388100689e-03
2.910495692465247330e+01 4.403318456771517127e-03 8.908313286281787508e-03 5.051358000012010074e-03 5.552698330854287552e-03
2.924843881110873767e+01 2.573406762459509896e-03 1.121529952831921972e-02 5.033074083601339621e-03 5.534685518775686597e-03
2.939192069756500203e+01 4.012017017475479931e-03 9.438298184473401312e-03 5.016072425612946688e-03 5.517709700463263763e-03
2.953540258402126639e+01 -1.846733595213939910e-03 2.864174051064783191e-03 5.000202632143611360e-03 5.501649557355427385e-03
2.967888447047753075e+01 -7.302669822318638010e-04 1.720844524768683562e-02 4.985337009426286416e-03 5.486402695568204195e-03
2.982236635693379867e+01 1.291071249143835743e-03 6.171117580879190503e-03 4.971366479316254722e-03 5.471882129811573778e-03
2.996584824339006303e+01 8.067904304749999849e-04 2.754935742436002890e-03 4.958197339170895487e-03 5.458013512752579385e-03
3.010933012984632740e+01 9.116015369420131520e-06 2.772553720549429234e-03 4.945748670292246865e-03 5.444732933818650748e-03
3.025281201630259176e+01 -4.316197635052611108e-03 7.063029200836973970e-04 4.933950249179448223e-03 5.431985156947521237e-03
3.039629390275885612e+01 6.939991827818279592e-03 -1.657914792132146251e-03 4.922740851980722185e-03 5.419722199573132407e-03
3.053977578921512048e+01 7.218327378344534598e-03 1.539833475051786797e-02 4.912066868918054351e-03 5.407902179004160474e-03
3.068325767567138485e+01 2.315152168497103431e-03 9.970580967273859688e-03 4.901881164921701589e-03 5.396488369902580420e-03
3.082673956212764921e+01 8.611741488677345999e-03 4.236403280979490239e-03 4.892142137212895925e-03 5.385448429597441966e-03
3.097022144858391357e+01 4.778788428194163246e-03 -2.006310725852620061e-03 4.882812931476643477e-03 5.374753757725066194e-03
3.111370333504017793e+01 4.184304817851662063e-03 4.664513630100690714e-03 4.873860786535903072e-03 5.364378964053834534e-03
3.125718522149644585e+01 -2.854648809851622823e-03 1.091465802528614106e-03 4.865256483760935051e-03 5.354301423958700290e-03
3.140066710795271021e+01 4.668274340777313521e-03 2.415619343297995426e-03 4.856973882318420255e-03 5.344500905309563718e-03
3.154414899440897457e+01 7.729049754769960062e-03 1.200751743567925363e-02 4.848989525144553440e-03 5.334959253857357239e-03
3.168763088086523894e+01 6.995107407475887641e-03 8.968667938118544264e-03 4.841282303478973426e-03 5.325660126782211755e-03
3.183111276732150330e+01 1.051475450595123172e-02 4.095575836715941928e-04 4.833833170117969244e-03 5.316588766086786585e-03
3.197459465377776766e+01 4.363053316865037230e-03 9.501482484941529971e-03 4.826624893381864859e-03 5.307731805106713496e-03
3.211807654023402847e+01 -4.214229760439934871e-03 -1.480808191767183854e-03 4.819641845252665112e-03 5.299077102667767644e-03
3.226155842669029994e+01 -5.140279580575308517e-03 3.669354582406933983e-03 4.812869818306940439e-03 5.290613600420460312e-03
3.240504031314655720e+01 -6.773950315501415295e-04 1.567692951736382109e-02 4.806295867009032635e-03 5.282331199683673595e-03
3.254852219960282866e+01 -1.736069274420766083e-03 1.042185691682337434e-02 4.799908169689399984e-03 5.274220654773071303e-03
3.269200408605909303e+01 -2.338332053816718700e-03 -3.730421411426196321e-03 4.793695908149944729e-03 5.266273480310460810e-03
3.283548597251535739e+01 -2.924654791381258757e-03 9.610889714718899579e-03 4.787649162341471587e-03 5.258481870432689213e-03
3.297896785897162175e+01 -4.734240839477977386e-03 -1.927131728661696415e-03 4.781758817970803606e-03 5.250838628163131613e-03
3.312244974542788611e+01 3.707248827022600370e-03 -2.229495322139197003e-04 4.776016485234402253e-03 5.243337103490819905e-03
3.326593163188415048e+01 5.367657792868614150e-05 1.133137770629197814e-03 4.770414427155564123e-03 5.235971138934096721e-03
3.340941351834041484e+01 -2.326130019468010575e-03 3.726229339166098158e-03 4.764945496234688355e-03 5.228735021557016568e-03
3.355289540479667920e+01 7.710873973712114443e-03 2.108467709447618861e-03 4.759603078315509730e-03 5.221623440565240429e-03
