# Yb3+ 10 200
5.000000000000000000e+00 2.942587747363823933e-02 7.534320643580127985e-02 7.746348908586985285e-03 9.387672201337304151e-03
5.163037282981328246e+00 4.707736931533484243e-02 7.178090894613281536e-02 7.945526720735979209e-03 9.656575536062271536e-03
5.326074565962656493e+00 4.803888754359306179e-02 9.545121009107278287e-02 8.183866554369138846e-03 9.993109910942332003e-03
5.489111848943984739e+00 5.359881656811182893e-02 9.097156327436949075e-02 8.471280827573667016e-03 1.041810784185068228e-02
5.652149131925312986e+00 6.501131114325268967e-02 1.157826218637725280e-01 8.822727660899566671e-03 1.096300539843819005e-02
5.815186414906640344e+00 7.243816938400743366e-02 1.649446972487264851e-01 9.262756297713559128e-03 1.167354026681602895e-02
5.978223697887968591e+00 8.011420193646943966e-02 1.929714890416663053e-01 9.836346444018196494e-03 1.261025169882686384e-02
6.141260980869296837e+00 1.083663790741584698e-01 2.361025347865928214e-01 1.063329389928762553e-02 1.384079114994229802e-02
6.304298263850625084e+00 1.572636028815301013e-01 3.096824854782722625e-01 1.183084004788521361e-02 1.542201355215824105e-02
6.467335546831953330e+00 2.435726266599522183e-01 4.382814735999664424e-01 1.373080602609574701e-02 1.737820591446310320e-02
6.630372829813281577e+00 3.908135086165545613e-01 6.014397599330705280e-01 1.671868969579181144e-02 1.968670097591090906e-02
6.793410112794608935e+00 7.540848716706358701e-01 8.181276318901360423e-01 2.110026284533473434e-02 2.227466604904819111e-02
6.956447395775937181e+00 1.323890070524565976e+00 1.117183344496076591e+00 2.689487761838844221e-02 2.501805872677666243e-02
7.119484678757265428e+00 2.142758719160663627e+00 1.405187639593127091e+00 3.369504607764031712e-02 2.773254033013795861e-02
7.282521961738593674e+00 3.354105759795293462e+00 1.678103366044647604e+00 4.064797731564447070e-02 3.016289263283380984e-02
7.445559244719921921e+00 4.505125515474203368e+00 1.970484713275931998e+00 4.659604035213385509e-02 3.199648925075762596e-02
7.608596527701250167e+00 5.230226542930749289e+00 2.120478771474049839e+00 5.037298533817166635e-02 3.292212142097117322e-02
7.771633810682578414e+00 5.518900950651530302e+00 2.038857459606372657e+00 5.116748111444800740e-02 3.272378223266787789e-02
7.934671093663906660e+00 5.078017555043815356e+00 1.877425540257626091e+00 4.880256049134799878e-02 3.136673025411833987e-02
8.097708376645234907e+00 3.879074588019554515e+00 1.581903213144152165e+00 4.379897621990887224e-02 2.902908415188512267e-02
8.260745659626563153e+00 2.766116279229845709e+00 1.215789139835102617e+00 3.719123980267885488e-02 2.605922874482036883e-02
8.423782942607891400e+00 1.750766069674507319e+00 9.094447646263290608e-01 3.018581066939056770e-02 2.287701431393934087e-02
8.586820225589217870e+00 9.777330376983187632e-01 5.603080758507672510e-01 2.381512227699388723e-02 1.986124872544606235e-02
8.749857508570546116e+00 5.478911110194664147e-01 4.329582499300020371e-01 1.871466299769512787e-02 1.726653066686223426e-02
8.912894791551874363e+00 2.998272094717693848e-01 3.209594805429900610e-01 1.506608439936894112e-02 1.519452787734963152e-02
9.075932074533202609e+00 1.819351796516616160e-01 2.345997347845059644e-01 1.268199963416976640e-02 1.362004258194885603e-02
9.238969357514530856e+00 1.410715054769768884e-01 1.865956947989830250e-01 1.118985813432168963e-02 1.244908266517253184e-02
9.402006640495859102e+00 1.083085028820085782e-01 1.523939598526612982e-01 1.023301301730133311e-02 1.157503860517348007e-02
9.565043923477187349e+00 9.246239632959250832e-02 1.347999054870984148e-01 9.574366560128638737e-03 1.091026924156041425e-02
9.728081206458515595e+00 6.103306141716690475e-02 1.023059249597670362e-01 9.087116104015885432e-03 1.039327317823850877e-02
9.891118489439843842e+00 5.421142470521028711e-02 8.826347116387769920e-02 8.708502215963890777e-03 9.983764511835271221e-03
1.005415577242117209e+01 4.169075628566795699e-02 7.040802306586137205e-02 8.406043641875421066e-03 9.655632165805561051e-03
1.021719305540250033e+01 3.780380641277726605e-02 7.114633479555214357e-02 8.161061962748971527e-03 9.391606396689743813e-03
1.038023033838382858e+01 3.162811482824459675e-02 6.751520620968166908e-02 7.961720486355038096e-03 9.179938336561149076e-03
1.054326762136515683e+01 3.549156799877373897e-02 5.612620286823129245e-02 7.800037455091198349e-03 9.012454782369458753e-03
1.070630490434648507e+01 2.511229415147361865e-02 4.766371496291334220e-02 7.670456313647468216e-03 8.883415389207702934e-03
1.086934218732781332e+01 4.120937611181500065e-02 4.722857436037218581e-02 7.569073380798190670e-03 8.788823831440719520e-03
1.103237947030914157e+01 3.998077163438003290e-02 5.773235404157338324e-02 7.493184470958600199e-03 8.726003674378668765e-03
1.119541675329046981e+01 2.341797749090302264e-02 5.768628658904466355e-02 7.441008186446142203e-03 8.693338147208032329e-03
1.135845403627179806e+01 2.148780285449207461e-02 5.432621707581173492e-02 7.411518318997657034e-03 8.690119822058105237e-03
1.152149131925312631e+01 1.704988619041096498e-02 7.147832076090251952e-02 7.404351042674712710e-03 8.716482046766721795e-03
1.168452860223445455e+01 3.544445284134137980e-02 5.343019985723199139e-02 7.419770047466183772e-03 8.773399895907465704e-03
1.184756588521578280e+01 1.994774066057830586e-02 5.467933217120021089e-02 7.458683813439976641e-03 8.862760240744015777e-03
1.201060316819711105e+01 3.399693484311434172e-02 7.236588928041695623e-02 7.522718177342514224e-03 8.987511996679881099e-03
1.217364045117843752e+01 3.360430260330007912e-02 7.048696275243002130e-02 7.614357098104110322e-03 9.151922105996090212e-03
1.233667773415976576e+01 3.230425712781598985e-02 6.657359931425309296e-02 7.737178313385190132e-03 9.361985142689654982e-03
1.249971501714109401e+01 2.857762488388202946e-02 7.392275074820472969e-02 7.896233842718571039e-03 9.626073282283580806e-03
1.266275230012242226e+01 3.753006529007087838e-02 8.365059372898438206e-02 8.098669731786217740e-03 9.955986407816537487e-03
1.282578958310375050e+01 4.184180467127680131e-02 1.005868499429902752e-01 8.354775012050945360e-03 1.036870490495382310e-02
1.298882686608507875e+01 5.875699613763153695e-02 1.274338186024122910e-01 8.679888876572471046e-03 1.088941724126107555e-02
1.315186414906640699e+01 7.019254951976969248e-02 1.573837996068695455e-01 9.098305643102530538e-03 1.155679366738434841e-02
1.331490143204773524e+01 6.567923724434490684e-02 1.744051630119608509e-01 9.652619848198214225e-03 1.243154260615063345e-02
1.347793871502906349e+01 1.066206044057439462e-01 2.123252212999157673e-01 1.042838099110470103e-02 1.360706168886622464e-02
1.364097599801039173e+01 1.425210797108159566e-01 3.290785209969052660e-01 1.161285029163996313e-02 1.521296166161459525e-02
1.380401328099171998e+01 2.326154549861411402e-01 4.301868232707048989e-01 1.358363112802071088e-02 1.739011549684270699e-02
1.396705056397304823e+01 4.075146686347035363e-01 6.397319331896311745e-01 1.690408431072795009e-02 2.021840072043988232e-02
1.413008784695437470e+01 8.069811285802143130e-01 9.599761959479997664e-01 2.204072864279088551e-02 2.361424049778213310e-02
1.429312512993570294e+01 1.542060086547402786e+00 1.382666305855544842e+00 2.891043391639108728e-02 2.725709882403730064e-02
1.445616241291703119e+01 2.665396328140891224e+00 1.868060046031501997e+00 3.659432472384341328e-02 3.060467776118126412e-02
1.461919969589835944e+01 3.899299269584406868e+00 2.133041405024798109e+00 4.343313641987299467e-02 3.301713629008760226e-02
1.478223697887968768e+01 4.654745720287368549e+00 2.298775154848025526e+00 4.756661205605072773e-02 3.395799211960067593e-02
1.494527426186101593e+01 4.888024122116539694e+00 2.114178035491157015e+00 4.773176875755173743e-02 3.319205708853069370e-02
1.510831154484234418e+01 4.024287747449882602e+00 1.848347773633651325e+00 4.387567959057334099e-02 3.088469713282250562e-02
1.527134882782367242e+01 2.705667141463873993e+00 1.383986244476406613e+00 3.718190620392984591e-02 2.754518210770509970e-02
1.543438611080500067e+01 1.540240290894340003e+00 9.816594723957459134e-01 2.949240950198296282e-02 2.383721571813567086e-02
1.559742339378632892e+01 8.337250909458471249e-01 6.612342327071878412e-01 2.250556701134616075e-02 2.035071699882470483e-02
1.576046067676765716e+01 4.306526904241957387e-01 4.369515537137895200e-01 1.720575446717002160e-02 1.744264591876971970e-02
1.592349795974898541e+01 2.224447442157824195e-01 2.827299909287845359e-01 1.373446055701262568e-02 1.520690530209204208e-02
1.608653524273031366e+01 1.665187728156190816e-01 2.081367140056368248e-01 1.165320300866336256e-02 1.355645462780126487e-02
1.624957252571164190e+01 1.226231194216347575e-01 1.585171167802984504e-01 1.039361385250645378e-02 1.234070657178536722e-02
1.641260980869297015e+01 5.909510781771987187e-02 1.514632332215639643e-01 9.560969963107377595e-03 1.142458014552071716e-02
1.657564709167429839e+01 5.977061802832224491e-02 1.399570710132050644e-01 8.955810586883701171e-03 1.071271143101341569e-02
1.673868437465562664e+01 5.069383599537806429e-02 1.010387712414318739e-01 8.486777893679908757e-03 1.014375886536390652e-02
1.690172165763695489e+01 3.718021855480509869e-02 7.306345617998306896e-02 8.108674036728531417e-03 9.678672989367793564e-03
1.706475894061828313e+01 3.944325123298124403e-02 8.823699669191964468e-02 7.795820953707269588e-03 9.291871160107840338e-03
1.722779622359961138e+01 3.318605985725286978e-02 4.635393565008614353e-02 7.531943826142502643e-03 8.965942673549142858e-03
1.739083350658093963e+01 4.710877765579003784e-02 5.656386525703379492e-02 7.305987615785442500e-03 8.688629224449635757e-03
1.755387078956226787e+01 2.695936535308290569e-02 5.924540108433526409e-02 7.110092804132812569e-03 8.451069941938635019e-03
1.771690807254359612e+01 3.092689021646625319e-02 3.589453585127416746e-02 6.938483196125813136e-03 8.246740388109409861e-03
1.787994535552492437e+01 1.974972204111460558e-02 3.704259433268850682e-02 6.786802009848122083e-03 8.070786396811151578e-03
1.804298263850625261e+01 2.968988853933572994e-02 4.692653764678349215e-02 6.651692636813665016e-03 7.919593764558467697e-03
1.820601992148758086e+01 1.854049183935462322e-02 3.856861599073255903e-02 6.530522589434479067e-03 7.790506061022562864e-03
1.836905720446890911e+01 1.643234469024797834e-02 4.172006457427287346e-02 6.421195593466613727e-03 7.681640484895104100e-03
1.853209448745023735e+01 2.305426335748982092e-02 3.097146062582248685e-02 6.322020129355291479e-03 7.591772750320251346e-03
1.869513177043156560e+01 1.832214162870082763e-02 4.068534626381960229e-02 6.231615310680954298e-03 7.520274633582751771e-03
1.885816905341289385e+01 1.463425108660550492e-02 3.038787914751808761e-02 6.148842138388984149e-03 7.467096217504644827e-03
1.902120633639422209e+01 1.464748526689062420e-02 3.001268542857907576e-02 6.072752407839804301e-03 7.432791427609142763e-03
1.918424361937555034e+01 8.631120845014019632e-03 3.423320567007682308e-02 6.002550147768696311e-03 7.418591843435274301e-03
1.934728090235687503e+01 -1.008730858126916097e-03 2.731418725236904946e-02 5.937562116216999093e-03 7.426541657314473729e-03
1.951031818533820328e+01 6.446087148754220397e-03 2.683176259531392174e-02 5.877214947005542957e-03 7.459718376223238058e-03
1.967335546831953152e+01 1.525986898858634061e-02 3.108696480627391387e-02 5.821017249913183408e-03 7.522583514758384576e-03
1.983639275130085977e+01 5.925948618899472796e-03 2.066881812784813338e-02 5.768545448564244699e-03 7.621543190204917509e-03
1.999943003428218802e+01 1.003644793320869824e-02 3.786304938119897101e-02 5.719432471799899484e-03 7.765867244072657133e-03
2.016246731726351626e+01 1.881550354618432772e-04 5.146042149797951104e-02 5.673358646984682715e-03 7.969254179668892879e-03
2.032550460024484451e+01 2.373180359799980516e-03 4.711237021233481009e-02 5.630044309310711440e-03 8.252611467094831538e-03
2.048854188322617276e+01 8.776879109641748389e-03 6.187321409725430460e-02 5.589243760642306769e-03 8.649119965223255740e-03
2.065157916620750100e+01 7.910571486028517701e-04 7.355858331534209649e-02 5.550740298718394826e-03 9.212921287739662610e-03
2.081461644918882925e+01 1.015304485261801434e-02 1.052590508238328004e-01 5.514342102013916613e-03 1.002956097127843081e-02
2.097765373217015750e+01 5.309876400539704534e-03 1.375569688928046652e-01 5.479878803714510402e-03 1.121131136781978316e-02
2.114069101515148574e+01 9.403978944939541881e-03 1.992984172225039652e-01 5.447198624574284970e-03 1.283764292166850174e-02
2.130372829813281399e+01 1.855731480967693411e-03 3.111793139766663718e-01 5.416165962070099496e-03 1.482573299524959747e-02
2.146676558111414224e+01 7.192754195935273202e-03 4.131009952045616718e-01 5.386659354493571888e-03 1.682295530245530440e-02
2.162980286409547048e+01 4.847170587013120008e-03 5.160246937518976340e-01 5.358569755060386269e-03 1.826997468565263322e-02
2.179284014707679873e+01 6.522632350310909183e-03 5.119121828694864762e-01 5.331799063949670126e-03 1.866350807101301718e-02
2.195587743005812698e+01 8.212999212955981315e-03 4.584210601111902150e-01 5.306258876285547058e-03 1.785260202578075467e-02
2.211891471303945522e+01 5.508767457735657888e-03 3.890618603633409500e-01 5.281869412085948498e-03 1.613364391434610190e-02
2.228195199602078347e+01 6.412512142287938796e-03 2.670352255132598107e-01 5.258558600615881665e-03 1.406374804779646388e-02
2.244498927900211172e+01 4.353595873279957063e-03 1.746373946962036516e-01 5.236261296762109545e-03 1.214878431800859616e-02
2.260802656198343996e+01 -5.701560423687687847e-03 1.071564859709281253e-01 5.214918611276055625e-03 1.064175790344894929e-02
2.277106384496476821e+01 6.771413591467956641e-03 8.327877877562632480e-02 5.194477340231495183e-03 9.552682167147589012e-03
2.293410112794609645e+01 -2.320571961836421278e-03 5.836658041738022884e-02 5.174889481987422421e-03 8.780155960389487979e-03
2.309713841092742470e+01 7.960562524161990741e-03 5.034689071570696423e-02 5.156111832475677483e-03 8.219301268758916201e-03
2.326017569390874939e+01 1.664342612662842585e-02 4.325161582986659925e-02 5.138105651865928006e-03 7.797032206905880197e-03
2.342321297689007764e+01 1.173268982965893457e-03 3.401866010169392329e-02 5.120836397701541975e-03 7.468119312840089397e-03
2.358625025987140589e+01 1.232369237781176562e-03 2.177435273807422356e-02 5.104273521545392260e-03 7.204679130646315238e-03
2.374928754285273413e+01 1.800724228052417086e-03 2.385156881622099018e-02 5.088390328121161245e-03 6.988875401796721190e-03
2.391232482583406238e+01 1.892842744128108139e-03 2.558306723612568598e-02 5.073163897986610743e-03 6.808804876304868844e-03
2.407536210881539063e+01 -6.505223583482169780e-03 1.922727039742500380e-02 5.058575077049536940e-03 6.656222256914229307e-03
2.423839939179671887e+01 -1.683839358426241287e-04 1.585195240602835579e-02 5.044608538880028178e-03 6.525236213989175568e-03
2.440143667477804712e+01 7.550431957777818670e-03 1.074509508921484523e-02 5.031252928970256569e-03 6.411527572042831705e-03
2.456447395775937537e+01 -4.475379874555839022e-03 1.150270988936236659e-02 5.018501104092264187e-03 6.311860795662655420e-03
2.472751124074070361e+01 -6.278976348733297796e-03 1.363490008257918149e-02 5.006350485041484097e-03 6.223767704340620391e-03
2.489054852372203186e+01 -1.577803562530599810e-03 1.357108220042199838e-02 4.994803547797225032e-03 6.145336426498029109e-03
2.505358580670336011e+01 4.711046456930897616e-03 9.930716264354112408e-03 4.983868487143433904e-03 6.075066937672799275e-03
2.521662308968468835e+01 5.516750154470510120e-03 6.517877332307523558e-03 4.973560099025368768e-03 6.011770040491910654e-03
2.537966037266601660e+01 3.695884342753424576e-03 2.530888231650017806e-02 4.963900944756400972e-03 5.954495486093813392e-03
2.554269765564734485e+01 2.196799771150438358e-03 5.491860417623069257e-03 4.954922883681565915e-03 5.902480163955575558e-03
2.570573493862867309e+01 -4.215577339320227164e-03 7.598279334384250641e-03 4.946669094118332811e-03 5.855110484365263351e-03
2.586877222161000134e+01 -1.511809384294546948e-04 2.776047211691006107e-03 4.939196749995657457e-03 5.811895101188579299e-03
2.603180950459132958e+01 5.140956863498289710e-04 1.008998983942560428e-02 4.932580589809614988e-03 5.772445453714043946e-03
2.619484678757265783e+01 -7.509836517634847081e-03 7.797347258424544396e-03 4.926917716644066414e-03 5.736462528855807569e-03
2.635788407055398608e+01 -3.180306547070406269e-03 1.272939249622192549e-02 4.922334121233569622e-03 5.703728937093066262e-03
2.652092135353531432e+01 -2.473298722062903035e-03 1.790999676024222775e-02 4.918993654096539062e-03 5.674105982359094712e-03
2.668395863651664257e+01 9.144298820770353081e-03 5.318715639319178227e-03 4.917110537418315289e-03 5.647535993651471402e-03
2.684699591949797082e+01 2.357815395592719257e-03 6.550750502342545314e-03 4.916967088190523846e-03 5.624050890045674544e-03
2.701003320247929906e+01 5.541476015934842896e-03 1.239997240740497303e-02 4.918939272652937331e-03 5.603788930960119062e-03
2.717307048546062731e+01 8.632824725804707881e-04 8.856783607572065592e-03 4.923534305979140706e-03 5.587023119383413734e-03
2.733610776844195556e+01 3.027460188976522412e-03 1.274379986782831625e-02 4.931447279585967486e-03 5.574207239211545831e-03
2.749914505142328380e+01 4.312515040922444091e-04 8.871602905088853824e-03 4.943648798029701488e-03 5.566049890619181699e-03
2.766218233440461205e+01 -5.972435725739458877e-03 4.296807140001164017e-03 4.961525068000134653e-03 5.563634861488041955e-03
2.782521961738594030e+01 1.199488053236169235e-02 -1.487369853642782000e-03 4.987110836286909842e-03 5.568621285117605034e-03
2.798825690036726854e+01 5.821077929038118159e-03 9.668966154226547524e-04 5.023496370026555961e-03 5.583586886942586841e-03
2.815129418334859679e+01 -8.946532756846916831e-04 4.416405902214749074e-03 5.075586048649062196e-03 5.612639016417533128e-03
2.831433146632992504e+01 -5.730620566322013228e-03 3.295257784536615581e-04 5.151644974699523712e-03 5.662547763000311783e-03
2.847736874931125328e+01 8.672337515569398386e-03 5.353916268984305546e-03 5.266913406387527599e-03 5.744916411509809820e-03
2.864040603229257798e+01 5.912098289787825860e-03 4.668326654989414688e-03 5.454133834972131264e-03 5.880222833681256027e-03
2.880344331527390622e+01 6.006350317104658214e-03 1.330527732950118405e-02 5.800740356774863535e-03 6.103255022112024156e-03
2.896648059825523447e+01 1.908104244279006101e-02 2.025897463123783188e-02 6.536772276812615086e-03 6.458620919129050633e-03
2.912951788123656272e+01 4.009202422918585473e-02 2.356225978355524359e-02 7.949217897322396684e-03 6.952730015565938143e-03
2.929255516421789096e+01 9.236378040840513559e-02 2.930671623289882524e-02 9.773177725401139410e-03 7.465032697067370757e-03
2.945559244719921921e+01 1.182337803560997991e-01 3.615897173952094257e-02 1.092487392800284632e-02 7.752909715279834163e-03
2.961862973018054745e+01 1.185004414018577257e-01 3.933980103458481481e-02 1.048988239374520903e-02 7.639682266149618040e-03
2.978166701316187570e+01 6.463284014990844373e-02 3.708031191194612053e-02 8.827941651143405427e-03 7.191065202341246146e-03
2.994470429614320395e+01 2.890073991700836328e-02 1.211749405287358694e-02 7.120263328762432148e-03 6.645234323489979458e-03
3.010774157912453219e+01 9.473543484852527119e-03 1.423981191987020584e-02 6.069117532757909578e-03 6.193559480045032761e-03
3.027077886210586044e+01 1.282741309875155312e-02 1.025445415008145560e-02 5.563397574218581845e-03 5.882647046347144401e-03
3.043381614508718869e+01 7.104635092030060425e-03 1.181968856925253927e-02 5.303936418790253758e-03 5.678467964100058010e-03
3.059685342806851693e+01 1.291775592884011632e-03 -2.035537752203599345e-03 5.146532712207881749e-03 5.540549077036694380e-03
3.075989071104984518e+01 3.948378620232109379e-03 9.772196337442640157e-03 5.040102975657388511e-03 5.442711760455518251e-03
3.092292799403117343e+01 1.733445251967097051e-03 1.538176080814430708e-03 4.963331275816352042e-03 5.369977879487792226e-03
3.108596527701250167e+01 -2.237258666088004846e-04 1.247636092435923209e-02 4.905406492709354395e-03 5.313687670539418359e-03
3.124900255999382992e+01 -5.028008985609271324e-04 4.903902838450004652e-03 4.860167747736291594e-03 5.268620374121738698e-03
3.141203984297515817e+01 -7.003737979032326894e-03 3.523108457528826079e-03 4.823835096897400969e-03 5.231489674852568550e-03
3.157507712595648641e+01 -6.711954859361934922e-04 1.683356983797862708e-02 4.793963998801432230e-03 5.200146035658720876e-03
3.173811440893781466e+01 -3.172445349978212075e-03 2.916024973722610922e-03 4.768908498826532685e-03 5.173135968012749532e-03
3.190115169191914291e+01 2.016989739821812601e-03 5.741538355566018492e-03 4.747523956065482012e-03 5.149447899034252998e-03
3.206418897490047470e+01 4.273374005082638226e-03 8.647578913818375519e-04 4.728992781706152504e-03 5.128359841358681379e-03
3.222722625788179585e+01 -5.639132029780209807e-04 5.685884880842482711e-03 4.712717596847887901e-03 5.109344903111634993e-03
3.239026354086313120e+01 5.510501138423318061e-03 2.254437354788545959e-03 4.698253283865408934e-03 5.092010880679431403e-03
3.255330082384445234e+01 -4.704754035045799823e-03 2.885404664208472345e-03 4.685262429536902508e-03 5.076060596179879196e-03
3.271633810682578769e+01 8.960964552934451779e-04 1.342722708025053183e-02 4.673485333819112769e-03 5.061265229914039751e-03
3.287937538980710883e+01 -2.905562650947490343e-03 6.198609576200256668e-04 4.662719360193962395e-03 5.047446004881006761e-03
3.304241267278844418e+01 3.920869213574046039e-03 4.149730499969642855e-03 4.652804432011123023e-03 5.034461364339539932e-03
3.320544995576976532e+01 4.545808053679638999e-03 -6.557975068949364189e-03 4.643612663798275982e-03 5.022197837901025419e-03
3.336848723875110068e+01 5.380868371087029617e-03 3.905428874095852841e-04 4.635040830176639232e-03 5.010563431521953583e-03
3.353152452173242182e+01 -1.053168926445760198e-02 2.254086919881333195e-05 4.627004816867971368e-03 4.999482774373160618e-03
3.369456180471375006e+01 4.383195461884056496e-03 8.855915993969072642e-03 4.619435478496781988e-03 4.988893508014206543e-03
3.385759908769507831e+01 5.362349930522809609e-03 7.076424756892900347e-03 4.612275509452286662e-03 4.978743566776315868e-03
3.402063637067640656e+01 3.809087761170027245e-03 2.722243048952869594e-03 4.605477053999273984e-03 4.968989106044175222e-03
3.418367365365773480e+01 2.607620857023847452e-03 -1.128405963834461755e-02 4.598999862432054907e-03 4.959592907386921323e-03
3.434671093663906305e+01 -6.405146406871508290e-03 8.114680686311452965e-03 4.592809855109271366e-03 4.950523138680490778e-03
3.450974821962039130e+01 1.982011706166516424e-03 -6.920138657990666450e-03 4.586877994346118953e-03 4.941752381331016020e-03
3.467278550260171954e+01 -6.803985377396913441e-04 3.998445319602867386e-03 4.581179390922205524e-03 4.933256860475809108e-03
3.483582278558304779e+01 -1.320814666263148834e-05 -7.481413478298101771e-03 4.575692591003911736e-03 4.925015830873896196e-03
3.499886006856437604e+01 -5.066623642668149734e-03 1.160861600342142762e-03 4.570399002973650135e-03 4.917011083261601384e-03
3.516189735154570428e+01 -1.028286775139245542e-03 -2.997802069987489694e-03 4.565282433612284467e-03 4.909226544686348150e-03
3.532493463452703253e+01 -3.826060525363615510e-03 3.592151691250735929e-03 4.560328710389124907e-03 4.901647952724956514e-03
3.548797191750836078e+01 -1.120811640050607119e-03 -1.034785066687967520e-02 4.555525372030118890e-03 4.894262588214983584e-03
3.565100920048968902e+01 -5.100492879907858254e-03 1.800620139977556411e-03 4.550861413584252578e-03 4.887059054647150541e-03
3.581404648347101727e+01 -5.471860307389355554e-04 3.965350771489308500e-03 4.546327075260945226e-03 4.880027095012244923e-03
3.597708376645234551e+01 -4.549256717318620954e-03 -6.802317682881487033e-04 4.541913666630607339e-03 4.873157438900150087e-03
3.614012104943367376e+01 2.189511061179925597e-03 4.683797017239569108e-03 4.537613419555847766e-03 4.866441674178739740e-03
3.630315833241500201e+01 -2.958950853440802525e-03 3.674782581890701123e-03 4.533419364589169089e-03 4.859872138756890850e-03
3.646619561539633025e+01 4.920316381465030670e-04 -6.350286379454056843e-03 4.529325226634700434e-03 4.853441828846703950e-03
3.662923289837765850e+01 1.821510515564865682e-03 2.026231045356504008e-03 4.525325336500511664e-03 4.847144320849784520e-03
3.679227018135898675e+01 8.022686023065088911e-04 1.628455564387791500e-03 4.521414555619218678e-03 4.840973704548930633e-03
3.695530746434031499e+01 3.857175287928866526e-03 2.258352871865274350e-03 4.517588211729025270e-03 4.834924525725479635e-03
3.711834474732164324e+01 -2.042631929286751764e-03 1.609382931439807358e-03 4.513842043715919454e-03 4.828991736670704832e-03
3.728138203030297149e+01 -4.614664923732338109e-03 7.115179375562235078e-03 4.510172154144020257e-03 4.823170653337273059e-03
3.744441931328429973e+01 9.744476956351905399e-04 -4.957367733329792574e-03 4.506574968262856348e-03 4.817456918099297450e-03
