# [3.08586736 3.08586736 1.31629704], [3.29541835 3.29541835 0.45024599], [2.45174441 2.45174441 3.00329093]
5.000000000000000000e+00 3.517454567706260887e-02 3.574073572845942737e-02 3.449351703368200989e-02 7.136064039295665629e-02 7.337924555765146239e-02 6.986635150231348956e-02
5.108509763589579755e+00 3.762357089588522219e-02 3.821082927709043564e-02 3.685000490531643857e-02 7.598466271680884287e-02 7.818132585689303859e-02 7.428562013961229060e-02
5.217019527179159510e+00 4.047912501675429708e-02 4.109571047458492749e-02 3.959731453012223235e-02 8.153321835318155797e-02 8.394568862506568419e-02 7.960567873465454469e-02
5.325529290768738377e+00 4.382629556953335920e-02 4.448251214258351627e-02 4.281631089530491679e-02 8.823403596119859527e-02 9.091022889689456821e-02 8.605082243774075934e-02
5.434039054358318133e+00 4.777727415214520768e-02 4.848634720981863377e-02 4.661336761223330849e-02 9.640079099513604310e-02 9.940279216237621340e-02 9.393083201055489606e-02
5.542548817947897888e+00 5.248354151853637517e-02 5.326301174691897011e-02 5.113164893508443526e-02 1.064708715215833129e-01 1.098809650046507769e-01 1.036777953824604415e-01
5.651058581537477643e+00 5.815624910466139774e-02 5.903032972617107410e-02 5.656983913975800748e-02 1.190575802664795846e-01 1.229873925862083606e-01 1.158956466760862197e-01
5.759568345127057398e+00 6.510238830923670283e-02 6.610619517460311623e-02 6.321513414667789821e-02 1.350173864391456535e-01 1.396216005947288619e-01 1.314213833943674858e-01
5.868078108716637153e+00 7.379215033141588165e-02 7.497963546178133820e-02 7.150434334491469202e-02 1.555277031035653401e-01 1.610239227600006873e-01 1.513912838850890452e-01
5.976587872306216909e+00 8.498743273937274523e-02 8.644651500299288527e-02 8.214019531110706984e-02 1.821622608112299091e-01 1.888580153443266962e-01 1.772973793726611569e-01
6.085097635895795776e+00 9.998520466838652088e-02 1.018661684108559812e-01 9.631195745589113399e-02 2.169411199520875078e-01 2.252670249085744758e-01 2.110115574792175708e-01
6.193607399485375531e+00 1.210603622424549497e-01 1.236266180402962461e-01 1.160991229490845877e-01 2.623251119433633316e-01 2.728692304024512572e-01 2.547521466626602171e-01
6.302117163074955286e+00 1.522157044179021090e-01 1.559274145162043990e-01 1.451615447260830583e-01 3.211260087624407955e-01 3.346585049793783240e-01 3.109762244776134721e-01
6.410626926664535041e+00 2.003226500040353741e-01 2.059588709935940287e-01 1.898041806673661236e-01 3.963173795473408090e-01 4.137879185896322642e-01 3.822010449912988106e-01
6.519136690254114797e+00 2.765992657910839592e-01 2.854062498925244995e-01 2.603879201564559542e-01 4.907519585654082084e-01 5.132379517260070578e-01 4.707802530285096210e-01
6.627646453843693664e+00 3.980547468612582462e-01 4.118715191560174960e-01 3.727718250670113420e-01 6.068041735750235866e-01 6.353900323659017468e-01 5.786646835143179901e-01
6.736156217433273419e+00 5.880360833179943958e-01 6.092980881084116840e-01 5.490075414164408141e-01 7.459441581170914715e-01 7.815238513368458761e-01 7.071445632735124942e-01
6.844665981022853174e+00 8.745249158682352197e-01 9.060070816989107545e-01 8.160150855468707443e-01 9.082125406488225083e-01 9.512307447398434812e-01 8.565048389394304129e-01
6.953175744612432929e+00 1.284764480544508647e+00 1.328942122476193255e+00 1.200828276549036788e+00 1.091539044357007882e+00 1.141715976911887864e+00 1.025474925876529886e+00
7.061685508202012684e+00 1.835663502818497106e+00 1.893688794779604390e+00 1.721712141924918615e+00 1.290895233964559186e+00 1.347007566469786699e+00 1.210395184542832014e+00
7.170195271791591551e+00 2.521453038947357506e+00 2.591968182918646502e+00 2.376303556237998382e+00 1.497435997222116288e+00 1.557238478210805299e+00 1.404207915413643093e+00
7.278705035381172195e+00 3.302714131936820507e+00 3.380966026418171566e+00 3.130484623098997332e+00 1.698024565665708696e+00 1.758382537120376954e+00 1.595668692776858855e+00
7.387214798970751062e+00 4.102673820607902755e+00 4.180497235674063283e+00 3.913624435198359564e+00 1.875700898244179404e+00 1.932957870706010439e+00 1.769399717507860181e+00
7.495724562560330817e+00 4.815809830704640859e+00 4.882854807974841727e+00 4.625369529483760900e+00 2.011548558112018714e+00 2.062082769963146323e+00 1.907353283757124984e+00
7.604234326149910572e+00 5.329550103856216303e+00 5.375635048391560922e+00 5.155396979987048489e+00 2.087950074664227440e+00 2.128801107397686909e+00 1.991805635567445165e+00
7.712744089739489439e+00 5.553586466174490255e+00 5.571468431539953414e+00 5.411538744643001664e+00 2.092535414269882210e+00 2.121937134145250869e+00 2.009284842698596751e+00
7.821253853329070083e+00 5.446356323004319933e+00 5.433867021034131994e+00 5.346507554535175011e+00 2.021576002640474101e+00 2.039241659271093798e+00 1.954208514480995307e+00
7.929763616918648950e+00 5.027920929475810041e+00 4.988578943969645074e+00 4.972479356379422732e+00 1.881527252041554688e+00 1.888602185985288173e+00 1.830864318961890502e+00
8.038273380508229593e+00 4.373700087213697074e+00 4.315544532447893822e+00 4.357288214463981291e+00 1.688002240113416708e+00 1.686706046162546491e+00 1.652875105225930952e+00
8.146783144097808460e+00 3.591779715532570805e+00 3.524942764866121347e+00 3.603884611754261780e+00 1.462427445978345952e+00 1.455506442709622483e+00 1.440244201138103808e+00
8.255292907687387327e+00 2.793270492991571707e+00 2.727290312090361102e+00 2.821693949434550763e+00 1.227505201244096789e+00 1.217665164618725315e+00 1.214999327266038653e+00
8.363802671276967970e+00 2.066932714292762707e+00 2.008770982486002499e+00 2.100888114607392776e+00 1.002957423920096236e+00 9.924281988114659336e-01 9.968908425636590076e-01
8.472312434866546837e+00 1.465671489561570340e+00 1.418933291000544106e+00 1.497610908826969567e+00 8.027305455058872941e-01 7.930441672241771434e-01 8.003876030534436969e-01
8.580822198456127481e+00 1.006268545050876373e+00 9.715427650569220530e-01 1.032248245584023838e+00 6.341290129256681452e-01 6.261088705987536418e-01 6.335424494759510639e-01
8.689331962045706348e+00 6.784610170482495706e-01 6.543133045874601761e-01 6.974453320195197481e-01 4.986091062388706141e-01 4.925060919356677447e-01 4.985545008545648749e-01
8.797841725635286991e+00 4.573973021216414803e-01 4.414774194493920056e-01 4.701287032251453835e-01 3.935230031083819524e-01 3.892132542451609556e-01 3.933709515648838306e-01
8.906351489224865858e+00 3.145198863463408712e-01 3.044143493627342045e-01 3.224754004501253490e-01 3.140498526375412047e-01 3.112228617173735667e-01 3.135699037843170389e-01
9.014861252814444725e+00 2.244660919771957752e-01 2.181693551911904061e-01 2.291583870284122082e-01 2.547773044612421933e-01 2.530748093396143483e-01 2.539607204605644486e-01
9.123371016404025369e+00 1.679402687573203212e-01 1.639995418596934262e-01 1.705842448151475843e-01 2.107125750914921603e-01 2.098093871504169983e-01 2.096449876535606549e-01
9.231880779993604236e+00 1.317981803586417422e-01 1.292615443525175489e-01 1.332368785686222634e-01 1.777539676387444589e-01 1.773913511288770783e-01 1.765405393709384985e-01
9.340390543583183103e+00 1.077955433181593120e-01 1.060838871655146315e-01 1.085571107301018107e-01 1.527805062678265491e-01 1.527695396820306639e-01 1.515113016983746508e-01
9.448900307172763746e+00 9.105670749576197376e-02 8.983491070985770433e-02 9.144875652505671249e-02 1.335350205924487055e-01 1.337456069594972763e-01 1.322749197229273754e-01
9.557410070762344390e+00 7.879509271732744458e-02 7.787380564437217101e-02 7.898855660367624931e-02 1.184340048395934458e-01 1.187799656206344617e-01 1.172244810109531743e-01
9.665919834351923257e+00 6.942923288990603126e-02 6.870097369403133092e-02 6.951714859539469271e-02 1.063813101204483663e-01 1.068068728442323201e-01 1.052461689081536228e-01
9.774429597941502124e+00 6.204283475528879488e-02 6.144460595906250239e-02 6.207615026469964770e-02 9.661771555850641457e-02 9.708719443791143100e-02 9.556891061347734528e-02
9.882939361531082767e+00 5.608146949749925891e-02 5.557437919471917842e-02 5.608893398636355387e-02 8.861165349451406714e-02 8.910229534008867747e-02 8.765381032802636863e-02
9.991449125120661634e+00 5.119071774671081487e-02 5.074928636109417301e-02 5.118932361619977361e-02 8.198458762589165560e-02 8.248188878624723719e-02 8.111809656158883164e-02
1.009995888871024050e+01 4.713143356556472041e-02 4.673801112268510805e-02 4.713177294660095967e-02 7.646170443611413625e-02 7.695643891054042285e-02 7.568468173197777371e-02
1.020846865229982114e+01 4.373479308253422349e-02 4.337656569279285668e-02 4.374383113560900704e-02 7.183970926459307127e-02 7.232606490309541336e-02 7.114918441465903354e-02
1.031697841588940179e+01 4.087745777994781365e-02 4.054475887472748508e-02 4.090002266420442179e-02 6.796571640916583557e-02 6.844012421266074120e-02 6.735833071240510117e-02
1.042548817947897888e+01 3.846705294562823008e-02 3.815235019491533541e-02 3.850668121182355963e-02 6.472322408124081550e-02 6.518361594945938642e-02 6.419563412304117589e-02
1.053399794306855952e+01 3.643316820400967215e-02 3.613041858813289403e-02 3.649261427509576522e-02 6.202262580563446676e-02 6.246795837209505320e-02 6.157173324213846555e-02
1.064250770665814017e+01 3.472149518283533520e-02 3.442571297756316651e-02 3.480305692642839122e-02 5.979466977646997333e-02 6.022461616508341387e-02 5.941775051975863031e-02
1.075101747024771903e+01 3.328986054054175470e-02 3.299681535968176233e-02 3.339559939334080241e-02 5.798587662313332142e-02 5.840062673468127130e-02 5.768065276824294735e-02
1.085952723383729790e+01 3.210546812948080614e-02 3.181146585982954494e-02 3.223736689746072720e-02 5.655529254685146695e-02 5.695542566217267483e-02 5.631997275752068099e-02
1.096803699742687854e+01 3.114294822550957992e-02 3.084466631416460727e-02 3.130303191964869253e-02 5.547217956290369928e-02 5.585858704224343219e-02 5.530548336059341180e-02
1.107654676101645741e+01 3.038296674665571379e-02 3.007732562157257317e-02 3.057340243468077354e-02 5.471438479614407213e-02 5.508822932436011066e-02 5.461556023162589951e-02
1.118505652460603628e+01 2.981123751629365451e-02 2.949529593323380744e-02 3.003442405358219824e-02 5.426722069351089944e-02 5.462992412959819660e-02 5.423606141771154798e-02
1.129356628819561692e+01 2.941783618374081699e-02 2.908870191063754954e-02 2.967649191567953149e-02 5.412274789956493526e-02 5.447600366736887745e-02 5.415961365177560105e-02
1.140207605178519756e+01 2.919675060381086637e-02 2.885150004927509657e-02 2.949400578359860636e-02 5.427939453509147971e-02 5.462520345761563700e-02 5.438523793640527570e-02
1.151058581537477643e+01 2.914562752189343159e-02 2.878122920595022061e-02 2.948512781661385279e-02 5.474187729450256945e-02 5.508260837738376131e-02 5.491827922481114926e-02
1.161909557896435530e+01 2.926569413813909573e-02 2.887893157069693420e-02 2.965172201647077108e-02 5.552141621222889817e-02 5.585989655776335550e-02 5.577063174710333859e-02
1.172760534255393594e+01 2.956184866211435461e-02 2.914923838177962967e-02 2.999947065407904470e-02 5.663625999398694960e-02 5.697590120283378690e-02 5.696127673579891304e-02
1.183611510614351481e+01 3.004292865492692866e-02 2.960062894148079299e-02 3.053817857752793088e-02 5.811256596355961895e-02 5.845753857607900728e-02 5.851717648865304572e-02
1.194462486973309367e+01 3.072218191026074297e-02 3.024588700091466326e-02 3.128229345693509661e-02 5.998571182810847474e-02 6.034118530618887838e-02 6.047460172789237420e-02
1.205313463332267432e+01 3.161798423641802580e-02 3.110279765904696084e-02 3.225169135627669464e-02 6.230216074283440042e-02 6.267463533608107207e-02 6.288101310571152236e-02
1.216164439691225496e+01 3.275487498346372345e-02 3.219515368787316534e-02 3.347280611298997927e-02 6.512206414207037664e-02 6.551983458670102012e-02 6.579767984397416614e-02
1.227015416050183205e+01 3.416501939698787793e-02 3.355417740023053375e-02 3.498022334887281731e-02 6.852288053134054924e-02 6.895669306835087997e-02 6.930331049953369904e-02
1.237866392409141270e+01 3.589026489039416623e-02 3.522052061349206786e-02 3.681892464137408866e-02 7.260443288436020659e-02 7.308843209200924229e-02 7.349911187609160790e-02
1.248717368768099334e+01 3.798505005524103334e-02 3.724709448410252338e-02 3.904747045480205792e-02 7.749605671024455134e-02 7.804917695671874378e-02 7.851591481565833863e-02
1.259568345127057221e+01 4.052057629159757507e-02 3.970312787956409989e-02 4.174258160196506889e-02 8.336686517598017321e-02 8.401492058426222875e-02 8.452436696992741971e-02
1.270419321486015107e+01 4.359091242942105676e-02 4.268010613630986161e-02 4.500587724596688544e-02 9.044078218040761674e-02 9.121967895813642979e-02 9.174979310181670400e-02
1.281270297844973172e+01 4.732217816447822911e-02 4.630070385826286911e-02 4.897407902071393426e-02 9.901904947129665235e-02 9.997983248017452973e-02 1.004943377744811212e-01
1.292121274203931058e+01 5.188688352740917359e-02 5.073272931054893103e-02 5.383508830750759894e-02 1.095146860311475845e-01 1.107315950934498333e-01 1.111707212279035989e-01
1.302972250562889123e+01 5.752747597351429154e-02 5.621201260922153303e-02 5.985470485392448137e-02 1.225062411601439277e-01 1.240896100006429054e-01 1.243547681713508268e-01
1.313823226921847009e+01 6.459762405594109136e-02 6.308251098998551853e-02 6.742415520906930304e-02 1.388223868337681299e-01 1.409388884685502108e-01 1.408682036152898165e-01
1.324674203280804896e+01 7.364022168331206541e-02 7.187204837073030150e-02 7.715117547690408806e-02 1.596738570278289915e-01 1.625765553398106911e-01 1.619088286307261149e-01
1.335525179639762960e+01 8.554482352626392727e-02 8.344516498104430358e-02 9.004547021481631996e-02 1.868519560435787930e-01 1.909200827866389116e-01 1.892497259613446503e-01
1.346376155998720847e+01 1.018760767222659375e-01 9.932215055015404526e-02 1.079053401151269659e-01 2.230054637672952700e-01 2.287857735343853394e-01 2.255253264214794606e-01
1.357227132357678911e+01 1.255480219250384999e-01 1.223347835220082308e-01 1.341022443295256938e-01 2.719759112539753554e-01 2.802009061122556766e-01 2.745949155064824065e-01
1.368078108716636798e+01 1.621149004463043053e-01 1.578835316008581624e-01 1.750486479071622081e-01 3.390976564832806073e-01 3.506322912393628477e-01 3.419019706733186781e-01
1.378929085075594863e+01 2.219440463033770239e-01 2.160576497189638512e-01 2.425803927501978263e-01 4.312488264111057346e-01 4.468989563524368713e-01 4.346163776697947734e-01
1.389780061434552749e+01 3.231715386673317814e-01 3.145249021484650132e-01 3.570010084211855395e-01 5.563062726868700514e-01 5.764359203105938745e-01 5.611810188507231345e-01
1.400631037793510636e+01 4.942985284302170990e-01 4.810779044841267393e-01 5.493300694998334288e-01 7.216100148328123964e-01 7.455905344088029629e-01 7.297869852140163038e-01
1.411482014152468700e+01 7.735995884512227860e-01 7.530690666714171533e-01 8.595591303729795962e-01 9.312265821256133780e-01 9.568806444134535516e-01 9.454547130898753871e-01
1.422332990511426587e+01 1.201227305705677484e+00 1.169697370377798640e+00 1.326754666455365772e+00 1.182322309430779317e+00 1.205667660745081138e+00 1.205968953087758422e+00
1.433183966870384651e+01 1.801217896604730306e+00 1.754399575526984556e+00 1.968990747747749293e+00 1.461735679112772024e+00 1.477357534999448552e+00 1.497857728584230719e+00
1.444034943229342538e+01 2.556413687553024339e+00 2.490303168889370866e+00 2.757811174320530689e+00 1.744501380023948611e+00 1.746686182490492234e+00 1.794482597458579409e+00
1.454885919588300425e+01 3.388114336031245788e+00 3.300339355372386763e+00 3.600695628594092756e+00 1.996062255652351070e+00 1.980440398871627927e+00 2.058373934121120907e+00
1.465736895947258489e+01 4.157454721955969212e+00 4.048695255848467234e+00 4.348451269449881806e+00 2.178803477315595760e+00 2.143881787455032661e+00 2.248627843453769870e+00
1.476587872306216376e+01 4.699129212551012458e+00 4.573977255650063967e+00 4.835304444293286430e+00 2.261556735773259330e+00 2.209441890799187735e+00 2.331727579730358269e+00
1.487438848665174440e+01 4.879404473207961779e+00 4.746072892742841276e+00 4.939312173720430188e+00 2.228810706721405577e+00 2.164747543422770093e+00 2.291840776706469018e+00
1.498289825024132327e+01 4.650936565171200243e+00 4.519658269133067563e+00 4.633108376213422197e+00 2.085797420376815037e+00 2.016705925448450287e+00 2.136106894312553628e+00
1.509140801383090391e+01 4.073420171836779957e+00 3.954020680866975113e+00 3.995857351812165170e+00 1.857079972884412955e+00 1.789728310859185489e+00 1.892396895645646948e+00
1.519991777742048278e+01 3.287649987474996038e+00 3.187241587871976201e+00 3.179213757499507853e+00 1.579149856193424295e+00 1.518684358775562293e+00 1.600540721570826053e+00
1.530842754101006165e+01 2.458538137085185316e+00 2.380243418968106539e+00 2.347480137048172821e+00 1.290216083289343008e+00 1.239484126299355893e+00 1.300965631572557291e+00
1.541693730459964229e+01 1.718858947684303029e+00 1.661932280692609565e+00 1.624451149550244056e+00 1.021274662378670817e+00 9.809507346769547054e-01 1.025345542676154187e+00
1.552544706818922116e+01 1.139421949199944661e+00 1.100456211836813525e+00 1.069561986386200925e+00 7.913249517801449473e-01 7.605407196843085860e-01 7.921254883669833768e-01
1.563395683177880180e+01 7.311209458826488650e-01 7.056274326462452784e-01 6.848648902255722870e-01 6.072521286490161208e-01 5.843539987741515063e-01 6.070622583055789168e-01
1.574246659536838067e+01 4.667268050688124226e-01 4.504287503354623690e-01 4.387033621531550298e-01 4.669161330282228239e-01 4.500801405694591639e-01 4.669045833107400845e-01
1.585097635895795953e+01 3.055643749211482407e-01 2.950934416270400984e-01 2.896649292047051572e-01 3.632832462296074483e-01 3.508835906425656903e-01 3.638349175568835747e-01
1.595948612254754018e+01 2.102965962586507975e-01 2.033394499383410770e-01 2.016174681698863214e-01 2.879179473587498150e-01 2.786731701172664444e-01 2.890034528677110082e-01
1.606799588613711904e+01 1.537323001705769021e-01 1.488550069606746351e-01 1.490346552994171458e-01 2.331233469212327658e-01 2.260992587509886298e-01 2.345674949132087184e-01
1.617650564972669969e+01 1.188294937341554808e-01 1.152039728529901247e-01 1.162376989608392419e-01 1.928180721391669072e-01 1.873651682811358354e-01 1.944420767003665895e-01
1.628501541331628033e+01 9.594275947195279874e-02 9.310734762598607550e-02 9.446134322644111903e-02 1.625978158259967499e-01 1.582747953918478834e-01 1.642700300447195172e-01
1.639352517690585742e+01 7.992920224833048592e-02 7.762529969976247890e-02 7.905297585378702474e-02 1.394301866946908997e-01 1.359382035733469885e-01 1.410696920657462383e-01
1.650203494049543806e+01 6.808850847913794357e-02 6.616504823354994735e-02 6.756123552580878266e-02 1.212747321900410902e-01 1.184091264819078643e-01 1.228386420250093258e-01
1.661054470408501516e+01 5.896224028311705667e-02 5.732505461683488207e-02 5.864871708061927813e-02 1.067609175764481361e-01 1.043786920156238585e-01 1.082304366277143243e-01
1.671905446767459580e+01 5.171365274446216437e-02 5.029992946663901232e-02 5.153782988922477049e-02 9.495634091314797409e-02 9.295518715298915768e-02 9.632641463061944465e-02
1.682756423126417644e+01 4.582703745319533645e-02 4.459243432399997292e-02 4.574316377300362974e-02 8.521330337343586969e-02 8.351827587836388456e-02 8.648610335288289819e-02
1.693607399485375709e+01 4.096336187765470954e-02 3.987521581798267323e-02 4.094232112450599259e-02 7.707110661275483332e-02 7.562611048073469844e-02 7.825228286869470584e-02
1.704458375844333773e+01 3.688825387928385685e-02 3.592174379609373164e-02 3.691072435194350104e-02 7.019440275078266123e-02 6.895665969966421893e-02 7.129104050410627058e-02
1.715309352203291482e+01 3.343352847269087658e-02 3.256934366291962257e-02 3.348629600192135763e-02 6.433391331649430944e-02 6.327027885885552760e-02 6.535346094026060759e-02
1.726160328562249546e+01 3.047503779598328272e-02 2.969787232271031696e-02 3.054886412874074225e-02 5.930089716832039060e-02 5.838534916909475514e-02 6.025062664964495052e-02
1.737011304921207255e+01 2.791907106368454045e-02 2.721660557097135488e-02 2.800739038500191930e-02 5.495015589721569810e-02 5.416204230334552977e-02 5.583691018540378609e-02
1.747862281280165320e+01 2.569357924842591984e-02 2.505576813444338261e-02 2.579166672338457575e-02 5.116844989634736218e-02 5.049124114953011666e-02 5.199854323271990708e-02
1.758713257639123384e+01 2.374229585875300627e-02 2.316085460469720358e-02 2.384671994816322041e-02 4.786642738184403861e-02 4.728681267911985509e-02 4.864562608477809164e-02
1.769564233998081448e+01 2.202068046670725698e-02 2.148870876589091539e-02 2.212893288553438934e-02 4.497289044395922503e-02 4.448011372027228794e-02 4.570643479861535158e-02
1.780415210357039513e+01 2.049305195967421681e-02 2.000475153230638070e-02 2.060329239445262556e-02 4.243065196019835811e-02 4.201601866409310909e-02 4.312329783527023286e-02
1.791266186715997222e+01 1.913052119208926913e-02 1.868098112125745128e-02 1.924139806679837222e-02 4.019349874716463683e-02 3.985000689914394018e-02 4.084956739724526081e-02
1.802117163074955286e+01 1.790947384217771859e-02 1.749450498996759501e-02 1.801999656676587722e-02 3.822393945569878271e-02 3.794600312929165276e-02 3.884736941547550781e-02
1.812968139433912995e+01 1.681043981493791223e-02 1.642644551219920798e-02 1.691988652974873303e-02 3.649151998469024605e-02 3.627476317445431364e-02 3.708591801062265797e-02
1.823819115792871060e+01 1.581723911675690653e-02 1.546111305769798556e-02 1.592508930385296353e-02 3.497155744996674476e-02 3.481266306263738897e-02 3.554024718775102010e-02
1.834670092151829124e+01 1.491632862780295325e-02 1.458537343668271126e-02 1.502221338960377413e-02 3.364418951243527967e-02 3.354079303979712323e-02 3.419025755194537997e-02
1.845521068510787188e+01 1.409629693847224037e-02 1.378815863058442323e-02 1.419996198643152380e-02 3.249366735407220597e-02 3.244428836869672761e-02 3.302000690668250443e-02
1.856372044869745253e+01 1.334746971416826862e-02 1.306008450892983015e-02 1.344874760396562452e-02 3.150784292389534336e-02 3.151185036073272244e-02 3.201719570921859187e-02
1.867223021228702962e+01 1.266159853217931758e-02 1.239314935968958281e-02 1.276038769363947722e-02 3.067781758057654129e-02 3.073542717562245674e-02 3.117281475343550504e-02
1.878073997587661026e+01 1.203161343050893062e-02 1.178049411363093005e-02 1.212786223600311776e-02 2.999773219112434816e-02 3.011003672325198582e-02 3.048093534668733923e-02
1.888924973946618735e+01 1.145142456325514216e-02 1.121621012777111563e-02 1.154511916298294437e-02 2.946468976170692894e-02 2.963372514783216283e-02 2.993863327834972096e-02
1.899775950305576799e+01 1.091576204791993958e-02 1.069518396286013584e-02 1.100691704232002917e-02 2.907881214653200083e-02 2.930766526393357996e-02 2.954604840597623711e-02
1.910626926664534864e+01 1.042004576512132671e-02 1.021297117783190496e-02 1.050869702849922989e-02 2.884344363924089272e-02 2.913641136329553002e-02 2.930659304830144848e-02
1.921477903023492928e+01 9.960278832024367299e-03 9.765693061565494659e-03 1.004647797720891085e-02 2.876552785525293351e-02 2.912834173244747624e-02 2.922733614174364419e-02
1.932328879382450992e+01 9.532959923138763919e-03 9.349951627903340876e-03 9.616770024816902185e-03 2.885620236776722039e-02 2.929634039102385970e-02 2.931960841744903068e-02
1.943179855741408701e+01 9.135010698257612152e-03 8.962759251235812366e-03 9.216502986453789861e-03 2.913168121400062233e-02 2.965879859678255751e-02 2.959989987987867582e-02
1.954030832100366410e+01 8.763715416912721407e-03 8.601480113453586693e-03 8.842966721487561382e-03 2.961453366760033803e-02 3.024106040349494248e-02 3.009115971004924089e-02
1.964881808459324475e+01 8.416670442419265513e-03 8.263781236985609513e-03 8.493761221199101416e-03 3.033552695637352012e-02 3.107750481301059173e-02 3.082466886942355350e-02
1.975732784818282539e+01 8.091741816953452321e-03 7.947591341902900466e-03 8.166754638937614649e-03 3.133629533871395284e-02 3.221456686417288606e-02 3.184275178316352262e-02
1.986583761177240604e+01 7.787029458740162176e-03 7.651066123070752144e-03 7.860047843172643031e-03 3.267325378879821357e-02 3.371518176484858409e-02 3.320275151019117660e-02
1.997434737536198668e+01 7.500836820035007221e-03 7.372558821923999757e-03 7.571944354429301603e-03 3.442343820053976600e-02 3.566544554610719120e-02 3.498296003138072485e-02
2.008285713895156732e+01 7.231645069847264344e-03 7.110595185663204365e-03 7.300924747100516303e-03 3.669341212490765530e-02 3.818482600170688274e-02 3.729165922431391944e-02
2.019136690254114441e+01 6.978091042880608420e-03 6.863852078672045588e-03 7.045624770714175970e-03 3.963319295348756433e-02 4.144221888517376357e-02 4.028125040537816615e-02
2.029987666613072150e+01 6.738948336908866070e-03 6.631139147326509803e-03 6.804816582989539446e-03 4.345860106165765763e-02 4.568185357344529962e-02 4.417091520927794723e-02
2.040838642972030215e+01 6.513111053003249606e-03 6.411383048093081266e-03 6.577392596949307307e-03 4.848794598057705463e-02 5.126596079078848955e-02 4.928377913158386858e-02
2.051689619330988279e+01 6.299579762950206947e-03 6.203613835959924730e-03 6.362351532543340620e-03 5.520284808853177794e-02 5.874539852824583325e-02 5.610844362719443618e-02
2.062540595689946343e+01 6.097449360633422875e-03 6.006953180450494596e-03 6.158786334343952125e-03 6.434723540663897512e-02 6.897331377686968801e-02 6.539895645550941605e-02
2.073391572048904408e+01 5.905898512783235715e-03 5.820604133299046336e-03 5.965873674475638544e-03 7.707728971671722051e-02 8.327231952768264500e-02 7.832585164389965771e-02
2.084242548407862117e+01 5.724180472171158662e-03 5.643842218083297557e-03 5.782864806821164973e-03 9.515154510578069380e-02 1.036318488725135739e-01 9.666689512608184209e-02
2.095093524766820181e+01 5.551615055264897888e-03 5.476007649859201791e-03 5.609077576864788216e-03 1.210749595077888346e-01 1.328177361235036991e-01 1.229501233972871699e-01
2.105944501125778245e+01 5.387581618295695686e-03 5.316498523808122975e-03 5.443889422986734547e-03 1.579656117054922260e-01 1.741138108605794765e-01 1.603161100821106910e-01
2.116795477484735954e+01 5.231512891989539317e-03 5.164764837409712393e-03 5.286731230944421815e-03 2.087637694843623992e-01 2.302877963861566790e-01 2.117181022673718938e-01
2.127646453843694019e+01 5.082889556956768189e-03 5.020303231740671189e-03 5.137081924721587436e-03 2.744766831687076025e-01 3.015509174387367985e-01 2.781546448099135316e-01
2.138497430202652083e+01 4.941235459776856763e-03 4.882652355000423501e-03 4.994463694734908692e-03 3.517394661243933296e-01 3.830277444410061238e-01 3.562194823625229878e-01
2.149348406561609792e+01 4.806113384841133665e-03 4.751388765942196439e-03 4.858437779229080739e-03 4.310110597567551327e-01 4.633418750999646618e-01 4.362935948465415659e-01
2.160199382920567857e+01 4.677121309573775698e-03 4.626123307073904713e-03 4.728600727103313660e-03 4.973777269627205344e-01 5.263140620001719450e-01 5.033559796209863269e-01
2.171050359279525921e+01 4.553889081181441978e-03 4.506497887714487789e-03 4.604581080827449720e-03 5.350077752004830378e-01 5.563363614367672350e-01 5.414579246264094037e-01
2.181901335638483985e+01 4.436075461940946693e-03 4.392182625593881069e-03 4.486036426874312477e-03 5.337112361103466540e-01 5.451325801764155266e-01 5.403125005440024831e-01
2.192752311997441694e+01 4.323365497511717608e-03 4.282873302949435045e-03 4.372650768501332511e-03 4.937867668997355519e-01 4.957633979397644830e-01 5.001745210889124715e-01
2.203603288356399759e+01 4.215468169090575735e-03 4.178289099226145491e-03 4.264132181990076993e-03 4.258736592527546660e-01 4.211158522878469257e-01 4.317145337024815288e-01
2.214454264715357823e+01 4.112114295603777614e-03 4.078170567720508510e-03 4.160210722786951074e-03 3.459131553678007620e-01 3.379385352426630407e-01 3.509753700099698670e-01
2.225305241074315532e+01 4.013054656712583892e-03 3.982277827970713904e-03 4.060636552537754546e-03 2.686155057003090096e-01 2.603491341993774411e-01 2.728049804616633489e-01
2.236156217433273596e+01 3.918058311324870702e-03 3.890388949516799220e-03 3.965178261901536674e-03 2.031850521494454331e-01 1.962928220331442153e-01 2.065349983384673904e-01
2.247007193792231661e+01 3.826911089663503733e-03 3.802298505937742185e-03 3.873621367371358863e-03 1.526967105035942629e-01 1.476842152840605604e-01 1.553234410845803493e-01
2.257858170151189725e+01 3.739414239832027868e-03 3.717816280905500339e-03 3.785766963209841619e-03 1.159817678116313311e-01 1.126628173473525757e-01 1.180328510983122831e-01
2.268709146510147434e+01 3.655383212314339183e-03 3.636766110452222065e-03 3.701430512099484690e-03 9.005427166586407739e-02 8.799831821680131894e-02 9.167000136514581732e-02
2.279560122869105498e+01 3.574646568009592820e-03 3.558984847787185785e-03 3.620440760273700275e-03 7.181474670038776043e-02 7.060661893671212053e-02 7.310954372179299943e-02
2.290411099228063563e+01 3.497044997289555125e-03 3.484321438876930750e-03 3.542638764786727734e-03 5.879647389879335412e-02 5.812662470405604437e-02 5.985572012234510741e-02
2.301262075587021272e+01 3.422430439217225701e-03 3.412636098659845626e-03 3.467877022243515475e-03 4.927561349049106726e-02 4.894000836659118808e-02 5.016016910073436280e-02
2.312113051945979336e+01 3.350665291521285043e-03 3.343799579243883491e-03 3.396018689782809210e-03 4.212045359539538791e-02 4.199216229196969102e-02 4.287306646300202001e-02
2.322964028304937401e+01 3.281621703213387017e-03 3.277692522766786909e-03 3.326936890420901030e-03 3.660221886068356495e-02 3.660368914189029294e-02 3.725309207474487849e-02
2.333815004663895110e+01 3.215180942893182143e-03 3.214204892812226513e-03 3.260514096049300838e-03 3.224788304589789462e-02 3.233148689774319184e-02 3.281872400803304002e-02
2.344665981022853174e+01 3.151232836834963642e-03 3.153235479400504429e-03 3.196641582463088677e-03 2.874353985761110217e-02 2.887955953719590144e-02 2.925028677329775603e-02
2.355516957381811238e+01 3.089675271912675596e-03 3.094691473634365777e-03 3.135218951801962278e-03 2.587514398799721851e-02 2.604469606483430719e-02 2.632975514013986829e-02
2.366367933740769303e+01 3.030413759318267147e-03 3.038488109104188137e-03 3.076153718735616036e-03 2.349275404548741009e-02 2.368364635952700456e-02 2.390438462236405340e-02
2.377218910099727012e+01 2.973361055882259209e-03 2.984548368167495684e-03 3.019360957641168634e-03 2.148871206731043856e-02 2.169298217001467549e-02 2.186450050660882286e-02
2.388069886458685076e+01 2.918436840635143907e-03 2.932802752241325198e-03 2.964763008925204359e-03 1.978401035192599300e-02 1.999642947648600649e-02 2.012961485084740348e-02
2.398920862817643140e+01 2.865567445074425085e-03 2.883189116310747035e-03 2.912289243559607142e-03 1.831953965056313388e-02 1.853668138193586765e-02 1.863951222182871556e-02
2.409771839176600849e+01 2.814685636446422404e-03 2.835652568994209959e-03 2.861875885854287330e-03 1.705032005311326107e-02 1.726996736964210577e-02 1.734837274424839981e-02
2.420622815535558914e+01 2.765730454239036674e-03 2.790145440752826115e-03 2.813465895509252492e-03 1.594160408985869845e-02 1.616236426139247909e-02 1.622080209248952937e-02
2.431473791894516978e+01 2.718647101038532393e-03 2.746627324229051342e-03 2.767008911106231313e-03 1.496618592180726584e-02 1.518723611703583394e-02 1.522909011256797125e-02
2.442324768253475042e+01 2.673386889962711416e-03 2.705065192302494662e-03 2.722461258455077891e-03 1.410250631943441545e-02 1.432342319115377516e-02 1.435128017576304399e-02
2.453175744612432752e+01 2.629907252083469021e-03 2.665433601320875076e-03 2.679786028649968222e-03 1.333329423870758222e-02 1.355393852948699046e-02 1.356978523720393792e-02
2.464026720971390816e+01 2.588171808641273088e-03 2.627714989182276632e-03 2.638953232373363478e-03 1.264457739950258092e-02 1.286501525241525584e-02 1.287037986383812206e-02
2.474877697330348880e+01 2.548150514492397798e-03 2.591900080611990020e-03 2.599940038985225441e-03 1.202495117138934963e-02 1.224540034962280123e-02 1.224145545721188472e-02
2.485728673689306589e+01 2.509819881191842090e-03 2.557988415222462071e-03 2.562731111343995605e-03 1.146503122817671243e-02 1.168582452626243211e-02 1.167346273080598421e-02
2.496579650048264654e+01 2.473163290497530989e-03 2.525989017934735480e-03 2.527319050243892473e-03 1.095703889013898043e-02 1.117859962262460205e-02 1.115848940076745628e-02
2.507430626407222718e+01 2.438171412009098107e-03 2.495921236290720401e-03 2.493704965974143789e-03 1.049448358399609517e-02 1.071730973027985520e-02 1.068993685301712279e-02
2.518281602766180782e+01 2.404842742289797254e-03 2.467815775381220541e-03 2.461899199011465325e-03 1.007191728815909175e-02 1.029657199404567826e-02 1.026227018504170634e-02
2.529132579125138491e+01 2.373184287376864463e-03 2.441715968929529610e-03 2.431922217512082988e-03 9.684742968228651425e-03 9.911849863158067944e-03 9.870823294164549414e-03
2.539983555484096556e+01 2.343212416347276433e-03 2.417679335002800509e-03 2.403805726424887435e-03 9.329063962248919720e-03 9.559306275820902629e-03 9.511645733769258024e-03
2.550834531843054620e+01 2.314953920951307639e-03 2.395779477541632764e-03 2.377594032171885183e-03 9.001564763181629097e-03 9.235687598368128720e-03 9.181381614817255010e-03
2.561685508202012329e+01 2.288447325766212494e-03 2.376108411305550422e-03 2.353345718567210684e-03 8.699416134887364913e-03 8.938231532383584740e-03 8.877173368404203332e-03
2.572536484560970393e+01 2.263744505550517074e-03 2.358779409159542702e-03 2.331135704829058637e-03 8.420199297514294190e-03 8.664593942648825264e-03 8.596585022005295493e-03
2.583387460919928458e+01 2.240912682446918273e-03 2.343930498566828158e-03 2.311057776353588229e-03 8.161845237386687602e-03 8.412790843811260300e-03 8.337540990432346436e-03
2.594238437278886167e+01 2.220036896703670402e-03 2.331728771053778911e-03 2.293227704987829511e-03 7.922586178186965741e-03 8.181152750867013226e-03 8.098277388330842388e-03
2.605089413637844231e+01 2.201223072497157131e-03 2.322375717563463296e-03 2.277787110121445250e-03 7.700916994056986389e-03 7.968289344361846258e-03 7.877303636233184622e-03
2.615940389996802296e+01 2.184601837831694204e-03 2.316113868668951293e-03 2.264908258200132654e-03 7.495564922190832945e-03 7.773062995766293060e-03 7.673372729710979494e-03
2.626791366355760360e+01 2.170333308057765913e-03 2.313235108234553122e-03 2.254800060780497335e-03 7.305466394729960566e-03 7.594570195171949055e-03 7.485459025073921968e-03
2.637642342714718069e+01 2.158613111608219826e-03 2.314091151927685601e-03 2.247715616524247409e-03 7.129750197497983916e-03 7.432130365881988235e-03 7.312742807543405957e-03
2.648493319073676133e+01 2.149680031867555637e-03 2.319106852112447041e-03 2.243961760076540381e-03 6.967726509607970013e-03 7.285281977985036926e-03 7.154601284575457833e-03
2.659344295432634198e+01 2.143825772138744246e-03 2.328797229055720210e-03 2.243911244620051555e-03 6.818881713797872966e-03 7.153786325899341020e-03 7.010606021726467803e-03
2.670195271791591907e+01 2.141407538655673137e-03 2.343789466607400489e-03 2.248018416033868878e-03 6.682879224368029440e-03 7.037639860102319275e-03 6.880527247385626738e-03
2.681046248150549971e+01 2.142864405677348452e-03 2.364851596840359099e-03 2.256839566888963790e-03 6.559566995644005791e-03 6.937096621874794949e-03 6.764345939975321270e-03
2.691897224509508035e+01 2.148738817358892238e-03 2.392930307595043330e-03 2.271059637163318386e-03 6.448992899013386917e-03 6.852703207898877720e-03 6.662275236227692410e-03
2.702748200868466100e+01 2.159705157010677074e-03 2.429201358282882719e-03 2.291527632785974895e-03 6.351429862366582239e-03 6.785349916897915647e-03 6.574793547605672396e-03
2.713599177227423809e+01 2.176608177703790066e-03 2.475137674539031486e-03 2.319304186504722153e-03 6.267413660202832831e-03 6.736343500876238594e-03 6.502692973677127661e-03
2.724450153586381873e+01 2.200515406366768470e-03 2.532602628052508121e-03 2.355726290047055211e-03 6.197797694903675082e-03 6.707509573307886795e-03 6.447148359756142179e-03
2.735301129945339937e+01 2.232789687285922399e-03 2.603979829469613410e-03 2.402496719705332715e-03 6.143831292554163825e-03 6.701336728473770467e-03 6.409814989199341152e-03
2.746152106304297646e+01 2.275191303353298403e-03 2.692356899095764335e-03 2.461809638266268963e-03 6.107271401592458127e-03 6.721180655846144963e-03 6.392966969531858369e-03
2.757003082663255711e+01 2.330024460055824583e-03 2.801790794862220497e-03 2.536530306028374898e-03 6.090542894751522010e-03 6.771556453859410747e-03 6.399694780914019256e-03
2.767854059022213775e+01 2.400351903302197585e-03 2.937699446338894876e-03 2.630457633092449666e-03 6.096971264005543630e-03 6.858563521309071244e-03 6.434190789822379596e-03
2.778705035381171484e+01 2.490317039386933089e-03 3.107454585522580887e-03 2.748716969034900072e-03 6.131125734778601101e-03 6.990514437123923619e-03 6.502168604158120244e-03
2.789556011740129549e+01 2.605641022172316187e-03 3.321305687110252466e-03 2.898363979211473779e-03 6.199335045685352465e-03 7.178885622640221800e-03 6.611491086225951448e-03
2.800406988099087613e+01 2.754415139735021372e-03 3.593870102142851779e-03 3.089343030737589160e-03 6.310480481494725423e-03 7.439789366861155641e-03 6.773132232766637846e-03
2.811257964458045677e+01 2.948413639957244304e-03 3.946637003770883147e-03 3.336066672925354706e-03 6.477246822895793045e-03 7.796314919028863796e-03 7.002688300293669239e-03
2.822108940817003386e+01 3.205373764656339192e-03 4.412393252488547128e-03 3.660140895885606680e-03 6.718151964732146063e-03 8.282360626974676066e-03 7.322818958743612314e-03
2.832959917175961451e+01 3.553199128454170852e-03 5.043572209497177924e-03 4.095346999549180113e-03 7.060937521087467215e-03 8.949090354540924219e-03 7.767307383883332444e-03
2.843810893534919515e+01 4.038350404261256861e-03 5.929452169999640219e-03 4.697472071172788428e-03 7.548382519862896836e-03 9.876064870355687197e-03 8.387994892229300170e-03
2.854661869893877224e+01 4.744526241645242656e-03 7.236070263699841305e-03 5.565851619763308514e-03 8.248390521945267798e-03 1.119048156278132714e-02 9.266794036160593689e-03
2.865512846252835288e+01 5.840136830964592386e-03 9.311678203283274211e-03 6.897175383131878834e-03 9.270999453370036211e-03 1.309873676393594373e-02 1.053604719724185804e-02
2.876363822611793353e+01 7.710457779942308208e-03 1.298109657982396414e-02 9.134174309834618144e-03 1.079354678891927127e-02 1.592906175379864286e-02 1.240932472228808460e-02
2.887214798970751417e+01 1.130434021553011065e-02 2.026827608390601929e-02 1.336210545616082872e-02 1.308402588848737481e-02 2.015651628707110926e-02 1.521283129409181471e-02
2.898065775329709126e+01 1.879708792925604416e-02 3.553152288201625458e-02 2.211063902026287956e-02 1.647900226237869470e-02 2.631482896350144721e-02 1.936901077937342591e-02
2.908916751688667190e+01 3.398786208618583687e-02 6.534519668922521285e-02 4.000149155560679681e-02 2.122437886041066146e-02 3.463755651408534364e-02 2.522231180517134699e-02
2.919767728047625255e+01 6.030158327165031223e-02 1.131907131607161332e-01 7.176648970700183483e-02 2.711329234195028817e-02 4.440460832501229999e-02 3.260886560287246105e-02
2.930618704406582964e+01 9.484716013587060623e-02 1.689576220286403141e-01 1.151917390505764471e-01 3.309387657639655672e-02 5.345935418953892682e-02 4.033700814930907957e-02
2.941469680765541028e+01 1.239377273634369447e-01 2.064218727873104453e-01 1.544422718458128285e-01 3.734980476441972924e-02 5.875429824986032334e-02 4.617879345518398349e-02
2.952320657124499093e+01 1.304773828944232605e-01 2.020837114288517311e-01 1.672002067009564497e-01 3.819675002913498069e-02 5.809886546283927339e-02 4.788828513851638158e-02
2.963171633483456802e+01 1.100778123337580738e-01 1.588509371291286498e-01 1.449812649424505884e-01 3.524421900087124776e-02 5.174941184512125980e-02 4.470913917011686695e-02
2.974022609842414866e+01 7.576841062592649945e-02 1.029035910520570002e-01 1.021765853333047452e-01 2.969417357471697619e-02 4.221252980304593394e-02 3.794900299867014215e-02
2.984873586201372930e+01 4.461369206819607719e-02 5.820954388857605549e-02 6.106761718351941953e-02 2.345425555183587932e-02 3.247446427832664795e-02 3.000506219814532555e-02
2.995724562560330995e+01 2.446341679911860287e-02 3.160261758174874591e-02 3.349345646820079542e-02 1.798889601926468435e-02 2.442036959632876494e-02 2.286579092278425221e-02
3.006575538919288704e+01 1.392239908877715947e-02 1.827947487493364331e-02 1.875151889487453385e-02 1.386144703250006063e-02 1.853670436615471873e-02 1.739115401428828478e-02
3.017426515278246768e+01 8.866702226285425037e-03 1.189177305650189302e-02 1.164490995135906114e-02 1.097998902113712927e-02 1.448939784907393724e-02 1.354247814734501308e-02
3.028277491637204832e+01 6.341461587798239395e-03 8.595842886490673643e-03 8.130775810903229789e-03 9.017671973322068449e-03 1.173845006111078060e-02 1.092052517911706183e-02
3.039128467996162541e+01 4.926046819545020286e-03 6.675886514238600286e-03 6.192092761882117893e-03 7.666111562042034200e-03 9.835002996778471201e-03 9.121906337135752413e-03
3.049979444355120606e+01 4.037143807577975828e-03 5.435667096807119542e-03 4.990945399034864283e-03 6.707594068719122289e-03 8.476864287091743361e-03 7.854381455388904226e-03
3.060830420714078670e+01 3.431486633816363194e-03 4.575436554053008767e-03 4.180611437875902080e-03 6.004255467752506008e-03 7.475435975570877446e-03 6.931028148874215575e-03
3.071681397073036734e+01 2.995215505868853607e-03 3.948712676033873901e-03 3.601343980038306490e-03 5.471127536126730792e-03 6.714282894606759568e-03 6.236413593725758341e-03
3.082532373431994444e+01 2.668017723628486517e-03 3.475201784780544180e-03 3.169683569174721206e-03 5.055196422444367330e-03 6.120137796745308070e-03 5.698647767584069483e-03
3.093383349790952508e+01 2.414838307845942628e-03 3.107101540642612843e-03 2.837598474693618818e-03 4.722458673620027504e-03 5.645520025853592930e-03 5.271769200762424848e-03
3.104234326149910572e+01 2.213918897398567832e-03 2.814217802901912424e-03 2.575488140029904248e-03 4.450417793479167702e-03 5.258701406955488579e-03 4.925477274161418548e-03
3.115085302508868281e+01 2.051077181867570591e-03 2.576602021725548763e-03 2.364164242145241554e-03 4.223743616660150316e-03 4.937865470666625081e-03 4.639193781451495316e-03
3.125936278867826346e+01 1.916706753055698320e-03 2.380594218906450458e-03 2.190686779797684173e-03 4.031706309826339416e-03 4.667621421393442112e-03 4.398560931416022578e-03
3.136787255226784410e+01 1.804093448567347215e-03 2.216560717478159147e-03 2.046044739841182576e-03 3.866615059583544158e-03 4.436861546998232576e-03 4.193317163505421233e-03
3.147638231585742474e+01 1.708419785860554232e-03 2.077536496742760259e-03 1.923792736234663419e-03 3.722839707416812551e-03 4.237405719574022407e-03 4.015970309637365877e-03
3.158489207944700183e+01 1.626150908355383133e-03 1.958377539217722851e-03 1.819214173424313092e-03 3.596180467281502157e-03 4.063120491854957730e-03 3.860945405891341112e-03
3.169340184303658248e+01 1.554642322070482006e-03 1.855213740972405266e-03 1.728788843744889043e-03 3.483451476357296312e-03 3.909332442477712194e-03 3.724023199442975506e-03
3.180191160662616312e+01 1.491881733216331640e-03 1.765085655941505544e-03 1.649843757082019918e-03 3.382199254162098281e-03 3.772428740182002041e-03 3.601961524745583235e-03
3.191042137021574021e+01 1.436314712891094197e-03 1.685697296516070268e-03 1.580318063897953595e-03 3.290508384608603794e-03 3.649579686061362686e-03 3.492234592380797070e-03
3.201893113380532441e+01 1.386724289673096043e-03 1.615244240443029257e-03 1.518601128896639087e-03 3.206864863066074146e-03 3.538542463081802494e-03 3.392850038929784949e-03
3.212744089739490505e+01 1.342146117488600236e-03 1.552291793355655607e-03 1.463418717402299859e-03 3.130058349154814668e-03 3.437520023442479627e-03 3.302218321281216468e-03
3.223595066098447859e+01 1.301807638363026596e-03 1.495687140756934855e-03 1.413751547259841160e-03 3.059111158877356358e-03 3.345058090687427332e-03 3.219058010990211247e-03
3.234446042457405923e+01 1.265083752567131622e-03 1.444495024507373195e-03 1.368776054162630261e-03 2.993225947452776790e-03 3.259968944579104844e-03 3.142326134147711142e-03
3.245297018816363988e+01 1.231464048647433343e-03 1.397949982928487411e-03 1.327820679601515643e-03 2.931746660601483936e-03 3.181274310803931197e-03 3.071166259229093660e-03
3.256147995175322052e+01 1.200528259731348159e-03 1.355420436196445476e-03 1.290333183739509129e-03 2.874129039859038386e-03 3.108162068217644024e-03 3.004869343375020981e-03
3.266998971534279406e+01 1.171927659940517289e-03 1.316381363635347459e-03 1.255855905261920495e-03 2.819918097987483396e-03 3.039953077730308054e-03 2.942843872248140577e-03
3.277849947893237470e+01 1.145370807707256052e-03 1.280393294412576245e-03 1.224006827357153196e-03 2.768730741279074644e-03 2.976075513378311117e-03 2.884592852686201653e-03
3.288700924252195534e+01 1.120612509298769604e-03 1.247085992987320181e-03 1.194464938529287605e-03 2.720242235299738780e-03 2.916044815133328038e-03 2.829695915838398301e-03
3.299551900611153599e+01 1.097445194959778200e-03 1.216145674249979056e-03 1.166958806742818657e-03 2.674175570774012245e-03 2.859447897364183165e-03 2.777795271679851796e-03
3.310402876970111663e+01 1.075692121580992073e-03 1.187304899564694356e-03 1.141257583202618048e-03 2.630293039169501971e-03 2.805930609489929329e-03 2.728584594535061851e-03
3.321253853329069727e+01 1.055201971634636216e-03 1.160334528377331099e-03 1.117163861248326139e-03 2.588389507243588680e-03 2.755187704073438961e-03 2.681800159639912209e-03
3.332104829688027792e+01 1.035844529133030968e-03 1.135037259855785092e-03 1.094507964632026372e-03 2.548287008995152054e-03 2.706954754249209227e-03 2.637213723351828753e-03
3.342955806046985856e+01 1.017507193374843875e-03 1.111242414618547961e-03 1.073143346529929678e-03 2.509830367319827987e-03 2.661001598442775447e-03 2.594626764849537488e-03
3.353806782405943920e+01 1.000092149532119928e-03 1.088801691101950976e-03 1.052942858548402581e-03 2.472883626543357933e-03 2.617126990505457169e-03 2.553865798956942053e-03
3.364657758764901985e+01 9.835140580263818794e-04 1.067585693493616067e-03 1.033795706248793718e-03 2.437327128028939430e-03 2.575154207808472758e-03 2.514778537648069794e-03
3.375508735123859339e+01 9.676981565085949468e-04 1.047481074636396736e-03 1.015604950207586038e-03 2.403055099184969561e-03 2.534927425613571483e-03 2.477230728498344518e-03
3.386359711482817403e+01 9.525786921417863078e-04 1.028388172238487884e-03 9.982854434418333978e-04 2.369973654934797846e-03 2.496308708178246547e-03 2.441103536523004866e-03
3.397210687841775467e+01 9.380976199359607887e-04 1.010219043194748260e-03 9.817621200490292670e-04 2.337999132535723609e-03 2.459175499141080974e-03 2.406291364812520109e-03
3.408061664200732821e+01 9.242035166347349531e-04 9.928958210364215078e-04 9.659685681889885805e-04 2.307056697335931224e-03 2.423418518344203163e-03 2.372700031522529101e-03
3.418912640559690885e+01 9.108506702045880568e-04 9.763493370733772932e-04 9.508458345493496239e-04 2.277079169928830551e-03 2.388939991258374074e-03 2.340245237829201123e-03
3.429763616918648950e+01 8.979983131316680595e-04 9.605179578339542203e-04 9.363414182567715962e-04 2.248006035149565426e-03 2.355652151954054120e-03 2.308851274680103101e-03
3.440614593277607014e+01 8.856099740743301856e-04 9.453466007940966673e-04 9.224084206066755689e-04 2.219782601154230567e-03 2.323475972122365438e-03 2.278449926483544930e-03
3.451465569636565078e+01 8.736529273854144913e-04 9.307858977504495550e-04 9.090048235635729557e-04 2.192359282946162221e-03 2.292340077747848873e-03 2.248979537974005096e-03
3.462316545995523143e+01 8.620977239290134519e-04 9.167914810015842910e-04 8.960928751616331839e-04 2.165690989551292966e-03 2.262179822235155409e-03 2.220384216881516378e-03
3.473167522354481207e+01 8.509177897139476353e-04 9.033233721111703658e-04 8.836385640330645698e-04 2.139736597887724294e-03 2.232936490521219598e-03 2.192613150105587622e-03
3.484018498713439271e+01 8.400890813327979451e-04 8.903454567040347935e-04 8.716111685530736255e-04 2.114458499443333528e-03 2.204556613287075514e-03 2.165620015142529636e-03
3.494869475072397336e+01 8.295897891697783964e-04 8.778250316942843960e-04 8.599828686989632615e-04 2.089822208338330822e-03 2.176991374066918148e-03 2.139362471761689297e-03
3.505720451431355400e+01 8.194000809290625728e-04 8.657324137199729104e-04 8.487284108182168840e-04 2.065796021335662789e-03 2.150196095026589947e-03 2.113801721542875149e-03
3.516571427790313464e+01 8.095018793188590595e-04 8.540405994815180582e-04 8.378248171945493683e-04 2.042350721971353863e-03 2.124129789597012548e-03 2.088902125005713366e-03
3.527422404149270818e+01 7.998786687687862952e-04 8.427249702442679482e-04 8.272511336755548764e-04 2.019459322286065815e-03 2.098754772114212394e-03 2.064630867784582931e-03
3.538273380508228882e+01 7.905153269079330048e-04 8.317630340420655109e-04 8.169882097458930088e-04 1.997096836709109837e-03 2.074036316226361958e-03 2.040957668709824421e-03
3.549124356867186947e+01 7.813979772268471588e-04 8.211342001651373429e-04 8.070185063467961474e-04 1.975240083523994213e-03 2.049942355149663928e-03 2.017854523809747228e-03
3.559975333226144301e+01 7.725138599187098692e-04 8.108195813769935884e-04 7.973259274959769265e-04 1.953867510067586882e-03 2.026443217944686771e-03 1.995295481197738134e-03
3.570826309585102365e+01 7.638512183670109583e-04 8.008018200167010998e-04 7.878956723833795963e-04 1.932959038412898449e-03 2.003511396886596425e-03 1.973256442593812783e-03
3.581677285944060429e+01 7.553991991380148031e-04 7.910649347330026568e-04 7.787141051326084687e-04 1.912495928781492854e-03 1.981121341751956779e-03 1.951714987880842026e-03
3.592528262303018494e+01 7.471477636612454398e-04 7.815941850877848726e-04 7.697686398452155410e-04 1.892460658344637808e-03 1.959249277469092988e-03 1.930650219637496459e-03
3.603379238661976558e+01 7.390876100522817283e-04 7.723759516763783854e-04 7.610476389013224111e-04 1.872836813417399528e-03 1.937873042101238190e-03 1.910042625042343003e-03
3.614230215020934622e+01 7.312101037589028782e-04 7.633976297555761063e-04 7.525403227880290546e-04 1.853608993339248175e-03 1.916971942569662465e-03 1.889873952922618882e-03
3.625081191379892687e+01 7.235072159020104320e-04 7.546475346587805735e-04 7.442366899770999850e-04 1.834762724577877063e-03 1.896526625892650583e-03 1.870127104039673652e-03
3.635932167738850751e+01 7.159714683430196732e-04 7.461148175208751933e-04 7.361274455838639087e-04 1.816284383798210051e-03 1.876518964027275738e-03 1.850786032971666077e-03
3.646783144097808815e+01 7.085958846447664187e-04 7.377893900409436415e-04 7.282039377168914073e-04 1.798161128811995302e-03 1.856931950664334613e-03 1.831835660181086421e-03
3.657634120456766880e+01 7.013739462075966853e-04 7.296618571851800879e-04 7.204581005784154888e-04 1.780380836470691133e-03 1.837749608550255393e-03 1.813261793047186120e-03
3.668485096815724233e+01 6.942995529596460635e-04 7.217234568804066237e-04 7.128824035030968979e-04 1.762932046689488471e-03 1.818956906100157190e-03 1.795051054807042350e-03
3.679336073174682298e+01 6.873669880631832650e-04 7.139660058747850481e-04 7.054698052314197550e-04 1.745803911897184481e-03 1.800539682228550001e-03 1.777190820488473494e-03
3.690187049533640362e+01 6.805708861696703298e-04 7.063818510501260542e-04 6.982137128067113794e-04 1.728986151297848446e-03 1.782484578463056730e-03 1.759669159037287193e-03
3.701038025892598426e+01 6.739062048166947951e-04 6.989638255625091248e-04 6.911079445641185939e-04 1.712469009408617649e-03 1.764778977525730767e-03 1.742474780943467812e-03
3.711889002251556491e+01 6.673681986119211779e-04 6.917052092671930165e-04 6.841466967479048738e-04 1.696243218405136264e-03 1.747410947668886962e-03 1.725596990758676303e-03
3.722739978610513845e+01 6.609523958938315217e-04 6.845996929520106961e-04 6.773245133519098992e-04 1.680299963864157441e-03 1.730369192140677982e-03 1.709025643972954256e-03
3.733590954969471909e+01 6.546545775975434267e-04 6.776413459622471170e-04 6.706362588284060355e-04 1.664630853542811142e-03 1.713643003231812975e-03 1.692751107783725673e-03
3.744441931328429973e+01 6.484707580872331283e-04 6.708245868508546815e-04 6.640770933540893293e-04 1.649227888877388432e-03 1.697222220420831510e-03 1.676764225346560932e-03
