# MSlice Cut of workspace "HYS_219483_4pixel_QE"
# Cut axis: DeltaE,-10.0,8.0,0.1
# Integration axis: |Q|,1.5,2.5,0.0
# (Energy Transfer (meV)) (Signal) (Error)
-1.000000000e+01 7.296464209e-05 5.548985095e-06
-9.899441341e+00 8.162429032e-05 4.777351134e-06
-9.798882682e+00 7.757696364e-05 8.019090712e-06
-9.698324022e+00 7.305066250e-05 4.497239330e-06
-9.597765363e+00 8.088168024e-05 8.542835439e-06
-9.497206704e+00 7.698346107e-05 5.735163855e-06
-9.396648045e+00 7.455615547e-05 4.636411276e-06
-9.296089385e+00 7.040532979e-05 7.698158032e-06
-9.195530726e+00 8.051938184e-05 4.831588315e-06
-9.094972067e+00 6.693016472e-05 7.545409594e-06
-8.994413408e+00 8.023067775e-05 5.896683003e-06
-8.893854749e+00 7.437959329e-05 4.640750665e-06
-8.793296089e+00 8.518504760e-05 8.782874292e-06
-8.692737430e+00 7.335079483e-05 4.654939474e-06
-8.592178771e+00 7.827891108e-05 8.453231284e-06
-8.491620112e+00 7.872364078e-05 5.967578415e-06
-8.391061453e+00 7.043969985e-05 4.568941453e-06
-8.290502793e+00 7.954315773e-05 8.764772532e-06
-8.189944134e+00 7.949680931e-05 4.854890146e-06
-8.089385475e+00 7.920278063e-05 8.352707221e-06
-7.988826816e+00 7.834576256e-05 5.999939079e-06
-7.888268156e+00 8.368068909e-05 4.922586683e-06
-7.787709497e+00 7.837721519e-05 8.279728357e-06
-7.687150838e+00 8.174583855e-05 5.849470053e-06
-7.586592179e+00 7.856737625e-05 6.088183910e-06
-7.486033520e+00 8.180144671e-05 5.924104977e-06
-7.385474860e+00 7.593354845e-05 4.774957086e-06
-7.284916201e+00 8.797494882e-05 8.848353925e-06
-7.184357542e+00 7.684689289e-05 5.979522941e-06
-7.083798883e+00 9.008933047e-05 6.290736349e-06
-6.983240223e+00 7.638627246e-05 5.979514539e-06
-6.882681564e+00 7.872271641e-05 5.095837720e-06
-6.782122905e+00 7.559307913e-05 8.398982267e-06
-6.681564246e+00 7.816533011e-05 6.176212544e-06
-6.581005587e+00 8.880362227e-05 6.451662860e-06
-6.480446927e+00 7.898136912e-05 6.134939615e-06
-6.379888268e+00 8.539920379e-05 6.242092716e-06
-6.279329609e+00 8.647597847e-05 6.327358556e-06
-6.178770950e+00 9.391604321e-05 6.795304151e-06
-6.078212291e+00 8.369950836e-05 6.155317780e-06
-5.977653631e+00 8.060231360e-05 6.292441098e-06
-5.877094972e+00 8.536262627e-05 6.398638740e-06
-5.776536313e+00 8.185259904e-05 6.380224535e-06
-5.675977654e+00 9.773430032e-05 6.815314933e-06
-5.575418994e+00 1.271599372e-04 7.765655481e-06
-5.474860335e+00 1.526851516e-04 8.426239509e-06
-5.374301676e+00 1.600681228e-04 8.519151704e-06
-5.273743017e+00 1.756131517e-04 8.966775356e-06
-5.173184358e+00 1.882130823e-04 9.330016969e-06
-5.072625698e+00 2.049547092e-04 9.781458234e-06
-4.972067039e+00 2.189416954e-04 1.004048191e-05
-4.871508380e+00 2.044695428e-04 9.642481578e-06
-4.770949721e+00 2.208798734e-04 1.008950842e-05
-4.670391061e+00 2.039429718e-04 9.867547703e-06
-4.569832402e+00 1.982831856e-04 9.511810247e-06
-4.469273743e+00 2.016751142e-04 9.738695437e-06
-4.368715084e+00 2.271129076e-04 1.017109742e-05
-4.268156425e+00 2.465971228e-04 1.072419590e-05
-4.167597765e+00 2.639481339e-04 1.102583233e-05
-4.067039106e+00 2.677594880e-04 1.118539792e-05
-3.966480447e+00 2.662302605e-04 1.108413859e-05
-3.865921788e+00 2.482142189e-04 1.073799536e-05
-3.765363128e+00 2.262933391e-04 1.023582229e-05
-3.664804469e+00 2.548144763e-04 1.111781334e-05
-3.564245810e+00 3.385627650e-04 1.253940959e-05
-3.463687151e+00 4.491387822e-04 1.451460030e-05
-3.363128492e+00 5.422109791e-04 1.580716155e-05
-3.262569832e+00 5.856821421e-04 1.661887984e-05
-3.162011173e+00 5.161063414e-04 1.563055342e-05
-3.061452514e+00 3.752782087e-04 1.316716798e-05
-2.960893855e+00 2.310984064e-04 1.052346112e-05
-2.860335196e+00 1.594653796e-04 8.750903132e-06
-2.759776536e+00 1.307012125e-04 8.251036485e-06
-2.659217877e+00 1.579117637e-04 9.058999108e-06
-2.558659218e+00 1.512769555e-04 8.936483942e-06
-2.458100559e+00 1.575387130e-04 8.941360973e-06
-2.357541899e+00 1.738849073e-04 9.243053961e-06
-2.256983240e+00 1.834132434e-04 9.727091734e-06
-2.156424581e+00 2.305947972e-04 1.072156523e-05
-2.055865922e+00 2.551702974e-04 1.127461251e-05
-1.955307263e+00 3.093048706e-04 1.242478839e-05
-1.854748603e+00 3.467450264e-04 1.303085915e-05
-1.754189944e+00 3.523941268e-04 1.313831187e-05
-1.653631285e+00 3.626856886e-04 1.344643216e-05
-1.553072626e+00 3.637654960e-04 1.344286720e-05
-1.452513966e+00 3.682049458e-04 1.341154868e-05
-1.351955307e+00 4.193387329e-04 1.436573556e-05
-1.251396648e+00 5.940657979e-04 1.696164575e-05
-1.150837989e+00 1.071143272e-03 2.266230286e-05
-1.050279330e+00 2.034685870e-03 3.112815746e-05
-9.497206704e-01 3.646820697e-03 4.151509434e-05
-8.491620112e-01 5.756250707e-03 5.224264891e-05
-7.486033520e-01 7.248763673e-03 5.861012103e-05
-6.480446927e-01 6.099267328e-03 5.403671435e-05
-5.474860335e-01 3.520327577e-03 4.104190947e-05
-4.469273743e-01 2.028677943e-03 3.128985728e-05
-3.463687151e-01 3.381605540e-03 4.044451419e-05
-2.458100559e-01 9.615820609e-03 6.789890455e-05
-1.452513966e-01 2.242985849e-02 1.037617854e-04
-4.469273743e-02 4.329331776e-02 1.441087621e-04
5.586592179e-02 7.577208431e-02 1.902046721e-04
1.564245810e-01 1.037863793e-01 2.228399423e-04
2.569832402e-01 7.753770348e-02 1.926674309e-04
3.575418994e-01 2.454384988e-02 1.084865692e-04
4.581005587e-01 5.734299278e-03 5.258320578e-05
5.586592179e-01 2.456025983e-03 3.467476562e-05
6.592178771e-01 2.303554891e-03 3.370277580e-05
7.597765363e-01 3.857639659e-03 4.384290958e-05
8.603351955e-01 6.970503280e-03 5.910218974e-05
9.608938547e-01 1.178515625e-02 7.705165155e-05
1.061452514e+00 1.508653396e-02 8.765154327e-05
1.162011173e+00 1.236387993e-02 7.970372824e-05
1.262569832e+00 5.557754309e-03 5.382350000e-05
1.363128492e+00 1.565929777e-03 2.898003665e-05
1.463687151e+00 7.007496195e-04 1.976572298e-05
1.564245810e+00 6.697935887e-04 1.949197459e-05
1.664804469e+00 8.225329039e-04 2.178432271e-05
1.765363128e+00 1.099476324e-03 2.498595530e-05
1.865921788e+00 1.200320526e-03 2.613416579e-05
1.966480447e+00 1.019456654e-03 2.428240323e-05
2.067039106e+00 1.033383729e-03 2.484164480e-05
2.167597765e+00 1.317306071e-03 2.788054193e-05
2.268156425e+00 1.242173728e-03 2.732484572e-05
2.368715084e+00 7.116521711e-04 2.105153656e-05
2.469273743e+00 5.281705388e-04 1.863063015e-05
2.569832402e+00 5.582028122e-04 1.940192802e-05
2.670391061e+00 6.230718303e-04 2.036527154e-05
2.770949721e+00 5.858452274e-04 1.964337567e-05
2.871508380e+00 5.218661603e-04 1.891153343e-05
2.972067039e+00 4.417139111e-04 1.766133086e-05
3.072625698e+00 4.107589013e-04 1.712907161e-05
3.173184358e+00 6.259708019e-04 2.088718625e-05
3.273743017e+00 1.317155074e-03 2.946307901e-05
3.374301676e+00 2.730974847e-03 4.231775212e-05
3.474860335e+00 5.214162772e-03 5.843986189e-05
3.575418994e+00 7.629714300e-03 7.087679887e-05
3.675977654e+00 7.545745873e-03 7.096711552e-05
3.776536313e+00 4.326020846e-03 5.447163157e-05
3.877094972e+00 1.735134205e-03 3.501900142e-05
3.977653631e+00 9.138351523e-04 2.633951447e-05
4.078212291e+00 1.232801960e-03 3.014592232e-05
4.178770950e+00 2.356443798e-03 4.138567768e-05
4.279329609e+00 4.494287461e-03 5.702814031e-05
4.379888268e+00 5.435863421e-03 6.287487377e-05
4.480446927e+00 3.856064617e-03 5.338804338e-05
4.581005587e+00 2.861381258e-03 4.653536303e-05
4.681564246e+00 3.861523264e-03 5.439846241e-05
4.782122905e+00 4.258921489e-03 5.721404393e-05
4.882681564e+00 3.005986083e-03 4.870495279e-05
4.983240223e+00 2.323438106e-03 4.348568386e-05
5.083798883e+00 3.659525207e-03 5.435125322e-05
5.184357542e+00 6.337262419e-03 7.134949111e-05
5.284916201e+00 7.999270990e-03 8.051829432e-05
5.385474860e+00 5.533053711e-03 6.779407112e-05
5.486033520e+00 3.782259502e-03 5.688822326e-05
5.586592179e+00 4.968771126e-03 6.498588674e-05
5.687150838e+00 6.082137346e-03 7.237454193e-05
5.787709497e+00 3.213052918e-03 5.354591202e-05
5.888268156e+00 9.812782196e-04 3.224065688e-05
5.988826816e+00 4.896043009e-04 2.545852952e-05
6.089385475e+00 3.661249085e-04 2.413697848e-05
6.189944134e+00 3.817881892e-04 2.494570371e-05
6.290502793e+00 3.615301939e-04 2.464166716e-05
6.391061453e+00 3.731550489e-04 2.463857555e-05
6.491620112e+00 3.108614835e-04 2.562683274e-05
6.592178771e+00 3.136669642e-04 2.527664982e-05
6.692737430e+00 2.846520582e-04 2.535783606e-05
6.793296089e+00 2.906864498e-04 2.566262808e-05
6.893854749e+00 2.525129424e-04 2.664771544e-05
6.994413408e+00 2.547468110e-04 2.768603602e-05
7.094972067e+00 2.340384016e-04 2.962390834e-05
7.195530726e+00 2.509134961e-04 3.068131833e-05
7.296089385e+00 2.083251435e-04 3.071978506e-05
7.396648045e+00 1.796570366e-04 3.248560654e-05
7.497206704e+00 2.594577733e-04 3.390591512e-05
7.597765363e+00 1.848842853e-04 3.570096927e-05
7.698324022e+00 2.283908017e-04 3.771922914e-05
7.798882682e+00 2.162047343e-04 4.123827093e-05
7.899441341e+00 1.552476259e-04 4.361059121e-05
8.000000000e+00 1.389620376e-04 4.654049220e-05
