1.050359712230215514e+01 3.863830464803205800e+00 2.716297786720325291e-01
1.146282973621102919e+01 3.984796066567268369e+00 2.867203219315896945e-01
1.251798561151078815e+01 5.705383379413166978e+00 2.565392354124771401e-01
1.347721822541966219e+01 7.275041134094735185e+00 2.716297786720325291e-01
1.443645083932853446e+01 9.116328667448332368e+00 3.470945577541986182e-01
1.549160671462829697e+01 1.065582946117954499e+01 4.225231484832239204e-01
1.645083932853717101e+01 1.098806266857740965e+01 3.923661875328718907e-01
1.750599520383692820e+01 1.198430390496455722e+01 3.319798889258809282e-01
1.846522781774580224e+01 1.002277453690970432e+01 2.414486921529181984e-01
1.952038369304555943e+01 8.513985592210334019e+00 2.867082591472076558e-01
2.047961630695443347e+01 6.673180570231941999e+00 3.018108651911468598e-01
2.143884892086330751e+01 4.892737721291776865e+00 2.716418414564127914e-01
2.249400479616306825e+01 3.172681170958604469e+00 2.414486921529164221e-01
2.354916067146282543e+01 2.116608524045954454e+00 2.716177158876522668e-01
2.450839328537169948e+01 -2.674560552765044008e-01 3.319919517102611906e-01
2.546762589928057352e+01 -1.163093669933275009e-01 3.319919517102611906e-01
2.652278177458033426e+01 -2.367683318134226056e-01 2.867203219315896945e-01
2.748201438848920475e+01 -8.703298930272289624e-01 2.414486921529146457e-01
2.853717026378896904e+01 -8.535626227388704024e-02 2.565271726280968778e-01
2.949640287769783953e+01 -6.283745639303468522e-01 2.263581488933610331e-01
3.055155875299760027e+01 -9.299200478651279411e-01 2.414245665841576738e-01
3.151079136690647431e+01 -1.449705426805465436e-01 3.319798889258862573e-01
3.256594724220623505e+01 -3.861538535771025238e-01 3.470583694010613840e-01
3.342925659472422240e+01 -1.444880313053396037e-01 2.112796684181823537e-01
3.448441247002397603e+01 6.682782546597820783e-03 1.961770623742467023e-01
3.544364508393285007e+01 4.294592495018072498e-01 1.509295581643286255e-01
3.649880095923261081e+01 -1.135349265858920376e-01 1.659839130707467802e-01
3.755395683453237154e+01 7.016197906865642153e-01 1.810623935459254596e-01
3.851318944844124559e+01 -1.130282896419281258e-01 1.961649995898646637e-01
3.947242206235011963e+01 1.286616581985917662e-01 1.659959758551288189e-01
4.043165467625898657e+01 3.401705195199973275e-01 1.811106446834500616e-01
4.148681055155875441e+01 7.931521985630780591e-01 2.112676056338074204e-01
4.249400479616306825e+01 4.463230220652469882e-01 1.810985818990644702e-01
4.350119904076738209e+01 -4.588562550362134118e-01 2.263581488933610331e-01
4.450839328537170303e+01 2.053809668562927016e-01 2.112676056338003150e-01
4.551558752997601687e+01 8.394371022296809315e-01 1.961770623742467023e-01
4.647482014388489091e+01 1.684748780452494543e+00 2.112676056338038677e-01
4.748201438848921185e+01 6.286640707554660423e-01 2.867082591472112085e-01
4.848920863309351859e+01 1.730527047175137056e+00 1.810865191146859843e-01
4.949640287769783953e+01 1.262973524600841557e+00 2.263460861089789944e-01
5.045563549160671357e+01 1.821564880892065474e+00 2.867323847159681804e-01
5.151079136690647431e+01 1.097484185689676650e+00 3.470704321854434227e-01
5.247002398081534835e+01 8.562767492243636980e-01 2.867203219315861418e-01
5.347721822541966930e+01 2.335403307132963846e+00 2.867203219315914708e-01
5.448441247002397603e+01 2.456380971681408454e+00 3.923541247484916283e-01
5.549160671462828986e+01 2.562268092970290567e+00 2.716297786720307528e-01
5.649880095923261081e+01 3.015237709228992813e+00 3.923541247484916283e-01
5.745803357314148485e+01 2.034593653045366324e+00 3.772635814889362393e-01
5.846522781774579869e+01 3.226999889022382106e+00 4.074567307924272797e-01
5.947242206235011963e+01 1.838923227615090639e+00 3.621730382293755213e-01
6.047961630695443347e+01 8.884723207349622953e-01 3.319919517102611906e-01
6.153477218225419421e+01 1.371635086297157358e+00 3.319798889258791519e-01
6.249400479616306825e+01 3.004477705561896528e-01 3.169014084507040252e-01
6.350119904076738919e+01 5.119686946619772527e-01 3.319798889258791519e-01
6.446043165467625613e+01 3.462139744944465747e-01 3.621730382293755213e-01
6.551558752997601687e+01 1.282093037843363703e+00 3.772515187045577534e-01
6.647482014388489802e+01 5.127165872935428581e-01 3.319919517102611906e-01
6.748201438848920475e+01 5.280604490250873084e-01 3.169014084507040252e-01
6.848920863309351148e+01 1.961915377155014184e+00 3.621730382293772976e-01
6.949640287769784663e+01 1.298184792206473759e+00 3.319798889258898100e-01
7.045563549160672778e+01 7.249854040308960634e-01 3.018108651911468598e-01
7.146282973621103451e+01 1.313769909625616350e+00 3.169014084507040252e-01
7.247002398081534125e+01 -1.799405545985770516e-01 2.716297786720325291e-01
7.347721822541967640e+01 7.710169892255223090e-01 3.018108651911433071e-01
7.448441247002398313e+01 2.732823801321089263e-01 2.867203219315932472e-01
7.549160671462828986e+01 1.103515577879747411e+00 3.169014084507040252e-01
7.645083932853717101e+01 1.239571722903367146e+00 3.168893456663219865e-01
7.750599520383693175e+01 2.084907526694937729e+00 3.169014084507075779e-01
7.846522781774581290e+01 3.382935502704473407e+00 4.074567307924290560e-01
7.947242206235011963e+01 5.299687815140240232e+00 4.225352112676041827e-01
8.047961630695442636e+01 7.276802300614235719e+00 4.828973843058346205e-01
8.148681055155873310e+01 9.465184391722031521e+00 5.583501006036204473e-01
8.244604316546764267e+01 9.284339128294947230e+00 5.432716201284453206e-01
8.345323741007194940e+01 8.741332889422864127e+00 5.281690140845061165e-01
8.446043165467625613e+01 5.814020815540724030e+00 4.678068410462774551e-01
8.546762589928056286e+01 3.656326447896006471e+00 3.621730382293755213e-01
8.642685851318944401e+01 1.317533498352222665e+00 3.169134712350860639e-01
8.748201438848920475e+01 1.408342139165931428e+00 3.319919517102611906e-01
8.848920863309351148e+01 9.407886165916359289e-01 3.169014084507004725e-01
8.944844124700239263e+01 9.863015020579091185e-01 3.169014084507040252e-01
9.050359712230215337e+01 1.077110142871617882e+00 3.169014084507004725e-01
9.146282973621103451e+01 7.302689035893976666e-01 3.169014084507040252e-01
9.247002398081534125e+01 1.711407533932607805e+00 3.470824949698236850e-01
9.347721822541964798e+01 1.500393246770787670e+00 3.018108651911468598e-01
9.448441247002398313e+01 1.696823627617018104e+00 3.018108651911486362e-01
9.544364508393283586e+01 2.119600094572225757e+00 3.169014084507040252e-01
9.640287769784171701e+01 3.960887627925826493e+00 3.923661875328701143e-01
9.745803357314147775e+01 4.489322023266694828e+00 4.074446680080470173e-01
9.846522781774581290e+01 6.164625643549543454e+00 4.678068410462792315e-01
9.947242206235011963e+01 6.632685803067806418e+00 4.828973843058346205e-01
1.004796163069544264e+02 6.119860650714837647e+00 4.527162977867202898e-01
1.014868105515587331e+02 5.727759844438329750e+00 4.678068410462774551e-01
1.024460431654676427e+02 4.566029269140017277e+00 4.074567307924272797e-01
1.035011990407674034e+02 2.906334891845073543e+00 3.470824949698183559e-01
1.044604316546762561e+02 1.925690835661448830e+00 3.169014084507058016e-01
1.054676258992805629e+02 1.548680572644499875e+00 2.867203219315896945e-01
1.064748201438848980e+02 1.865835299567184080e+00 3.470824949698183559e-01
1.074340527577937507e+02 1.352998084429842152e+00 3.018229279755253458e-01
1.084892086330935399e+02 1.655074330877351230e+00 3.017988024067630448e-01
1.094484412470023926e+02 1.594953413526720709e+00 3.319919517102611906e-01
1.105035971223021249e+02 1.851758030195558291e+00 3.168893456663255392e-01
1.114628297362110061e+02 2.349987213448555323e+00 3.621730382293772976e-01
1.124700239808153412e+02 2.999133892081502495e+00 4.074326052236703077e-01
1.134772182254196764e+02 4.991338920815055147e+00 4.527162977867220661e-01
1.144364508393285291e+02 5.565020820365836229e+00 4.829094470902166591e-01
1.154436450839328359e+02 4.705113173043052655e+00 4.828973843058346205e-01
1.164508393285371426e+02 2.834139127329926566e+00 3.621851010137540072e-01
1.174580335731414777e+02 1.415881379403518991e+00 2.716297786720325291e-01
1.184652278177457845e+02 8.879656837909948308e-01 2.565392354124718111e-01
1.194724220623501481e+02 4.656837909953743804e-01 2.263460861089789944e-01
1.204796163069544548e+02 4.357560229482366765e-01 2.112676056338038677e-01
1.214388489208633359e+02 3.907256488571704267e-01 1.961891251586251883e-01
1.224940047961630682e+02 2.099045109988466606e-01 2.263581488933574803e-01
1.234532374100719494e+02 6.779526077327240330e-01 2.112676056338038677e-01
1.244604316546762561e+02 3.914856042731180708e-01 2.414486921529146457e-01
1.254676258992805913e+02 3.313767497068731416e-01 2.112676056338038677e-01
1.264748201438848980e+02 1.354530058046101715e-01 1.961770623742467023e-01
1.274340527577937792e+02 -3.170220362945066483e-01 2.414486921529181984e-01
1.284412470023980859e+02 3.773962721171137957e-01 1.961891251586251883e-01
1.294484412470024211e+02 7.247320855589158839e-01 2.112676056338038677e-01
1.304556354916066994e+02 4.684461686184242524e-01 2.414486921529146457e-01
1.314628297362110061e+02 2.423413381970469516e-01 2.414486921529181984e-01
1.324700239808153128e+02 5.142244353410596602e-01 2.112555428494218290e-01
1.334772182254196764e+02 6.176145602632487908e-02 2.414486921529181984e-01
1.344364508393285291e+02 2.581797740881768277e-01 2.414486921529110930e-01
1.354916067146282899e+02 3.338978716423213200e-01 2.112555428494253817e-01
1.364508393285371710e+02 -1.034866271972347818e-01 1.810865191146859843e-01
1.374580335731414777e+02 -4.654063469546336762e-01 2.565271726280968778e-01
1.384652278177458129e+02 2.893741344952154293e-01 2.867203219315932472e-01
1.394724220623500912e+02 1.044154615945068088e+00 2.867323847159681804e-01
