# Ce3+ 10 200
5.000000000000000000e+00 8.411446028151146892e-02 7.072722202691447690e-02 9.559007976950181784e-03 9.853084985750342265e-03
6.102963430111559617e+00 2.440022891843244418e-02 5.388955643400351880e-02 8.207080892704124442e-03 8.859497170525613627e-03
7.205926860223119235e+00 3.059515176666566597e-02 4.244332641551507024e-02 7.117918293354653925e-03 8.003987589138485126e-03
8.308890290334678852e+00 1.323828161178598577e-02 2.422605388543027163e-02 6.327722040879120435e-03 7.320359060688539504e-03
9.411853720446238469e+00 8.153819332735673733e-04 1.408742837497434924e-02 5.803377226940763245e-03 6.801390247988400688e-03
1.051481715055779809e+01 2.634933587084892746e-03 1.807823289836973935e-02 5.472942045062645193e-03 6.416493440022251818e-03
1.161778058066935770e+01 1.001566454201898576e-02 9.628475168862522110e-03 5.262276576656108040e-03 6.129758393548894770e-03
1.272074401078091732e+01 6.919661325467316854e-03 1.001118343311612098e-02 5.118602108479486552e-03 5.911041344094355998e-03
1.382370744089247694e+01 8.436484043079709241e-03 5.643097421527329231e-03 5.012391035703072165e-03 5.739048447376429371e-03
1.492667087100403656e+01 4.732534821332639533e-04 9.683522984876190981e-03 4.928907152080659430e-03 5.599917271522696950e-03
1.602963430111559617e+01 4.700474903654932625e-03 9.406945858886744602e-03 4.860707740225814373e-03 5.484771675361144877e-03
1.713259773122715757e+01 -1.557462256813652284e-03 5.400403348310848714e-03 4.803645060905486867e-03 5.387790666443740412e-03
1.823556116133871541e+01 2.635293235677110130e-04 9.607639475624509678e-03 4.755126365057638776e-03 5.305000219520955053e-03
1.933852459145027325e+01 -4.241952481001284164e-03 1.342971622121219219e-03 4.713384833701921017e-03 5.233575810277476918e-03
2.044148802156183464e+01 -9.264301478147086988e-03 5.504829762755292233e-03 4.677148123397161308e-03 5.171440572184952435e-03
2.154445145167339604e+01 9.871149382663249247e-03 -8.060556235899761501e-03 4.645466312559985711e-03 5.117025254131263648e-03
2.264741488178495388e+01 -2.869596820830858444e-03 1.146335957736857938e-02 4.617611629931035917e-03 5.069117958654736043e-03
2.375037831189651172e+01 2.071584438810905593e-03 5.125689171345511677e-03 4.593015238959898515e-03 5.026765896421642524e-03
2.485334174200807311e+01 1.624880839218833519e-03 1.106082159862625813e-02 4.571225268037108075e-03 4.989208769049714720e-03
2.595630517211963451e+01 3.966767196175871070e-03 1.334924826722490732e-03 4.551877901222040751e-03 4.955832230728085368e-03
2.705926860223119235e+01 3.441485497864918766e-03 7.892764353530560759e-03 4.534676890876646396e-03 4.926134563850588163e-03
2.816223203234275019e+01 5.101942190459000936e-03 2.333937150360039427e-03 4.519378699078991854e-03 4.899702315207112718e-03
2.926519546245431158e+01 -1.635317394197197734e-03 -3.313993398513876299e-03 4.505781510725390300e-03 4.876192164155728620e-03
3.036815889256587297e+01 2.452327342663876246e-03 4.104979681363456027e-03 4.493716974631157060e-03 4.855317220653874999e-03
3.147112232267743082e+01 2.334760580456432554e-04 3.027650409036000169e-03 4.483043907098750204e-03 4.836836533026357167e-03
3.257408575278898866e+01 4.492738291506381126e-03 -5.266145185476228847e-03 4.473643433311860589e-03 4.820546961522239639e-03
3.367704918290054650e+01 5.507415101388613531e-03 -1.988087303034065216e-03 4.465415199647423082e-03 4.806276822926868093e-03
3.478001261301211144e+01 5.108824420013775153e-03 2.669944718061904691e-03 4.458274395766453381e-03 4.793880880224245418e-03
3.588297604312366929e+01 -5.427441115471230530e-03 -6.130647237269643522e-03 4.452149397771165695e-03 4.783236367781922710e-03
3.698593947323522713e+01 3.961541572701946477e-03 1.013609664996701319e-03 4.446979894254256792e-03 4.774239824369082112e-03
3.808890290334679207e+01 5.920571037896390360e-03 2.598465468562958722e-03 4.442715392947381957e-03 4.766804564769140662e-03
3.919186633345834991e+01 4.618983841625172448e-03 5.335904127570109678e-03 4.439314031570860269e-03 4.760858663151742477e-03
4.029482976356990775e+01 -1.993710855401586686e-04 -6.776874514892890482e-04 4.436741635476736459e-03 4.756343352609270457e-03
4.139779319368146560e+01 5.965559584428368166e-03 -2.130657674710764032e-04 4.434970978835059766e-03 4.753211768649734381e-03
4.250075662379302344e+01 -2.618796720638892801e-03 -4.072604867290754473e-05 4.433981216859172146e-03 4.751427982254533694e-03
4.360372005390458838e+01 -1.112403582920743232e-03 -3.447472162181173909e-03 4.433757464892477788e-03 4.750966281961290817e-03
4.470668348401614622e+01 3.955367188844720674e-03 6.564475194557418958e-03 4.434290506795343992e-03 4.751810675470741381e-03
4.580964691412770406e+01 3.825159490681032115e-03 6.018166796614755204e-03 4.435576620495322760e-03 4.753954590350324520e-03
4.691261034423926901e+01 5.726559089330355602e-03 -3.268070627233316591e-04 4.437617513190030873e-03 4.757400761160897502e-03
4.801557377435082685e+01 1.376569683720505789e-02 2.673974456266362335e-03 4.440420362831349645e-03 4.762161297279863918e-03
4.911853720446238469e+01 4.411295472081626368e-03 3.078154340250603780e-04 4.443997966434677822e-03 4.768257932267911878e-03
5.022150063457394253e+01 1.390674747693763404e-03 -1.670079961328547243e-03 4.448368999687085136e-03 4.775722462222848144e-03
5.132446406468550038e+01 -6.798370103068284570e-03 1.738982435968540810e-03 4.453558396511156196e-03 4.784597387576215721e-03
5.242742749479706532e+01 2.512802750090641253e-03 4.570765868688094619e-03 4.459597861935724224e-03 4.794936780642945762e-03
5.353039092490862316e+01 -4.925440034125899702e-03 1.070031002327886428e-02 4.466526537133815034e-03 4.806807410430380401e-03
5.463335435502018100e+01 6.339904935694746016e-03 5.122310958734616580e-03 4.474391842189851150e-03 4.820290167369950876e-03
5.573631778513174595e+01 -7.876388733477047988e-03 -7.429414760599800660e-03 4.483250530544834883e-03 4.835481844556269518e-03
5.683928121524330379e+01 -2.925245608491212641e-03 3.492799233045687339e-04 4.493169999801599999e-03 4.852497349840141985e-03
5.794224464535486163e+01 -3.362970363701217429e-03 1.525567733397539989e-03 4.504229917563876660e-03 4.871472446198764523e-03
5.904520807546641947e+01 -2.607215127296613538e-04 4.306377995915317350e-03 4.516524239512372668e-03 4.892567148258190023e-03
6.014817150557797731e+01 -5.290797203442517034e-03 7.867194510132846652e-03 4.530163721814885018e-03 4.915969943594776168e-03
6.125113493568954226e+01 1.139593483768025148e-03 2.159218480663233249e-04 4.545279063874351280e-03 4.941903062710181760e-03
6.235409836580110010e+01 -9.268471630845255506e-04 7.799556763362288335e-03 4.562024864240681217e-03 4.970629097528772231e-03
6.345706179591265794e+01 3.037013362186286470e-04 -3.178833838895001908e-03 4.580584638092404827e-03 5.002459374078527601e-03
6.456002522602422289e+01 2.709929014527603323e-03 5.344645188925692229e-04 4.601177237936701289e-03 5.037764634544866435e-03
6.566298865613578073e+01 7.400905836789743557e-03 -2.802220314117500905e-03 4.624065153909067902e-03 5.076988798444152969e-03
6.676595208624733857e+01 -3.844072340652828455e-03 9.702356241907461598e-03 4.649565368200432418e-03 5.120666885664653875e-03
6.786891551635889641e+01 8.825990854961527493e-03 1.758970842639529875e-03 4.678063735267727445e-03 5.169448649068863859e-03
6.897187894647045425e+01 1.361740714453938458e-03 3.149464960211147829e-03 4.710034314796700955e-03 5.224130168923373993e-03
7.007484237658201209e+01 -4.802194532859417261e-03 1.052665486401234418e-02 4.746065799325261195e-03 5.285696753082051030e-03
7.117780580669358415e+01 2.364944469522578703e-03 4.183354763977993086e-03 4.786898332670297927e-03 5.355382220891634522e-03
7.228076923680514199e+01 7.241752069269675671e-03 5.918732607589822538e-03 4.833475939493145877e-03 5.434752481917637032e-03
7.338373266691669983e+01 8.543803989254044988e-04 1.019106282612017474e-02 4.887023117226791530e-03 5.525826100835028003e-03
7.448669609702825767e+01 7.351271490954739470e-04 1.448643972970690974e-02 4.949160174369934481e-03 5.631252910615525478e-03
7.558965952713981551e+01 7.900445921935517375e-04 1.515627513821388508e-04 5.022083456458940193e-03 5.754587042126426723e-03
7.669262295725137335e+01 4.492842522331628834e-03 1.057173862465926595e-03 5.108860431509641177e-03 5.900720167447093441e-03
7.779558638736293119e+01 9.922178317290134518e-04 4.756931480608616106e-03 5.213944213448434145e-03 6.076600574100563673e-03
7.889854981747448903e+01 6.919190449844451161e-03 9.941366809110776734e-03 5.344159447387755550e-03 6.292491180246050607e-03
8.000151324758604687e+01 7.882771991511992524e-03 1.332774007365566254e-02 5.510901728510089401e-03 6.564287845452313440e-03
8.110447667769761892e+01 1.180962711841259533e-02 2.166051680443592878e-02 5.736095618762163117e-03 6.917862215361206615e-03
8.220744010780917677e+01 1.267538132535061916e-02 2.847476235635888753e-02 6.069650848611862423e-03 7.396366539034338571e-03
8.331040353792073461e+01 2.286329408515899025e-02 4.096936414966864670e-02 6.629324262311469228e-03 8.067735671677244563e-03
8.441336696803229245e+01 2.365034547190684316e-02 6.311347824495150416e-02 7.633266813469844966e-03 9.017312461265669307e-03
8.551633039814385029e+01 9.148606800181967313e-02 1.085477401261871477e-01 9.309073556624920809e-03 1.029984758128385872e-02
8.661929382825540813e+01 1.557931721092168653e-01 1.735762798479004998e-01 1.166038815969284818e-02 1.185275427521866043e-02
8.772225725836696597e+01 2.582399493897592491e-01 2.191199140519215494e-01 1.428951944657193274e-02 1.343398734491391307e-02
8.882522068847853802e+01 3.939104589135997148e-01 2.431504215502081068e-01 1.644963982495499522e-02 1.466221044691090776e-02
8.992818411859009586e+01 4.555780693832891526e-01 3.119712170710356447e-01 1.736861124943592932e-02 1.517062135170220774e-02
9.103114754870165370e+01 3.985594303271843275e-01 3.036564866450445210e-01 1.668354757764980295e-02 1.479237546299524454e-02
9.213411097881321155e+01 2.771859066977321873e-01 2.355400487447876501e-01 1.466676169036574238e-02 1.365240993878769418e-02
9.323707440892476939e+01 1.790041080713828114e-01 1.599527473838502634e-01 1.205510138153900908e-02 1.209831807201487697e-02
9.434003783903632723e+01 6.925938215898312655e-02 1.161628189791986815e-01 9.625738871707740715e-03 1.052125103766059395e-02
9.544300126914788507e+01 2.884325152351645272e-02 5.400660074524127330e-02 7.839393274424375641e-03 9.190045136802667269e-03
9.654596469925944291e+01 2.501979452386597635e-02 3.486279101386265122e-02 6.745960165195386514e-03 8.192253876570479432e-03
9.764892812937100075e+01 1.757913037296316913e-02 2.334481417773232731e-02 6.135328878478511078e-03 7.484953331389517309e-03
9.875189155948257280e+01 2.339267681838367446e-02 2.701233704317987025e-02 5.777478441098313211e-03 6.983168960735459604e-03
9.985485498959413064e+01 1.874826161832846179e-03 1.746067529154701412e-02 5.540147938199532426e-03 6.615306182834770378e-03
1.009578184197056885e+02 4.459477503419607969e-03 2.100998906764557639e-02 5.366312539799679600e-03 6.335126586565872214e-03
1.020607818498172463e+02 1.104685173789941681e-02 2.232210739694181004e-03 5.231389476836437007e-03 6.115257535068795505e-03
1.031637452799288042e+02 6.988810762356958625e-03 1.354867960597049524e-02 5.122931214315849628e-03 5.939816556181741827e-03
1.042667087100403620e+02 -7.454518565744804558e-04 -4.890909242842005761e-04 5.033610805499531653e-03 5.800211009852082253e-03
1.053696721401519198e+02 9.776141336776265206e-03 9.574501853306173135e-03 4.958695993946835370e-03 5.692853698945011566e-03
1.064726355702634919e+02 4.902738473945134241e-03 -1.940864683798341345e-03 4.894948969846110200e-03 5.615916674507062493e-03
1.075755990003750497e+02 1.133781491173483855e-02 8.196910206007854832e-03 4.840062762138606575e-03 5.563042637982696000e-03
1.086785624304866076e+02 -3.273676575261424537e-03 8.675914080962054617e-03 4.792341749774092080e-03 5.518421409971521925e-03
1.097815258605981654e+02 -9.325228729132025232e-04 4.476780845740577046e-03 4.750508124938549598e-03 5.462435778389127319e-03
1.108844892907097233e+02 -2.685724844532366359e-03 7.709928428371918240e-03 4.713578811404596676e-03 5.385711086073163845e-03
1.119874527208212811e+02 8.071747672335457049e-03 3.613436589079747040e-03 4.680784140352398440e-03 5.295712639271145730e-03
1.130904161509328389e+02 1.445218782180940093e-03 5.773207881759256574e-03 4.651512410565638786e-03 5.208154460071725937e-03
1.141933795810443968e+02 1.131989166838270541e-03 1.591229384469076968e-02 4.625271089122780580e-03 5.133873992039090367e-03
1.152963430111559546e+02 -1.517466097574031187e-03 2.666064778357574681e-04 4.601659040908868438e-03 5.074509086716257923e-03
1.163993064412675267e+02 4.416335443255071935e-03 7.197213872486448588e-03 4.580346260362668821e-03 5.026735751032266816e-03
1.175022698713790845e+02 -1.702690355999168055e-04 -2.695261635322447006e-03 4.561058823000596271e-03 4.986909902764848426e-03
1.186052333014906424e+02 6.911541911819708492e-03 -4.950142968065751950e-03 4.543567541360718498e-03 4.952609287713360259e-03
1.197081967316022002e+02 -6.600731544114400761e-04 -1.843321074236318677e-03 4.527679296584179690e-03 4.922431052542768429e-03
1.208111601617137580e+02 8.823445573024965224e-03 1.997471957963941041e-03 4.513230333240170720e-03 4.895543631261116760e-03
1.219141235918253159e+02 2.435036286553640965e-04 6.188734564363175539e-03 4.500081015297450332e-03 4.871410414682679317e-03
1.230170870219368737e+02 5.995069019856629801e-03 4.011824024136270879e-04 4.488111683695308191e-03 4.849654787672982512e-03
1.241200504520484458e+02 4.175030505746947507e-03 6.786805613148892691e-03 4.477219354316816502e-03 4.829995114687768952e-03
1.252230138821600036e+02 1.959445052123718733e-03 3.376296491601073202e-03 4.467315064117614344e-03 4.812211216332760999e-03
1.263259773122715615e+02 -9.587999363045916724e-04 3.326478888265957216e-03 4.458321722213953904e-03 4.796125564630221959e-03
1.274289407423831193e+02 1.665507579451084869e-03 -2.280737694417845837e-03 4.450172358098254677e-03 4.781591895054359588e-03
1.285319041724946771e+02 3.781828597153239283e-03 1.302141201693664090e-03 4.442808684964523816e-03 4.768487850836412682e-03
1.296348676026062208e+02 -1.820850882978524224e-03 -8.564591340480911565e-04 4.436179915185962767e-03 4.756709972847164396e-03
1.307378310327177928e+02 1.243753616852624581e-02 6.226691385064291560e-03 4.430241779211245567e-03 4.746170136586636175e-03
1.318407944628293649e+02 1.492923657521323362e-04 1.661294546621735081e-03 4.424955709868312950e-03 4.736792928787548693e-03
1.329437578929409085e+02 3.004957447954789956e-04 8.371438066839088227e-03 4.420288162224448800e-03 4.728513661843403160e-03
1.340467213230524806e+02 -7.653942579572607305e-03 1.059775413674334324e-02 4.416210045418025518e-03 4.721276838289846338e-03
1.351496847531640242e+02 3.341912569358354568e-03 -2.350394193701579957e-04 4.412696247732823644e-03 4.715034943774175889e-03
1.362526481832755962e+02 -4.802257237596343521e-03 -9.090292285114447927e-04 4.409725239981082505e-03 4.709747487036953541e-03
1.373556116133871683e+02 3.102404878824071253e-03 -5.395921649435345482e-03 4.407278745254675396e-03 4.705380230647961994e-03
1.384585750434987119e+02 -6.224670683555723165e-03 -4.697104126819503372e-03 4.405341465486573883e-03 4.701904572667583299e-03
1.395615384736102840e+02 -1.516314576023357645e-03 2.310166803981557326e-03 4.403900857181110469e-03 4.699297050461242672e-03
1.406645019037218276e+02 3.909196816511038668e-03 -4.222506990630153431e-03 4.402946950230389629e-03 4.697538945567276622e-03
1.417674653338333997e+02 3.950314227577502758e-03 -2.189828913077363284e-04 4.402472205019389642e-03 4.696615974003019202e-03
1.428704287639449433e+02 7.859969528046066578e-03 4.767485687954713287e-03 4.402471404098769886e-03 4.696518050431340748e-03
1.439733921940565153e+02 5.001215230442526000e-03 5.731677757468291341e-03 4.402941575623727996e-03 4.697239117674063824e-03
1.450763556241680590e+02 1.583423561764757577e-03 -1.175033613853232808e-04 4.403881946560826363e-03 4.698777035461594934e-03
1.461793190542796310e+02 1.455444859400748013e-04 -4.114337608096314651e-03 4.405293924386950027e-03 4.701133524261848912e-03
1.472822824843912031e+02 6.383992451199117790e-03 -2.530438630513236545e-03 4.407181106674934110e-03 4.704314161685976478e-03
1.483852459145027467e+02 -6.994021516834208248e-04 -1.232035685137038931e-03 4.409549318605112365e-03 4.708328430433502548e-03
1.494882093446143188e+02 -9.175453325856728834e-03 7.689242784739876158e-03 4.412406679085919235e-03 4.713189818101207879e-03
1.505911727747258624e+02 -8.689692279564840190e-04 -4.874268379776505559e-03 4.415763696834055368e-03 4.718915970509257769e-03
1.516941362048374344e+02 9.854669193541630567e-03 -6.023834868305899017e-03 4.419633398481281894e-03 4.725528901558416137e-03
1.527970996349489781e+02 2.609679433593489403e-03 -8.430185226435382359e-03 4.424031491568789290e-03 4.733055264085234484e-03
1.539000630650605501e+02 2.397643158269323511e-03 1.452235597433411190e-03 4.428976566193706770e-03 4.741526687792117778e-03
1.550030264951720937e+02 -4.117947250963466428e-03 4.349329773448751962e-03 4.434490340124270027e-03 4.750980192167942283e-03
1.561059899252836658e+02 -2.874330508085535152e-04 -4.472301269618873809e-03 4.440597953447724539e-03 4.761458684466333101e-03
1.572089533553952378e+02 -5.566391618777848799e-04 9.419634034240698464e-03 4.447328320317247077e-03 4.773011555374948901e-03
1.583119167855067815e+02 -9.708619746417077815e-04 -9.909402500639301163e-04 4.454714547196231278e-03 4.785695388117772696e-03
1.594148802156183535e+02 3.626552666803918405e-03 3.818168087401134329e-03 4.462794429256844442e-03 4.799574800545899564e-03
1.605178436457298972e+02 5.434487578827740077e-03 -4.700174224184705193e-03 4.471611039401092967e-03 4.814723444500840568e-03
1.616208070758414692e+02 -6.891885357563616241e-03 5.645367049934674544e-03 4.481213427902470785e-03 4.831225192652900333e-03
1.627237705059530128e+02 5.212209946387561833e-03 6.680893612133729804e-04 4.491657455135058576e-03 4.849175550489285072e-03
1.638267339360645849e+02 2.622556876237979590e-03 4.394034154769452249e-03 4.503006785560011507e-03 4.868683340637908891e-03
1.649296973661761569e+02 4.930811503498003495e-04 5.238741152788311400e-03 4.515334078475888302e-03 4.889872718917328415e-03
1.660326607962877006e+02 1.886398908286618294e-03 4.179866168005298005e-03 4.528722420554310776e-03 4.912885597290469336e-03
1.671356242263992726e+02 -7.480009632640495683e-03 8.905510629570911191e-03 4.543267057626627567e-03 4.937884569490758394e-03
1.682385876565108163e+02 3.466215649674649069e-03 6.049461791414152863e-03 4.559077499605472365e-03 4.965056462176177347e-03
1.693415510866223883e+02 3.759944157775893352e-03 5.305524724732691658e-04 4.576280094286719335e-03 4.994616670419661092e-03
1.704445145167339319e+02 4.513199898351064401e-03 5.183561248955069825e-03 4.595021195172328300e-03 5.026814484517558128e-03
1.715474779468455040e+02 1.454602807038645265e-03 -1.139134346097304441e-03 4.615471088391216552e-03 5.061939680295317150e-03
1.726504413769570760e+02 -6.104609281334256662e-03 9.417536366556008426e-03 4.637828898659778626e-03 5.100330734273530141e-03
1.737534048070686197e+02 -5.088778879910453058e-04 -1.126849858976698877e-03 4.662328770499414576e-03 5.142385148453410340e-03
1.748563682371801917e+02 -4.859175075922043691e-04 7.687445511652532190e-04 4.689247728342290679e-03 5.188572542317100751e-03
1.759593316672917354e+02 -1.715036507615881915e-03 7.195506395484073392e-03 4.718915772536905716e-03 5.239451414939531523e-03
1.770622950974033074e+02 6.744512295679410893e-03 -1.253610085815471537e-03 4.751728990613621716e-03 5.295690833257192878e-03
1.781652585275148510e+02 1.799712001062880222e-03 -2.253407614405225287e-03 4.788166790848705917e-03 5.358098818871893411e-03
1.792682219576264231e+02 -2.932177157907462500e-03 2.532052349032067485e-03 4.828814856857188351e-03 5.427659973497134943e-03
1.803711853877379667e+02 -2.245574749262879352e-03 8.274239864808595468e-03 4.874396174535442980e-03 5.505586045850699786e-03
1.814741488178495388e+02 1.818615862276625958e-03 1.285454264896218439e-02 4.925813660189156187e-03 5.593384939486264681e-03
1.825771122479611108e+02 2.708788939618005098e-03 4.133170993220379452e-03 4.984209806668751623e-03 5.692956499703889263e-03
1.836800756780726545e+02 -4.022640483732598318e-03 1.452090653650927807e-02 5.051051875656648732e-03 5.806728013886844515e-03
1.847830391081842265e+02 3.963886834922458226e-03 8.147630222654998061e-03 5.128256453040320843e-03 5.937850007038421654e-03
1.858860025382957701e+02 1.377588655223003708e-02 1.103409326863070104e-02 5.218376498132895440e-03 6.090486030954711874e-03
1.869889659684073422e+02 5.026246998242900506e-03 2.045121162582096488e-02 5.324891102570434784e-03 6.270253421130259075e-03
1.880919293985188858e+02 4.596311774973571053e-03 6.970262924387397863e-03 5.452671045661713206e-03 6.484914905219150982e-03
1.891948928286304579e+02 -2.158493629553480571e-03 1.954998952195179454e-02 5.608760161503502373e-03 6.745503508786904016e-03
1.902978562587420015e+02 4.293120254700503839e-03 1.251571093125031751e-02 5.803758503755623160e-03 7.068229765099346383e-03
1.914008196888535736e+02 -1.320691891176468263e-03 3.759834843258673398e-02 6.054440174248431998e-03 7.477873637586222866e-03
1.925037831189651456e+02 1.573223752240485510e-02 5.006910373703233469e-02 6.389160189884966756e-03 8.014149056333689375e-03
1.936067465490766892e+02 1.501642042352700941e-02 7.463282986244958173e-02 6.860461121988719463e-03 8.744297322122659977e-03
1.947097099791882613e+02 4.343768995443356151e-02 8.325352690623891161e-02 7.580514010627125050e-03 9.788478327624191427e-03
1.958126734092998049e+02 5.911814922384464599e-02 1.539420037777848860e-01 8.856261265003984723e-03 1.136145810148146695e-02
1.969156368394113770e+02 1.452798426117810626e-01 2.213272430208578501e-01 1.172941558875697718e-02 1.374650931150617032e-02
1.980186002695229206e+02 4.915183088381852583e-01 4.168028780449196669e-01 1.784731731214517225e-02 1.680402469172207619e-02
1.991215636996344927e+02 1.038321278381460600e+00 5.695500482193169844e-01 2.407576273268780334e-02 1.907467508438322884e-02
2.002245271297460647e+02 8.949474455891075486e-01 5.456378130200638665e-01 2.297851965295906809e-02 1.870606273748320197e-02
2.013274905598576083e+02 3.614067688262697642e-01 3.507985095791326668e-01 1.604898320768727987e-02 1.603585756477107771e-02
2.024304539899691804e+02 1.231022265733489884e-01 2.125377998410459546e-01 1.075857698784079414e-02 1.306905533720020829e-02
2.035334174200807240e+02 5.910618038263239921e-02 1.251342339272329685e-01 8.452216647551236833e-03 1.090488387120999020e-02
2.046363808501922961e+02 3.283837908038941822e-02 7.207296843596697200e-02 7.367255889019271899e-03 9.489263587060713795e-03
2.057393442803038397e+02 2.781245613384873000e-02 7.013131944527678518e-02 6.725425857328029035e-03 8.538207134526149683e-03
2.068423077104154117e+02 1.432710354634601085e-02 3.359396617684468067e-02 6.294861116790983688e-03 7.864210591833410355e-03
2.079452711405269838e+02 1.690030493168571610e-02 1.600081302266870981e-02 5.984276132013428146e-03 7.363648632294055203e-03
2.090482345706385274e+02 4.363891256603871782e-05 3.088548922870480717e-02 5.749065988284632334e-03 6.977838253902119911e-03
2.101511980007500995e+02 5.814091903724538310e-03 7.022426668304675504e-03 5.564521789794181668e-03 6.671624814748164031e-03
2.112541614308616431e+02 -1.924002142018703398e-06 7.044592336127524813e-03 5.415756390133219002e-03 6.422796452373830817e-03
2.123571248609732152e+02 3.128010296602695174e-03 1.295089292380286958e-02 5.293232082688364981e-03 6.216668523837247731e-03
2.134600882910847588e+02 3.886572058068171395e-03 8.921695439432438673e-03 5.190542306855916790e-03 6.043157645359792038e-03
2.145630517211963308e+02 5.376634692834211804e-03 1.215017178166816203e-02 5.103218076491831609e-03 5.895115831680512904e-03
2.156660151513078745e+02 -4.550622864142772790e-04 1.223002409338116298e-04 5.028043997664828624e-03 5.767337195950783361e-03
2.167689785814194465e+02 3.044040121850133309e-03 5.710861951633653191e-03 4.962645974050929228e-03 5.655941481941692550e-03
2.178719420115310186e+02 1.087397075517963123e-03 8.715170441500053045e-03 4.905232106879144245e-03 5.557977975962722500e-03
2.189749054416425622e+02 5.468951216872484922e-03 5.604913669296519678e-03 4.854424064107566023e-03 5.471163226939105770e-03
2.200778688717541343e+02 -1.345590831307605460e-03 4.440727155763497802e-03 4.809143998363332208e-03 5.393702726152304304e-03
2.211808323018656779e+02 6.799437841014846495e-03 5.903091505477044837e-03 4.768536728059793312e-03 5.324166815974445965e-03
2.222837957319772499e+02 -4.024799561516864167e-03 1.502163942164684313e-03 4.731914960101116056e-03 5.261402534388716530e-03
2.233867591620887936e+02 -1.802102320683143322e-03 1.066385134313583422e-02 4.698719954179505012e-03 5.204469823117296307e-03
2.244897225922003656e+02 4.729330452461252832e-03 -3.625396584682063963e-03 4.668492769522015334e-03 5.152594595134727881e-03
