# [0.         0.         2.57142857], [0.         0.         2.57142857], [0.         0.         2.57142857]
5.000000000000000000e+00 7.818494684741487954e-02 7.818494684741487954e-02 7.818494684741487954e-02 8.660346208619207342e-02 8.660346208619207342e-02 8.660346208619207342e-02
5.734079339773245465e+00 5.443838495139925043e-02 5.443838495139925043e-02 5.443838495139925043e-02 6.798951217518280077e-02 6.798951217518280077e-02 6.798951217518280077e-02
6.468158679546490930e+00 3.695866920546481138e-02 3.695866920546481138e-02 3.695866920546481138e-02 5.279915310533955103e-02 5.279915310533955103e-02 5.279915310533955103e-02
7.202238019319736395e+00 2.481718169845743838e-02 2.481718169845743838e-02 2.481718169845743838e-02 4.090043776335763881e-02 4.090043776335763881e-02 4.090043776335763881e-02
7.936317359092981860e+00 1.677329779843902621e-02 1.677329779843902621e-02 1.677329779843902621e-02 3.186207780540849244e-02 3.186207780540849244e-02 3.186207780540849244e-02
8.670396698866227325e+00 1.162263096512605558e-02 1.162263096512605558e-02 1.162263096512605558e-02 2.513296735622011155e-02 2.513296735622011155e-02 2.513296735622011155e-02
9.404476038639472790e+00 8.381150763824224761e-03 8.381150763824224761e-03 8.381150763824224761e-03 2.016915438520111917e-02 2.016915438520111917e-02 2.016915438520111917e-02
1.013855537841271826e+01 6.335327655021206518e-03 6.335327655021206518e-03 6.335327655021206518e-03 1.650336526729663175e-02 1.650336526729663175e-02 1.650336526729663175e-02
1.087263471818596372e+01 5.012590085918077268e-03 5.012590085918077268e-03 5.012590085918077268e-03 1.376893036226815685e-02 1.376893036226815685e-02 1.376893036226815685e-02
1.160671405795920919e+01 4.120956666264662636e-03 4.120956666264662636e-03 4.120956666264662636e-03 1.169547562501639833e-02 1.169547562501639833e-02 1.169547562501639833e-02
1.234079339773245465e+01 3.488744161460320594e-03 3.488744161460320594e-03 3.488744161460320594e-03 1.009169286729791684e-02 1.009169286729791684e-02 1.009169286729791684e-02
1.307487273750569834e+01 3.017754699406475106e-03 3.017754699406475106e-03 3.017754699406475106e-03 8.825376313086861352e-03 8.825376313086861352e-03 8.825376313086861352e-03
1.380895207727894380e+01 2.651974743381739497e-03 2.651974743381739497e-03 2.651974743381739497e-03 7.805906205241006958e-03 7.805906205241006958e-03 7.805906205241006958e-03
1.454303141705218927e+01 2.358704834385751993e-03 2.358704834385751993e-03 2.358704834385751993e-03 6.970872602515889964e-03 6.970872602515889964e-03 6.970872602515889964e-03
1.527711075682543473e+01 2.117983896182771154e-03 2.117983896182771154e-03 2.117983896182771154e-03 6.276674252831649162e-03 6.276674252831649162e-03 6.276674252831649162e-03
1.601119009659868198e+01 1.916926850629314602e-03 1.916926850629314602e-03 1.916926850629314602e-03 5.692232712334354024e-03 5.692232712334354024e-03 5.692232712334354024e-03
1.674526943637192744e+01 1.746744586509862539e-03 1.746744586509862539e-03 1.746744586509862539e-03 5.194896343510830954e-03 5.194896343510830954e-03 5.194896343510830954e-03
1.747934877614517291e+01 1.601155715235836208e-03 1.601155715235836208e-03 1.601155715235836208e-03 4.767789647267792891e-03 4.767789647267792891e-03 4.767789647267792891e-03
1.821342811591841837e+01 1.475506083288106790e-03 1.475506083288106790e-03 1.475506083288106790e-03 4.398085263255618188e-03 4.398085263255618188e-03 4.398085263255618188e-03
1.894750745569166384e+01 1.366252320306815451e-03 1.366252320306815451e-03 1.366252320306815451e-03 4.075858325446885498e-03 4.075858325446885498e-03 4.075858325446885498e-03
1.968158679546490930e+01 1.270640183069929839e-03 1.270640183069929839e-03 1.270640183069929839e-03 3.793310164614380111e-03 3.793310164614380111e-03 3.793310164614380111e-03
2.041566613523815477e+01 1.186493296474365727e-03 1.186493296474365727e-03 1.186493296474365727e-03 3.544229955747203037e-03 3.544229955747203037e-03 3.544229955747203037e-03
2.114974547501139668e+01 1.112068415720597614e-03 1.112068415720597614e-03 1.112068415720597614e-03 3.323612983410715802e-03 3.323612983410715802e-03 3.323612983410715802e-03
2.188382481478464214e+01 1.045953010927258304e-03 1.045953010927258304e-03 1.045953010927258304e-03 3.127384430179485763e-03 3.127384430179485763e-03 3.127384430179485763e-03
2.261790415455788761e+01 9.869909715668990710e-04 9.869909715668990710e-04 9.869909715668990710e-04 2.952195896040130454e-03 2.952195896040130454e-03 2.952195896040130454e-03
2.335198349433113307e+01 9.342276271035542369e-04 9.342276271035542369e-04 9.342276271035542369e-04 2.795273103953853800e-03 2.795273103953853800e-03 2.795273103953853800e-03
2.408606283410437854e+01 8.868683844744627582e-04 8.868683844744627582e-04 8.868683844744627582e-04 2.654300307597136626e-03 2.654300307597136626e-03 2.654300307597136626e-03
2.482014217387762400e+01 8.442471669283506007e-04 8.442471669283506007e-04 8.442471669283506007e-04 2.527331455448208510e-03 2.527331455448208510e-03 2.527331455448208510e-03
2.555422151365086947e+01 8.058020318948140408e-04 8.058020318948140408e-04 8.058020318948140408e-04 2.412721150188491901e-03 2.412721150188491901e-03 2.412721150188491901e-03
2.628830085342411493e+01 7.710561267079598779e-04 7.710561267079598779e-04 7.710561267079598779e-04 2.309070447889729951e-03 2.309070447889729951e-03 2.309070447889729951e-03
2.702238019319736040e+01 7.396026660121939739e-04 7.396026660121939739e-04 7.396026660121939739e-04 2.215183915181786166e-03 2.215183915181786166e-03 2.215183915181786166e-03
2.775645953297060586e+01 7.110929752164606198e-04 7.110929752164606198e-04 7.110929752164606198e-04 2.130035319960938561e-03 2.130035319960938561e-03 2.130035319960938561e-03
2.849053887274385133e+01 6.852268965376796415e-04 6.852268965376796415e-04 6.852268965376796415e-04 2.052740008819668466e-03 2.052740008819668466e-03 2.052740008819668466e-03
2.922461821251709679e+01 6.617450333943440807e-04 6.617450333943440807e-04 6.617450333943440807e-04 1.982532510757453216e-03 1.982532510757453216e-03 1.982532510757453216e-03
2.995869755229034226e+01 6.404224381044163264e-04 6.404224381044163264e-04 6.404224381044163264e-04 1.918748260306667348e-03 1.918748260306667348e-03 1.918748260306667348e-03
3.069277689206358772e+01 6.210634421688478006e-04 6.210634421688478006e-04 6.210634421688478006e-04 1.860808593243541134e-03 1.860808593243541134e-03 1.860808593243541134e-03
3.142685623183683319e+01 6.034973980966188605e-04 6.034973980966188605e-04 6.034973980966188605e-04 1.808208361351705236e-03 1.808208361351705236e-03 1.808208361351705236e-03
3.216093557161008221e+01 5.875751537422115728e-04 5.875751537422115728e-04 5.875751537422115728e-04 1.760505657819988251e-03 1.760505657819988251e-03 1.760505657819988251e-03
3.289501491138332767e+01 5.731661193405646190e-04 5.731661193405646190e-04 5.731661193405646190e-04 1.717313254802986695e-03 1.717313254802986695e-03 1.717313254802986695e-03
3.362909425115657314e+01 5.601558172585814534e-04 5.601558172585814534e-04 5.601558172585814534e-04 1.678291438693232723e-03 1.678291438693232723e-03 1.678291438693232723e-03
3.436317359092981860e+01 5.484438273740077597e-04 5.484438273740077597e-04 5.484438273740077597e-04 1.643141993381504748e-03 1.643141993381504748e-03 1.643141993381504748e-03
3.509725293070306407e+01 5.379420586987464052e-04 5.379420586987464052e-04 5.379420586987464052e-04 1.611603132029203189e-03 1.611603132029203189e-03 1.611603132029203189e-03
3.583133227047630953e+01 5.285732916636122708e-04 5.285732916636122708e-04 5.285732916636122708e-04 1.583445217168028300e-03 1.583445217168028300e-03 1.583445217168028300e-03
3.656541161024955500e+01 5.202699463156747629e-04 5.202699463156747629e-04 5.202699463156747629e-04 1.558467139882419245e-03 1.558467139882419245e-03 1.558467139882419245e-03
3.729949095002279336e+01 5.129730402454182273e-04 5.129730402454182273e-04 5.129730402454182273e-04 1.536493253361135994e-03 1.536493253361135994e-03 1.536493253361135994e-03
3.803357028979603882e+01 5.066313068811423596e-04 5.066313068811423596e-04 5.066313068811423596e-04 1.517370775685445436e-03 1.517370775685445436e-03 1.517370775685445436e-03
3.876764962956928429e+01 5.012004502563014666e-04 5.012004502563014666e-04 5.012004502563014666e-04 1.500967592458101211e-03 1.500967592458101211e-03 1.500967592458101211e-03
3.950172896934252975e+01 4.966425167715146248e-04 4.966425167715146248e-04 4.966425167715146248e-04 1.487170402613775550e-03 1.487170402613775550e-03 1.487170402613775550e-03
4.023580830911577522e+01 4.929253680664948860e-04 4.929253680664948860e-04 4.929253680664948860e-04 1.475883161136822084e-03 1.475883161136822084e-03 1.475883161136822084e-03
4.096988764888902068e+01 4.900222420657130741e-04 4.900222420657130741e-04 4.900222420657130741e-04 1.467025780949789918e-03 1.467025780949789918e-03 1.467025780949789918e-03
4.170396698866226615e+01 4.879113917036452118e-04 4.879113917036452118e-04 4.879113917036452118e-04 1.460533063319213558e-03 1.460533063319213558e-03 1.460533063319213558e-03
4.243804632843551161e+01 4.865757928798431571e-04 4.865757928798431571e-04 4.865757928798431571e-04 1.456353832064545811e-03 1.456353832064545811e-03 1.456353832064545811e-03
4.317212566820875708e+01 4.860029149274241057e-04 4.860029149274241057e-04 4.860029149274241057e-04 1.454450251898949109e-03 1.454450251898949109e-03 1.454450251898949109e-03
4.390620500798200254e+01 4.861845483706386307e-04 4.861845483706386307e-04 4.861845483706386307e-04 1.454797315577034851e-03 1.454797315577034851e-03 1.454797315577034851e-03
4.464028434775524801e+01 4.871166860550413388e-04 4.871166860550413388e-04 4.871166860550413388e-04 1.457382488338229785e-03 1.457382488338229785e-03 1.457382488338229785e-03
4.537436368752849347e+01 4.887994549050608253e-04 4.887994549050608253e-04 4.887994549050608253e-04 1.462205501552296715e-03 1.462205501552296715e-03 1.462205501552296715e-03
4.610844302730173894e+01 4.912370966392152387e-04 4.912370966392152387e-04 4.912370966392152387e-04 1.469278290613118499e-03 1.469278290613118499e-03 1.469278290613118499e-03
4.684252236707498440e+01 4.944379967888324874e-04 4.944379967888324874e-04 4.944379967888324874e-04 1.478625075091768428e-03 1.478625075091768428e-03 1.478625075091768428e-03
4.757660170684822987e+01 4.984147623548347257e-04 4.984147623548347257e-04 4.984147623548347257e-04 1.490282582045411109e-03 1.490282582045411109e-03 1.490282582045411109e-03
4.831068104662147533e+01 5.031843494304567366e-04 5.031843494304567366e-04 5.031843494304567366e-04 1.504300416275362352e-03 1.504300416275362352e-03 1.504300416275362352e-03
4.904476038639472080e+01 5.087682431471401631e-04 5.087682431471401631e-04 5.087682431471401631e-04 1.520741584326644295e-03 1.520741584326644295e-03 1.520741584326644295e-03
4.977883972616796626e+01 5.151926933991906416e-04 5.151926933991906416e-04 5.151926933991906416e-04 1.539683182217179954e-03 1.539683182217179954e-03 1.539683182217179954e-03
5.051291906594121173e+01 5.224890110059579769e-04 5.224890110059579769e-04 5.224890110059579769e-04 1.561217260380523509e-03 1.561217260380523509e-03 1.561217260380523509e-03
5.124699840571445719e+01 5.306939303187307392e-04 5.306939303187307392e-04 5.306939303187307392e-04 1.585451883217825790e-03 1.585451883217825790e-03 1.585451883217825790e-03
5.198107774548770266e+01 5.398500458203635928e-04 5.398500458203635928e-04 5.398500458203635928e-04 1.612512405117279540e-03 1.612512405117279540e-03 1.612512405117279540e-03
5.271515708526094812e+01 5.500063320548533594e-04 5.500063320548533594e-04 5.500063320548533594e-04 1.642542989972802826e-03 1.642542989972802826e-03 1.642542989972802826e-03
5.344923642503419359e+01 5.612187583297052838e-04 5.612187583297052838e-04 5.612187583297052838e-04 1.675708407311906570e-03 1.675708407311906570e-03 1.675708407311906570e-03
5.418331576480743905e+01 5.735510121396471955e-04 5.735510121396471955e-04 5.735510121396471955e-04 1.712196145363657340e-03 1.712196145363657340e-03 1.712196145363657340e-03
5.491739510458068452e+01 5.870753482703015402e-04 5.870753482703015402e-04 5.870753482703015402e-04 1.752218890057006878e-03 1.752218890057006878e-03 1.752218890057006878e-03
5.565147444435392998e+01 6.018735841858983884e-04 6.018735841858983884e-04 6.018735841858983884e-04 1.796017429408671177e-03 1.796017429408671177e-03 1.796017429408671177e-03
5.638555378412717545e+01 6.180382667522059436e-04 6.180382667522059436e-04 6.180382667522059436e-04 1.843864055507344127e-03 1.843864055507344127e-03 1.843864055507344127e-03
5.711963312390042091e+01 6.356740408069505100e-04 6.356740408069505100e-04 6.356740408069505100e-04 1.896066551925536378e-03 1.896066551925536378e-03 1.896066551925536378e-03
5.785371246367366638e+01 6.548992568383023814e-04 6.548992568383023814e-04 6.548992568383023814e-04 1.952972873658933694e-03 1.952972873658933694e-03 1.952972873658933694e-03
5.858779180344691184e+01 6.758478634214721593e-04 6.758478634214721593e-04 6.758478634214721593e-04 2.014976650597254376e-03 2.014976650597254376e-03 2.014976650597254376e-03
5.932187114322015731e+01 6.986716405557060177e-04 6.986716405557060177e-04 6.986716405557060177e-04 2.082523675358806392e-03 2.082523675358806392e-03 2.082523675358806392e-03
6.005595048299340277e+01 7.235428432451120615e-04 7.235428432451120615e-04 7.235428432451120615e-04 2.156119573760008432e-03 2.156119573760008432e-03 2.156119573760008432e-03
6.079002982276664824e+01 7.506573413784343703e-04 7.506573413784343703e-04 7.506573413784343703e-04 2.236338903463932180e-03 2.236338903463932180e-03 2.236338903463932180e-03
6.152410916253989370e+01 7.802383632528736828e-04 7.802383632528736828e-04 7.802383632528736828e-04 2.323835986407747807e-03 2.323835986407747807e-03 2.323835986407747807e-03
6.225818850231313917e+01 8.125409773886433772e-04 8.125409773886433772e-04 8.125409773886433772e-04 2.419357857390672800e-03 2.419357857390672800e-03 2.419357857390672800e-03
6.299226784208638463e+01 8.478574825336225801e-04 8.478574825336225801e-04 8.478574825336225801e-04 2.523759810022695171e-03 2.523759810022695171e-03 2.523759810022695171e-03
6.372634718185963010e+01 8.865239216077439597e-04 8.865239216077439597e-04 8.865239216077439597e-04 2.638024149301418549e-03 2.638024149301418549e-03 2.638024149301418549e-03
6.446042652163288267e+01 9.289279954288155120e-04 9.289279954288155120e-04 9.289279954288155120e-04 2.763282927276577289e-03 2.763282927276577289e-03 2.763282927276577289e-03
6.519450586140612813e+01 9.755187314609082075e-04 9.755187314609082075e-04 9.755187314609082075e-04 2.900845658226646785e-03 2.900845658226646785e-03 2.900845658226646785e-03
6.592858520117937360e+01 1.026818368647074544e-03 1.026818368647074544e-03 1.026818368647074544e-03 3.052233301549915363e-03 3.052233301549915363e-03 3.052233301549915363e-03
6.666266454095261906e+01 1.083437061728741288e-03 1.083437061728741288e-03 1.083437061728741288e-03 3.219220190997357321e-03 3.219220190997357321e-03 3.219220190997357321e-03
6.739674388072586453e+01 1.146091201819671125e-03 1.146091201819671125e-03 1.146091201819671125e-03 3.403886116176988667e-03 3.403886116176988667e-03 3.403886116176988667e-03
6.813082322049910999e+01 1.215626415489160037e-03 1.215626415489160037e-03 1.215626415489160037e-03 3.608681481539036812e-03 3.608681481539036812e-03 3.608681481539036812e-03
6.886490256027235546e+01 1.293046673319370480e-03 1.293046673319370480e-03 1.293046673319370480e-03 3.836509459714340913e-03 3.836509459714340913e-03 3.836509459714340913e-03
6.959898190004558671e+01 1.379551457369833757e-03 1.379551457369833757e-03 1.379551457369833757e-03 4.090830439036088027e-03 4.090830439036088027e-03 4.090830439036088027e-03
7.033306123981883218e+01 1.476583675959562041e-03 1.476583675959562041e-03 1.476583675959562041e-03 4.375796017734228521e-03 4.375796017734228521e-03 4.375796017734228521e-03
7.106714057959207764e+01 1.585892083149581392e-03 1.585892083149581392e-03 1.585892083149581392e-03 4.696422591527934717e-03 4.696422591527934717e-03 4.696422591527934717e-03
7.180121991936532311e+01 1.709613532035375843e-03 1.709613532035375843e-03 1.709613532035375843e-03 5.058818638542024460e-03 5.058818638542024460e-03 5.058818638542024460e-03
7.253529925913856857e+01 1.850382744022330533e-03 1.850382744022330533e-03 1.850382744022330533e-03 5.470485790925904389e-03 5.470485790925904389e-03 5.470485790925904389e-03
7.326937859891181404e+01 2.011480870996230387e-03 2.011480870996230387e-03 2.011480870996230387e-03 5.940722768034405882e-03 5.940722768034405882e-03 5.940722768034405882e-03
7.400345793868505950e+01 2.197039745883682532e-03 2.197039745883682532e-03 2.197039745883682532e-03 6.481174996808214232e-03 6.481174996808214232e-03 6.481174996808214232e-03
7.473753727845830497e+01 2.412327732223652071e-03 2.412327732223652071e-03 2.412327732223652071e-03 7.106594239968583131e-03 7.106594239968583131e-03 7.106594239968583131e-03
7.547161661823155043e+01 2.664157998866109080e-03 2.664157998866109080e-03 2.664157998866109080e-03 7.835906953318063500e-03 7.835906953318063500e-03 7.835906953318063500e-03
7.620569595800479590e+01 2.961485652406376998e-03 2.961485652406376998e-03 2.961485652406376998e-03 8.693746598020603983e-03 8.693746598020603983e-03 8.693746598020603983e-03
7.693977529777804136e+01 3.316306208886816900e-03 3.316306208886816900e-03 3.316306208886816900e-03 9.712700598920594869e-03 9.712700598920594869e-03 9.712700598920594869e-03
7.767385463755128683e+01 3.745055908980127451e-03 3.745055908980127451e-03 3.745055908980127451e-03 1.093668867497265759e-02 1.093668867497265759e-02 1.093668867497265759e-02
7.840793397732453229e+01 4.270896810419495988e-03 4.270896810419495988e-03 4.270896810419495988e-03 1.242618557726387490e-02 1.242618557726387490e-02 1.242618557726387490e-02
7.914201331709777776e+01 4.927686126705840830e-03 4.927686126705840830e-03 4.927686126705840830e-03 1.426653736912336830e-02 1.426653736912336830e-02 1.426653736912336830e-02
7.987609265687102322e+01 5.767466883782257185e-03 5.767466883782257185e-03 5.767466883782257185e-03 1.658157638393188693e-02 1.658157638393188693e-02 1.658157638393188693e-02
8.061017199664426869e+01 6.875996724695640841e-03 6.875996724695640841e-03 6.875996724695640841e-03 1.955632823803817380e-02 1.955632823803817380e-02 1.955632823803817380e-02
8.134425133641751415e+01 8.407440744488544129e-03 8.407440744488544129e-03 8.407440744488544129e-03 2.347478087008628145e-02 2.347478087008628145e-02 2.347478087008628145e-02
8.207833067619075962e+01 1.066341968511576484e-02 1.066341968511576484e-02 1.066341968511576484e-02 2.878021452392989440e-02 2.878021452392989440e-02 2.878021452392989440e-02
8.281241001596400508e+01 1.426362158258399730e-02 1.426362158258399730e-02 1.426362158258399730e-02 3.616212670326025835e-02 3.616212670326025835e-02 3.616212670326025835e-02
8.354648935573725055e+01 2.046782215542598468e-02 2.046782215542598468e-02 2.046782215542598468e-02 4.665599622354815040e-02 4.665599622354815040e-02 4.665599622354815040e-02
8.428056869551049601e+01 3.165411839855597487e-02 3.165411839855597487e-02 3.165411839855597487e-02 6.169856183477010619e-02 6.169856183477010619e-02 6.169856183477010619e-02
8.501464803528374148e+01 5.174315989212223410e-02 5.174315989212223410e-02 5.174315989212223410e-02 8.301395769697508809e-02 8.301395769697508809e-02 8.301395769697508809e-02
8.574872737505698694e+01 8.597291865149142565e-02 8.597291865149142565e-02 8.597291865149142565e-02 1.121588963351286411e-01 1.121588963351286411e-01 1.121588963351286411e-01
8.648280671483023241e+01 1.391708318964423319e-01 1.391708318964423319e-01 1.391708318964423319e-01 1.496260262215433345e-01 1.496260262215433345e-01 1.496260262215433345e-01
8.721688605460347787e+01 2.121874011691824435e-01 2.121874011691824435e-01 2.121874011691824435e-01 1.936830762953040685e-01 1.936830762953040685e-01 1.936830762953040685e-01
8.795096539437672334e+01 2.978275089224940997e-01 2.978275089224940997e-01 2.978275089224940997e-01 2.395420137784295411e-01 2.395420137784295411e-01 2.395420137784295411e-01
8.868504473414996880e+01 3.794839375452249142e-01 3.794839375452249142e-01 3.794839375452249142e-01 2.796781417334623376e-01 2.796781417334623376e-01 2.796781417334623376e-01
8.941912407392321427e+01 4.354474288525848613e-01 4.354474288525848613e-01 4.354474288525848613e-01 3.057479560400847562e-01 3.057479560400847562e-01 3.057479560400847562e-01
9.015320341369645973e+01 4.482357353055572702e-01 4.482357353055572702e-01 4.482357353055572702e-01 3.115704060737816139e-01 3.115704060737816139e-01 3.115704060737816139e-01
9.088728275346970520e+01 4.135947260254709268e-01 4.135947260254709268e-01 4.135947260254709268e-01 2.956898231674962574e-01 2.956898231674962574e-01 2.956898231674962574e-01
9.162136209324295066e+01 3.428310814083657676e-01 3.428310814083657676e-01 3.428310814083657676e-01 2.620136826947957465e-01 2.620136826947957465e-01 2.620136826947957465e-01
9.235544143301619613e+01 2.567270964112394749e-01 2.567270964112394749e-01 2.567270964112394749e-01 2.181286839004889788e-01 2.181286839004889788e-01 2.181286839004889788e-01
9.308952077278944159e+01 1.755189852402822825e-01 1.755189852402822825e-01 1.755189852402822825e-01 1.723250061209582740e-01 1.723250061209582740e-01 1.723250061209582740e-01
9.382360011256268706e+01 1.115241053949538735e-01 1.115241053949538735e-01 1.115241053949538735e-01 1.309773307308221280e-01 1.309773307308221280e-01 1.309773307308221280e-01
9.455767945233593252e+01 6.772006817924559885e-02 6.772006817924559885e-02 6.772006817924559885e-02 9.738398049324870076e-02 9.738398049324870076e-02 9.738398049324870076e-02
9.529175879210917799e+01 4.084772289653691713e-02 4.084772289653691713e-02 4.084772289653691713e-02 7.208592484064110795e-02 7.208592484064110795e-02 7.208592484064110795e-02
9.602583813188242345e+01 2.554736449502755663e-02 2.554736449502755663e-02 2.554736449502755663e-02 5.395146414813956764e-02 5.395146414813956764e-02 5.395146414813956764e-02
9.675991747165566892e+01 1.709809623056410266e-02 1.709809623056410266e-02 1.709809623056410266e-02 4.126052318537871966e-02 4.126052318537871966e-02 4.126052318537871966e-02
9.749399681142891438e+01 1.233715145636567548e-02 1.233715145636567548e-02 1.233715145636567548e-02 3.239285785552960262e-02 3.239285785552960262e-02 3.239285785552960262e-02
9.822807615120215985e+01 9.478805359191289429e-03 9.478805359191289429e-03 9.478805359191289429e-03 2.610106338682145755e-02 2.610106338682145755e-02 2.610106338682145755e-02
9.896215549097540531e+01 7.616561691931002069e-03 7.616561691931002069e-03 7.616561691931002069e-03 2.152478320238769213e-02 2.152478320238769213e-02 2.152478320238769213e-02
9.969623483074865078e+01 6.310282779529992163e-03 6.310282779529992163e-03 6.310282779529992163e-03 1.810340125249326401e-02 1.810340125249326401e-02 1.810340125249326401e-02
1.004303141705218962e+02 5.342151890309080643e-03 5.342151890309080643e-03 5.342151890309080643e-03 1.547863903001184954e-02 1.547863903001184954e-02 1.547863903001184954e-02
1.011643935102951417e+02 4.596575828629813516e-03 4.596575828629813516e-03 4.596575828629813516e-03 1.342016183048705229e-02 1.342016183048705229e-02 1.342016183048705229e-02
1.018984728500683872e+02 4.006464065973740739e-03 4.006464065973740739e-03 4.006464065973740739e-03 1.177703407368860256e-02 1.177703407368860256e-02 1.177703407368860256e-02
1.026325521898416326e+02 3.529634848969681257e-03 3.529634848969681257e-03 3.529634848969681257e-03 1.044830571017459422e-02 1.044830571017459422e-02 1.044830571017459422e-02
1.033666315296148781e+02 3.137928586621489130e-03 3.137928586621489130e-03 3.137928586621489130e-03 9.365687555180570931e-03 9.365687555180570931e-03 9.365687555180570931e-03
1.041007108693881236e+02 2.811719017413187496e-03 2.811719017413187496e-03 2.811719017413187496e-03 8.483221923004415077e-03 8.483221923004415077e-03 8.483221923004415077e-03
1.048347902091613690e+02 2.536881405777651009e-03 2.536881405777651009e-03 2.536881405777651009e-03 7.770427100152283925e-03 7.770427100152283925e-03 7.770427100152283925e-03
1.055688695489346145e+02 2.302990583567663795e-03 2.302990583567663795e-03 2.302990583567663795e-03 7.206244874260395519e-03 7.206244874260395519e-03 7.206244874260395519e-03
1.063029488887078600e+02 2.102190621063241508e-03 2.102190621063241508e-03 2.102190621063241508e-03 6.771980673127026701e-03 6.771980673127026701e-03 6.771980673127026701e-03
1.070370282284811054e+02 1.928456668926276400e-03 1.928456668926276400e-03 1.928456668926276400e-03 6.443307706524245039e-03 6.443307706524245039e-03 6.443307706524245039e-03
1.077711075682543509e+02 1.777097424403772377e-03 1.777097424403772377e-03 1.777097424403772377e-03 6.184346062964886197e-03 6.184346062964886197e-03 6.184346062964886197e-03
1.085051869080275964e+02 1.644410959708734804e-03 1.644410959708734804e-03 1.644410959708734804e-03 5.948704428481294687e-03 5.948704428481294687e-03 5.948704428481294687e-03
1.092392662478008418e+02 1.527441339463732339e-03 1.527441339463732339e-03 1.527441339463732339e-03 5.690028079879437019e-03 5.690028079879437019e-03 5.690028079879437019e-03
1.099733455875740873e+02 1.423803199232067654e-03 1.423803199232067654e-03 1.423803199232067654e-03 5.377877213390948666e-03 5.377877213390948666e-03 5.377877213390948666e-03
1.107074249273473328e+02 1.331553171652654190e-03 1.331553171652654190e-03 1.331553171652654190e-03 5.009019694520153165e-03 5.009019694520153165e-03 5.009019694520153165e-03
1.114415042671205782e+02 1.249094234889066386e-03 1.249094234889066386e-03 1.249094234889066386e-03 4.605978236957851933e-03 4.605978236957851933e-03 4.605978236957851933e-03
1.121755836068938237e+02 1.175103595953584700e-03 1.175103595953584700e-03 1.175103595953584700e-03 4.203666851784405162e-03 4.203666851784405162e-03 4.203666851784405162e-03
1.129096629466670691e+02 1.108477657295965776e-03 1.108477657295965776e-03 1.108477657295965776e-03 3.833149531857631825e-03 3.833149531857631825e-03 3.833149531857631825e-03
1.136437422864403146e+02 1.048289555768614064e-03 1.048289555768614064e-03 1.048289555768614064e-03 3.511799205286156474e-03 3.511799205286156474e-03 3.511799205286156474e-03
1.143778216262135601e+02 9.937560707875318054e-04 9.937560707875318054e-04 9.937560707875318054e-04 3.242677141940588422e-03 3.242677141940588422e-03 3.242677141940588422e-03
1.151119009659868055e+02 9.442115949520556422e-04 9.442115949520556422e-04 9.442115949520556422e-04 3.019685274646005408e-03 3.019685274646005408e-03 3.019685274646005408e-03
1.158459803057600510e+02 8.990874845385756235e-04 8.990874845385756235e-04 8.990874845385756235e-04 2.833477523663280317e-03 2.833477523663280317e-03 2.833477523663280317e-03
1.165800596455332965e+02 8.578955480528727357e-04 8.578955480528727357e-04 8.578955480528727357e-04 2.675263942544803264e-03 2.675263942544803264e-03 2.675263942544803264e-03
1.173141389853065419e+02 8.202147463586913125e-04 8.202147463586913125e-04 8.202147463586913125e-04 2.538241327462514244e-03 2.538241327462514244e-03 2.538241327462514244e-03
1.180482183250797874e+02 7.856804062057786212e-04 7.856804062057786212e-04 7.856804062057786212e-04 2.417598934244974320e-03 2.417598934244974320e-03 2.417598934244974320e-03
1.187822976648530329e+02 7.539754161130664658e-04 7.539754161130664658e-04 7.539754161130664658e-04 2.310026988370653730e-03 2.310026988370653730e-03 2.310026988370653730e-03
1.195163770046262783e+02 7.248229971736909168e-04 7.248229971736909168e-04 7.248229971736909168e-04 2.213217929906221865e-03 2.213217929906221865e-03 2.213217929906221865e-03
1.202504563443995238e+02 6.979807336479211229e-04 6.979807336479211229e-04 6.979807336479211229e-04 2.125506479254072722e-03 2.125506479254072722e-03 2.125506479254072722e-03
1.209845356841727693e+02 6.732356177464809228e-04 6.732356177464809228e-04 6.732356177464809228e-04 2.045641797366871701e-03 2.045641797366871701e-03 2.045641797366871701e-03
1.217186150239460147e+02 6.503999158333438049e-04 6.503999158333438049e-04 6.503999158333438049e-04 1.972649365353314806e-03 1.972649365353314806e-03 1.972649365353314806e-03
1.224526943637192602e+02 6.293077037251740107e-04 6.293077037251740107e-04 6.293077037251740107e-04 1.905746801981322109e-03 1.905746801981322109e-03 1.905746801981322109e-03
1.231867737034925057e+02 6.098119499642122533e-04 6.098119499642122533e-04 6.098119499642122533e-04 1.844290969574322904e-03 1.844290969574322904e-03 1.844290969574322904e-03
1.239208530432657511e+02 5.917820501753792662e-04 5.917820501753792662e-04 5.917820501753792662e-04 1.787743390685243546e-03 1.787743390685243546e-03 1.787743390685243546e-03
1.246549323830389966e+02 5.751017345661734673e-04 5.751017345661734673e-04 5.751017345661734673e-04 1.735646707538592796e-03 1.735646707538592796e-03 1.735646707538592796e-03
1.253890117228122421e+02 5.596672855353119948e-04 5.596672855353119948e-04 5.596672855353119948e-04 1.687608054776786786e-03 1.687608054776786786e-03 1.687608054776786786e-03
1.261230910625854875e+02 5.453860141542332587e-04 5.453860141542332587e-04 5.453860141542332587e-04 1.643286926748246382e-03 1.643286926748246382e-03 1.643286926748246382e-03
1.268571704023587330e+02 5.321749536757312176e-04 5.321749536757312176e-04 5.321749536757312176e-04 1.602386071870503820e-03 1.602386071870503820e-03 1.602386071870503820e-03
1.275912497421319785e+02 5.199597357378150323e-04 5.199597357378150323e-04 5.199597357378150323e-04 1.564644492206910664e-03 1.564644492206910664e-03 1.564644492206910664e-03
1.283253290819052381e+02 5.086736209742186198e-04 5.086736209742186198e-04 5.086736209742186198e-04 1.529831949926331331e-03 1.529831949926331331e-03 1.529831949926331331e-03
1.290594084216784836e+02 4.982566606274831458e-04 4.982566606274831458e-04 4.982566606274831458e-04 1.497744580466158068e-03 1.497744580466158068e-03 1.497744580466158068e-03
1.297934877614517291e+02 4.886549697271063818e-04 4.886549697271063818e-04 4.886549697271063818e-04 1.468201337309360272e-03 1.468201337309360272e-03 1.468201337309360272e-03
1.305275671012249745e+02 4.798200956309990476e-04 4.798200956309990476e-04 4.798200956309990476e-04 1.441041074499319801e-03 1.441041074499319801e-03 1.441041074499319801e-03
1.312616464409982200e+02 4.717084683797188437e-04 4.717084683797188437e-04 4.717084683797188437e-04 1.416120127125906902e-03 1.416120127125906902e-03 1.416120127125906902e-03
1.319957257807714655e+02 4.642809214944873444e-04 4.642809214944873444e-04 4.642809214944873444e-04 1.393310286941530900e-03 1.393310286941530900e-03 1.393310286941530900e-03
1.327298051205447109e+02 4.575022736525992091e-04 4.575022736525992091e-04 4.575022736525992091e-04 1.372497096028665138e-03 1.372497096028665138e-03 1.372497096028665138e-03
1.334638844603179280e+02 4.513409631693783455e-04 4.513409631693783455e-04 4.513409631693783455e-04 1.353578399787681505e-03 1.353578399787681505e-03 1.353578399787681505e-03
1.341979638000911734e+02 4.457687284617529197e-04 4.457687284617529197e-04 4.457687284617529197e-04 1.336463113830957655e-03 1.336463113830957655e-03 1.336463113830957655e-03
1.349320431398644189e+02 4.407603287106878483e-04 4.407603287106878483e-04 4.407603287106878483e-04 1.321070169207336437e-03 1.321070169207336437e-03 1.321070169207336437e-03
1.356661224796376644e+02 4.362932998150943873e-04 4.362932998150943873e-04 4.362932998150943873e-04 1.307327607768869575e-03 1.307327607768869575e-03 1.307327607768869575e-03
1.364002018194109098e+02 4.323477414682965641e-04 4.323477414682965641e-04 4.323477414682965641e-04 1.295171805125351064e-03 1.295171805125351064e-03 1.295171805125351064e-03
1.371342811591841553e+02 4.289061318138969315e-04 4.289061318138969315e-04 4.289061318138969315e-04 1.284546802989504875e-03 1.284546802989504875e-03 1.284546802989504875e-03
1.378683604989574008e+02 4.259531666707183704e-04 4.259531666707183704e-04 4.259531666707183704e-04 1.275403736132043383e-03 1.275403736132043383e-03 1.275403736132043383e-03
1.386024398387306462e+02 4.234756207726071806e-04 4.234756207726071806e-04 4.234756207726071806e-04 1.267700341878913060e-03 1.267700341878913060e-03 1.267700341878913060e-03
1.393365191785038917e+02 4.214622288616000790e-04 4.214622288616000790e-04 4.214622288616000790e-04 1.261400542264804435e-03 1.261400542264804435e-03 1.261400542264804435e-03
1.400705985182771371e+02 4.199035848133436471e-04 4.199035848133436471e-04 4.199035848133436471e-04 1.256474090733183599e-03 1.256474090733183599e-03 1.256474090733183599e-03
1.408046778580503826e+02 4.187920572709196397e-04 4.187920572709196397e-04 4.187920572709196397e-04 1.252896276737212227e-03 1.252896276737212227e-03 1.252896276737212227e-03
1.415387571978236281e+02 4.181217205251197425e-04 4.181217205251197425e-04 4.181217205251197425e-04 1.250647682818344097e-03 1.250647682818344097e-03 1.250647682818344097e-03
1.422728365375968735e+02 4.178882996122800756e-04 4.178882996122800756e-04 4.178882996122800756e-04 1.249713989774148661e-03 1.249713989774148661e-03 1.249713989774148661e-03
1.430069158773701190e+02 4.180891288106471679e-04 4.180891288106471679e-04 4.180891288106471679e-04 1.250085826415509548e-03 1.250085826415509548e-03 1.250085826415509548e-03
1.437409952171433645e+02 4.187231229077878112e-04 4.187231229077878112e-04 4.187231229077878112e-04 1.251758661189124669e-03 1.251758661189124669e-03 1.251758661189124669e-03
1.444750745569166099e+02 4.197907607890284188e-04 4.197907607890284188e-04 4.197907607890284188e-04 1.254732733630263466e-03 1.254732733630263466e-03 1.254732733630263466e-03
1.452091538966898554e+02 4.212940810642077641e-04 4.212940810642077641e-04 4.212940810642077641e-04 1.259013024235010715e-03 1.259013024235010715e-03 1.259013024235010715e-03
1.459432332364631009e+02 4.232366896106359139e-04 4.232366896106359139e-04 4.232366896106359139e-04 1.264609261918679542e-03 1.264609261918679542e-03 1.264609261918679542e-03
1.466773125762363463e+02 4.256237790674089199e-04 4.256237790674089199e-04 4.256237790674089199e-04 1.271535968773504846e-03 1.271535968773504846e-03 1.271535968773504846e-03
1.474113919160095918e+02 4.284621604733141668e-04 4.284621604733141668e-04 4.284621604733141668e-04 1.279812542367962571e-03 1.279812542367962571e-03 1.279812542367962571e-03
1.481454712557828373e+02 4.317603074006496396e-04 4.317603074006496396e-04 4.317603074006496396e-04 1.289463376354863531e-03 1.289463376354863531e-03 1.289463376354863531e-03
1.488795505955560827e+02 4.355284131036221327e-04 4.355284131036221327e-04 4.355284131036221327e-04 1.300518020687937981e-03 1.300518020687937981e-03 1.300518020687937981e-03
1.496136299353293282e+02 4.397784613759605924e-04 4.397784613759605924e-04 4.397784613759605924e-04 1.313011383298949867e-03 1.313011383298949867e-03 1.313011383298949867e-03
1.503477092751025737e+02 4.445243120016661629e-04 4.445243120016661629e-04 4.445243120016661629e-04 1.326983975671789566e-03 1.326983975671789566e-03 1.326983975671789566e-03
1.510817886148758191e+02 4.497818018894446661e-04 4.497818018894446661e-04 4.497818018894446661e-04 1.342482205379516656e-03 1.342482205379516656e-03 1.342482205379516656e-03
1.518158679546490646e+02 4.555688632098310337e-04 4.555688632098310337e-04 4.555688632098310337e-04 1.359558719339037632e-03 1.359558719339037632e-03 1.359558719339037632e-03
1.525499472944223101e+02 4.619056601095139557e-04 4.619056601095139557e-04 4.619056601095139557e-04 1.378272802301992467e-03 1.378272802301992467e-03 1.378272802301992467e-03
1.532840266341955555e+02 4.688147458658105892e-04 4.688147458658105892e-04 4.688147458658105892e-04 1.398690835957115772e-03 1.398690835957115772e-03 1.398690835957115772e-03
1.540181059739688010e+02 4.763212426726310495e-04 4.763212426726310495e-04 4.763212426726310495e-04 1.420886824989802061e-03 1.420886824989802061e-03 1.420886824989802061e-03
1.547521853137420464e+02 4.844530466257646419e-04 4.844530466257646419e-04 4.844530466257646419e-04 1.444942997552743592e-03 1.444942997552743592e-03 1.444942997552743592e-03
1.554862646535152919e+02 4.932410609096731955e-04 4.932410609096731955e-04 4.932410609096731955e-04 1.470950488875960712e-03 1.470950488875960712e-03 1.470950488875960712e-03
1.562203439932885374e+02 5.027194606918163966e-04 5.027194606918163966e-04 5.027194606918163966e-04 1.499010118219015362e-03 1.499010118219015362e-03 1.499010118219015362e-03
1.569544233330617828e+02 5.129259938178182005e-04 5.129259938178182005e-04 5.129259938178182005e-04 1.529233271083399069e-03 1.529233271083399069e-03 1.529233271083399069e-03
1.576885026728350283e+02 5.239023220883948272e-04 5.239023220883948272e-04 5.239023220883948272e-04 1.561742900607563430e-03 1.561742900607563430e-03 1.561742900607563430e-03
1.584225820126082738e+02 5.356944087073745552e-04 5.356944087073745552e-04 5.356944087073745552e-04 1.596674664420099851e-03 1.596674664420099851e-03 1.596674664420099851e-03
1.591566613523815192e+02 5.483529584442352160e-04 5.483529584442352160e-04 5.483529584442352160e-04 1.634178215999725504e-03 1.634178215999725504e-03 1.634178215999725504e-03
1.598907406921547647e+02 5.619339181849265568e-04 5.619339181849265568e-04 5.619339181849265568e-04 1.674418672871819678e-03 1.674418672871819678e-03 1.674418672871819678e-03
1.606248200319280102e+02 5.764990468887085844e-04 5.764990468887085844e-04 5.764990468887085844e-04 1.717578287867533183e-03 1.717578287867533183e-03 1.717578287867533183e-03
1.613588993717012556e+02 5.921165655725698501e-04 5.921165655725698501e-04 5.921165655725698501e-04 1.763858354315422580e-03 1.763858354315422580e-03 1.763858354315422580e-03
1.620929787114745011e+02 6.088618998656229178e-04 6.088618998656229178e-04 6.088618998656229178e-04 1.813481381590428126e-03 1.813481381590428126e-03 1.813481381590428126e-03
1.628270580512477466e+02 6.268185299848598327e-04 6.268185299848598327e-04 6.268185299848598327e-04 1.866693584114040121e-03 1.866693584114040121e-03 1.866693584114040121e-03
1.635611373910209920e+02 6.460789657694826320e-04 6.460789657694826320e-04 6.460789657694826320e-04 1.923767734935319471e-03 1.923767734935319471e-03 1.923767734935319471e-03
1.642952167307942375e+02 6.667458677851110767e-04 6.667458677851110767e-04 6.667458677851110767e-04 1.985006444741940421e-03 1.985006444741940421e-03 1.985006444741940421e-03
1.650292960705674830e+02 6.889333396116248181e-04 6.889333396116248181e-04 6.889333396116248181e-04 2.050745938951504307e-03 2.050745938951504307e-03 2.050745938951504307e-03
1.657633754103407284e+02 7.127684214367496643e-04 7.127684214367496643e-04 7.127684214367496643e-04 2.121360419918869727e-03 2.121360419918869727e-03 2.121360419918869727e-03
1.664974547501139739e+02 7.383928212172899581e-04 7.383928212172899581e-04 7.383928212172899581e-04 2.197267118902956201e-03 2.197267118902956201e-03 2.197267118902956201e-03
1.672315340898872194e+02 7.659649272295428754e-04 7.659649272295428754e-04 7.659649272295428754e-04 2.278932164079927603e-03 2.278932164079927603e-03 2.278932164079927603e-03
1.679656134296604648e+02 7.956621551802096513e-04 7.956621551802096513e-04 7.956621551802096513e-04 2.366877417611056716e-03 2.366877417611056716e-03 2.366877417611056716e-03
1.686996927694337103e+02 8.276836946675281007e-04 8.276836946675281007e-04 8.276836946675281007e-04 2.461688467915942174e-03 2.461688467915942174e-03 2.461688467915942174e-03
1.694337721092069557e+02 8.622537342906494429e-04 8.622537342906494429e-04 8.622537342906494429e-04 2.564024004604426466e-03 2.564024004604426466e-03 2.564024004604426466e-03
1.701678514489802012e+02 8.996252629154818459e-04 8.996252629154818459e-04 8.996252629154818459e-04 2.674626855250194710e-03 2.674626855250194710e-03 2.674626855250194710e-03
1.709019307887534467e+02 9.400845675846537493e-04 9.400845675846537493e-04 9.400845675846537493e-04 2.794337028315359208e-03 2.794337028315359208e-03 2.794337028315359208e-03
1.716360101285266921e+02 9.839565777204990673e-04 9.839565777204990673e-04 9.839565777204990673e-04 2.924107188976298160e-03 2.924107188976298160e-03 2.924107188976298160e-03
1.723700894682999376e+02 1.031611242494931023e-03 1.031611242494931023e-03 1.031611242494931023e-03 3.065021099556603651e-03 3.065021099556603651e-03 3.065021099556603651e-03
1.731041688080731831e+02 1.083471176054069673e-03 1.083471176054069673e-03 1.083471176054069673e-03 3.218315690694410758e-03 3.218315690694410758e-03 3.218315690694410758e-03
1.738382481478464285e+02 1.140020867102859619e-03 1.140020867102859619e-03 1.140020867102859619e-03 3.385407602617415603e-03 3.385407602617415603e-03 3.385407602617415603e-03
1.745723274876196740e+02 1.201817829828543760e-03 1.201817829828543760e-03 1.201817829828543760e-03 3.567925260664717244e-03 3.567925260664717244e-03 3.567925260664717244e-03
1.753064068273929195e+02 1.269506178665855221e-03 1.269506178665855221e-03 1.269506178665855221e-03 3.767747842840524913e-03 3.767747842840524913e-03 3.767747842840524913e-03
1.760404861671661649e+02 1.343833248845999803e-03 1.343833248845999803e-03 1.343833248845999803e-03 3.987052883648776157e-03 3.987052883648776157e-03 3.987052883648776157e-03
1.767745655069394104e+02 1.425670070431622532e-03 1.425670070431622532e-03 1.425670070431622532e-03 4.228374771043206734e-03 4.228374771043206734e-03 4.228374771043206734e-03
1.775086448467126559e+02 1.516036753154894039e-03 1.516036753154894039e-03 1.516036753154894039e-03 4.494677078800415719e-03 4.494677078800415719e-03 4.494677078800415719e-03
1.782427241864859013e+02 1.616134177889996327e-03 1.616134177889996327e-03 1.616134177889996327e-03 4.789442601310651970e-03 4.789442601310651970e-03 4.789442601310651970e-03
1.789768035262591468e+02 1.727383854179568960e-03 1.727383854179568960e-03 1.727383854179568960e-03 5.116786216739513393e-03 5.116786216739513393e-03 5.116786216739513393e-03
1.797108828660323923e+02 1.851478444778581738e-03 1.851478444778581738e-03 1.851478444778581738e-03 5.481597435504825290e-03 5.481597435504825290e-03 5.481597435504825290e-03
1.804449622058056377e+02 1.990446355976381500e-03 1.990446355976381500e-03 1.990446355976381500e-03 5.889721896059715682e-03 5.889721896059715682e-03 5.889721896059715682e-03
1.811790415455788832e+02 2.146735064039323199e-03 2.146735064039323199e-03 2.146735064039323199e-03 6.348194449098318141e-03 6.348194449098318141e-03 6.348194449098318141e-03
1.819131208853521287e+02 2.323319672523912333e-03 2.323319672523912333e-03 2.323319672523912333e-03 6.865541276096645724e-03 6.865541276096645724e-03 6.865541276096645724e-03
1.826472002251253741e+02 2.523845849557308871e-03 2.523845849557308871e-03 2.523845849557308871e-03 7.452175408150597639e-03 7.452175408150597639e-03 7.452175408150597639e-03
1.833812795648986196e+02 2.752820214809247653e-03 2.752820214809247653e-03 2.752820214809247653e-03 8.120920115713484155e-03 8.120920115713484155e-03 8.120920115713484155e-03
1.841153589046718650e+02 3.015867132789277170e-03 3.015867132789277170e-03 3.015867132789277170e-03 8.887709614943034575e-03 8.887709614943034575e-03 8.887709614943034575e-03
1.848494382444451105e+02 3.320079868354489094e-03 3.320079868354489094e-03 3.320079868354489094e-03 9.772539087510292641e-03 9.772539087510292641e-03 9.772539087510292641e-03
1.855835175842183560e+02 3.674508090515124850e-03 3.674508090515124850e-03 3.674508090515124850e-03 1.080077056389399520e-02 1.080077056389399520e-02 1.080077056389399520e-02
1.863175969239916014e+02 4.090846063390548432e-03 4.090846063390548432e-03 4.090846063390548432e-03 1.200495516700690081e-02 1.200495516700690081e-02 1.200495516700690081e-02
1.870516762637648469e+02 4.584422340889661440e-03 4.584422340889661440e-03 4.584422340889661440e-03 1.342741817652383721e-02 1.342741817652383721e-02 1.342741817652383721e-02
1.877857556035380924e+02 5.175652926322677622e-03 5.175652926322677622e-03 5.175652926322677622e-03 1.512399343770647574e-02 1.512399343770647574e-02 1.512399343770647574e-02
1.885198349433113378e+02 5.892225482733957041e-03 5.892225482733957041e-03 5.892225482733957041e-03 1.716952745294969551e-02 1.716952745294969551e-02 1.716952745294969551e-02
1.892539142830845833e+02 6.772470977770057680e-03 6.772470977770057680e-03 6.772470977770057680e-03 1.966617427029823326e-02 1.966617427029823326e-02 1.966617427029823326e-02
1.899879936228578288e+02 7.870730072738507319e-03 7.870730072738507319e-03 7.870730072738507319e-03 2.275620926201751826e-02 2.275620926201751826e-02 2.275620926201751826e-02
1.907220729626310742e+02 9.266204124763073244e-03 9.266204124763073244e-03 9.266204124763073244e-03 2.664237616026150085e-02 2.664237616026150085e-02 2.664237616026150085e-02
1.914561523024043197e+02 1.107818120312489135e-02 1.107818120312489135e-02 1.107818120312489135e-02 3.162119927836257866e-02 3.162119927836257866e-02 3.162119927836257866e-02
1.921902316421775652e+02 1.349359220583574472e-02 1.349359220583574472e-02 1.349359220583574472e-02 3.813938587886226556e-02 3.813938587886226556e-02 3.813938587886226556e-02
1.929243109819508106e+02 1.682011367551747988e-02 1.682011367551747988e-02 1.682011367551747988e-02 4.689280459007597740e-02 4.689280459007597740e-02 4.689280459007597740e-02
1.936583903217240561e+02 2.159709345387651747e-02 2.159709345387651747e-02 2.159709345387651747e-02 5.900634570967370346e-02 5.900634570967370346e-02 5.900634570967370346e-02
1.943924696614973016e+02 2.885403891337540161e-02 2.885403891337540161e-02 2.885403891337540161e-02 7.636874106562742404e-02 7.636874106562742404e-02 7.636874106562742404e-02
1.951265490012705470e+02 4.081467568166017440e-02 4.081467568166017440e-02 4.081467568166017440e-02 1.022457825290102734e-01 1.022457825290102734e-01 1.022457825290102734e-01
1.958606283410437925e+02 6.321552394405638431e-02 6.321552394405638431e-02 6.321552394405638431e-02 1.422464276225244573e-01 1.422464276225244573e-01 1.422464276225244573e-01
1.965947076808170380e+02 1.133658583763955674e-01 1.133658583763955674e-01 1.133658583763955674e-01 2.049855826651743318e-01 2.049855826651743318e-01 2.049855826651743318e-01
1.973287870205902834e+02 2.387688496731199539e-01 2.387688496731199539e-01 2.387688496731199539e-01 2.991094187505978774e-01 2.991094187505978774e-01 2.991094187505978774e-01
1.980628663603635289e+02 5.104603575839214979e-01 5.104603575839214979e-01 5.104603575839214979e-01 4.205380309192949251e-01 4.205380309192949251e-01 4.205380309192949251e-01
1.987969457001367743e+02 8.852690989979676850e-01 8.852690989979676850e-01 8.852690989979676850e-01 5.341932689119036626e-01 5.341932689119036626e-01 5.341932689119036626e-01
1.995310250399100198e+02 1.076870815919651836e+00 1.076870815919651836e+00 1.076870815919651836e+00 5.817617326044689507e-01 5.817617326044689507e-01 5.817617326044689507e-01
2.002651043796832653e+02 8.795372413088288210e-01 8.795372413088288210e-01 8.795372413088288210e-01 5.326840462802708842e-01 5.326840462802708842e-01 5.326840462802708842e-01
2.009991837194565107e+02 5.046404159321088434e-01 5.046404159321088434e-01 5.046404159321088434e-01 4.184312577030254165e-01 4.184312577030254165e-01 4.184312577030254165e-01
2.017332630592297562e+02 2.356544331364669453e-01 2.356544331364669453e-01 2.356544331364669453e-01 2.972671426352886392e-01 2.972671426352886392e-01 2.972671426352886392e-01
2.024673423990030017e+02 1.121039126335751923e-01 1.121039126335751923e-01 1.121039126335751923e-01 2.036896469325335801e-01 2.036896469325335801e-01 2.036896469325335801e-01
2.032014217387762471e+02 6.268728166608371344e-02 6.268728166608371344e-02 6.268728166608371344e-02 1.414050515501489302e-01 1.414050515501489302e-01 1.414050515501489302e-01
2.039355010785494926e+02 4.054776517128591551e-02 4.054776517128591551e-02 4.054776517128591551e-02 1.016974137923177396e-01 1.016974137923177396e-01 1.016974137923177396e-01
2.046695804183227381e+02 2.869503296519374316e-02 2.869503296519374316e-02 2.869503296519374316e-02 7.599557831325479129e-02 7.599557831325479129e-02 7.599557831325479129e-02
2.054036597580959835e+02 2.149110327301245044e-02 2.149110327301245044e-02 2.149110327301245044e-02 5.873809011908694838e-02 5.873809011908694838e-02 5.873809011908694838e-02
2.061377390978692290e+02 1.674336298060150052e-02 1.674336298060150052e-02 1.674336298060150052e-02 4.668905041315998122e-02 4.668905041315998122e-02 4.668905041315998122e-02
2.068718184376424745e+02 1.343417884100867564e-02 1.343417884100867564e-02 1.343417884100867564e-02 3.797643797154428430e-02 3.797643797154428430e-02 3.797643797154428430e-02
2.076058977774157199e+02 1.102953355387434504e-02 1.102953355387434504e-02 1.102953355387434504e-02 3.148464260676907961e-02 3.148464260676907961e-02 3.148464260676907961e-02
2.083399771171889654e+02 9.224426734783667051e-03 9.224426734783667051e-03 9.224426734783667051e-03 2.652309743722824908e-02 2.652309743722824908e-02 2.652309743722824908e-02
2.090740564569622109e+02 7.833383926320965432e-03 7.833383926320965432e-03 7.833383926320965432e-03 2.264823740022125359e-02 2.264823740022125359e-02 2.264823740022125359e-02
2.098081357967354563e+02 6.737960223147912778e-03 6.737960223147912778e-03 6.737960223147912778e-03 1.956546936463485556e-02 1.956546936463485556e-02 1.956546936463485556e-02
2.105422151365087018e+02 5.859467045801967401e-03 5.859467045801967401e-03 5.859467045801967401e-03 1.707327670112814694e-02 1.707327670112814694e-02 1.707327670112814694e-02
2.112762944762819473e+02 5.143888431218831582e-03 5.143888431218831582e-03 5.143888431218831582e-03 1.503018731992822321e-02 1.503018731992822321e-02 1.503018731992822321e-02
2.120103738160551927e+02 4.553106069977712334e-03 4.553106069977712334e-03 4.553106069977712334e-03 1.333458706205453183e-02 1.333458706205453183e-02 1.333458706205453183e-02
2.127444531558284382e+02 4.059575617446343349e-03 4.059575617446343349e-03 4.059575617446343349e-03 1.191200082957225015e-02 1.191200082957225015e-02 1.191200082957225015e-02
2.134785324956016836e+02 3.642980051152952189e-03 3.642980051152952189e-03 3.642980051152952189e-03 1.070685557210924142e-02 1.070685557210924142e-02 1.070685557210924142e-02
2.142126118353749291e+02 3.288060633205143902e-03 3.288060633205143902e-03 3.288060633205143902e-03 9.677012472410503538e-03 9.677012472410503538e-03 9.677012472410503538e-03
2.149466911751481746e+02 2.983173248447814393e-03 2.983173248447814393e-03 2.983173248447814393e-03 8.790055850787513100e-03 8.790055850787513100e-03 8.790055850787513100e-03
2.156807705149214200e+02 2.719304819038591368e-03 2.719304819038591368e-03 2.719304819038591368e-03 8.020723425155066102e-03 8.020723425155066102e-03 8.020723425155066102e-03
2.164148498546946655e+02 2.489389138817373233e-03 2.489389138817373233e-03 2.489389138817373233e-03 7.349094348986292581e-03 7.349094348986292581e-03 7.349094348986292581e-03
2.171489291944679110e+02 2.287822079216437782e-03 2.287822079216437782e-03 2.287822079216437782e-03 6.759290355957198876e-03 6.759290355957198876e-03 6.759290355957198876e-03
2.178830085342411564e+02 2.110112293253947960e-03 2.110112293253947960e-03 2.110112293253947960e-03 6.238530626322646468e-03 6.238530626322646468e-03 6.238530626322646468e-03
2.186170878740144019e+02 1.952625720602586866e-03 1.952625720602586866e-03 1.952625720602586866e-03 5.776434530791157117e-03 5.776434530791157117e-03 5.776434530791157117e-03
2.193511672137876474e+02 1.812396121517030568e-03 1.812396121517030568e-03 1.812396121517030568e-03 5.364500711865445408e-03 5.364500711865445408e-03 5.364500711865445408e-03
2.200852465535608928e+02 1.686982802096841268e-03 1.686982802096841268e-03 1.686982802096841268e-03 4.995713357960920170e-03 4.995713357960920170e-03 4.995713357960920170e-03
2.208193258933341383e+02 1.574362539857959058e-03 1.574362539857959058e-03 1.574362539857959058e-03 4.664241401368018208e-03 4.664241401368018208e-03 4.664241401368018208e-03
2.215534052331073838e+02 1.472846613405544769e-03 1.472846613405544769e-03 1.472846613405544769e-03 4.365206411287104148e-03 4.365206411287104148e-03 4.365206411287104148e-03
2.222874845728806292e+02 1.381016477563816718e-03 1.381016477563816718e-03 1.381016477563816718e-03 4.094501830684623041e-03 4.094501830684623041e-03 4.094501830684623041e-03
2.230215639126538747e+02 1.297673438626006882e-03 1.297673438626006882e-03 1.297673438626006882e-03 3.848650982036952526e-03 3.848650982036952526e-03 3.848650982036952526e-03
2.237556432524271202e+02 1.221798948513667851e-03 1.221798948513667851e-03 1.221798948513667851e-03 3.624694626813917530e-03 3.624694626813917530e-03 3.624694626813917530e-03
2.244897225922003656e+02 1.152523029352039595e-03 1.152523029352039595e-03 1.152523029352039595e-03 3.420101255293001626e-03 3.420101255293001626e-03 3.420101255293001626e-03
