# Dy3+ 10 200
5.000000000000000000e+00 1.729717068100825872e-01 7.167532064318153928e-01 1.264633345532616485e-02 2.081664622460132827e-02
5.412361133113946288e+00 1.363603447950700320e-01 7.139327208864448826e-01 1.184067363089125711e-02 2.086247518532714784e-02
5.824722266227891687e+00 1.184487025483375450e-01 7.533991994479830590e-01 1.119446580553992016e-02 2.155475761081098590e-02
6.237083399341837975e+00 1.167787272421527689e-01 8.892181616496273033e-01 1.065782218989031263e-02 2.281470092256727630e-02
6.649444532455783374e+00 7.141595414991794288e-02 1.060289909488599136e+00 1.020204727659270241e-02 2.443628259106661940e-02
7.061805665569729662e+00 9.902549592911222276e-02 1.275701163762287260e+00 9.808789494882313997e-03 2.609442398863010687e-02
7.474166798683675950e+00 6.378586718519779764e-02 1.383756267626759406e+00 9.465344888624452335e-03 2.742155954593763004e-02
7.886527931797621349e+00 6.904079576234389837e-02 1.458583297124948608e+00 9.162454365218342112e-03 2.811617702940763172e-02
8.298889064911566749e+00 4.829083906809306104e-02 1.410762305708314290e+00 8.893134399228598552e-03 2.804024972202558488e-02
8.711250198025513924e+00 5.623229242303555420e-02 1.397143635157912067e+00 8.651985163394836781e-03 2.727147228589866385e-02
9.123611331139459324e+00 5.863892087058173580e-02 1.262905149610469513e+00 8.434749272900204237e-03 2.608632803194549724e-02
9.535972464253404723e+00 5.256205142464446395e-02 1.085169713179944706e+00 8.238015948050129295e-03 2.485898792406161101e-02
9.948333597367351899e+00 3.899160833987107277e-02 9.943618509291394236e-01 8.059015464608828075e-03 2.388649742274875573e-02
1.036069473048129552e+01 4.859601389599951804e-02 9.548576081242694524e-01 7.895472336684819514e-03 2.322479581176185165e-02
1.077305586359524270e+01 2.576738833853176730e-02 8.820476144456866896e-01 7.745498057855101752e-03 2.267631697573304142e-02
1.118541699670918810e+01 4.152990976868430051e-02 7.815267410414998839e-01 7.607511236808364545e-03 2.195208177346321538e-02
1.159777812982313350e+01 3.128277682807943660e-02 6.668086046918804133e-01 7.480177148615412691e-03 2.085851065164209817e-02
1.201013926293708067e+01 2.559949046320055682e-02 5.826461419727951840e-01 7.362361322326092458e-03 1.938148285539356697e-02
1.242250039605102607e+01 2.728623822855823569e-02 4.571202984837608452e-01 7.253093453089863758e-03 1.766157392805158682e-02
1.283486152916497147e+01 3.135619794722982467e-02 3.460602874760499437e-01 7.151539025749290013e-03 1.591128068165077736e-02
1.324722266227891865e+01 2.778719952951056588e-02 2.681848379646062930e-01 7.056976777769900094e-03 1.432510974086227511e-02
1.365958379539286405e+01 2.656678742122713793e-02 2.056835408968872014e-01 6.968780639186834477e-03 1.301858514802050650e-02
1.407194492850680945e+01 2.553861315025291942e-02 1.847980631536084162e-01 6.886405144396956154e-03 1.201399971241561004e-02
1.448430606162075485e+01 2.359114519712375568e-02 1.198017217321677985e-01 6.809373564884632635e-03 1.126777486064482400e-02
1.489666719473470202e+01 2.071244980537840716e-02 1.168696193161146146e-01 6.737268195650446614e-03 1.071308030412059659e-02
1.530902832784864742e+01 2.496452564264216994e-02 1.083793945900725642e-01 6.669722362608388952e-03 1.029032815539604462e-02
1.572138946096259282e+01 7.966325962250019044e-03 8.524325661503280582e-02 6.606413817953854170e-03 9.957538595694842565e-03
1.613375059407653822e+01 4.909800313360374729e-03 8.730750223358693662e-02 6.547059265373229506e-03 9.688455615330771042e-03
1.654611172719048540e+01 1.221539746449304929e-02 6.108892343517745294e-02 6.491409813859460795e-03 9.467517799929671060e-03
1.695847286030443257e+01 1.143851180654346066e-02 7.251648825339530868e-02 6.439247202703179268e-03 9.285743137244267115e-03
1.737083399341837620e+01 2.505492216252749871e-03 3.922270878346875711e-02 6.390380674477700446e-03 9.138029698842996262e-03
1.778319512653232337e+01 1.397660442937014198e-02 5.436640389500073389e-02 6.344644400153264668e-03 9.021396592105265094e-03
1.819555625964626699e+01 2.445698062659396044e-02 5.662752411868180596e-02 6.301895382899500367e-03 8.934067465085647475e-03
1.860791739276021417e+01 1.130378247619504700e-02 6.870042823552804934e-02 6.262011786377108882e-03 8.875915147855167192e-03
1.902027852587416135e+01 2.132075693048146939e-02 7.446183440953142718e-02 6.224891651019285113e-03 8.850839856672114425e-03
1.943263965898810852e+01 1.965945005005017079e-02 4.345095249587986597e-02 6.190451979853022965e-03 8.871017480574963643e-03
1.984500079210205215e+01 5.420203255348953961e-03 6.259649387000829068e-02 6.158628196494337487e-03 8.962119238077286346e-03
2.025736192521599577e+01 1.683402583271759526e-02 6.488213081826257889e-02 6.129374006599672131e-03 9.166849055271982655e-03
2.066972305832994294e+01 3.700666057918726264e-03 9.673918910228679335e-02 6.102661738973166189e-03 9.539220123889507325e-03
2.108208419144389012e+01 1.910850043119451114e-02 9.475897014636956717e-02 6.078483322282068196e-03 1.011838415483330353e-02
2.149444532455783730e+01 6.545370629006917740e-03 1.095931375232937349e-01 6.056852212009264033e-03 1.088523319992339491e-02
2.190680645767178092e+01 1.416553466276925140e-02 1.465431660741400854e-01 6.037806940250108403e-03 1.173360642790343203e-02
2.231916759078572809e+01 1.575623170310572543e-02 2.051978389798158053e-01 6.021417911376838843e-03 1.248812598123240532e-02
2.273152872389967527e+01 1.638490273586954218e-02 2.059053757657434980e-01 6.007802097142916561e-03 1.296642125323411825e-02
2.314388985701361889e+01 -2.465200928434210445e-03 1.848136265080662644e-01 5.997160992499960333e-03 1.305549587207511728e-02
2.355625099012756607e+01 1.250063481857513828e-02 1.829023037512717276e-01 5.989892222019109827e-03 1.276401419371252580e-02
2.396861212324150969e+01 1.665990811852063880e-03 1.732933497562213487e-01 5.986909189699595769e-03 1.221934833480120379e-02
2.438097325635545687e+01 3.069367501875862846e-03 1.470931026299150679e-01 5.990381482829378393e-03 1.160085941037593445e-02
2.479333438946940404e+01 1.319953912302806662e-02 1.349661814172196661e-01 6.004798332529200783e-03 1.104080338991567795e-02
2.520569552258334767e+01 8.786546739236305095e-03 9.564038892243520440e-02 6.036915792735305687e-03 1.056607098236455808e-02
2.561805665569729484e+01 1.331857980685291661e-02 1.091223409050826182e-01 6.091672426445300312e-03 1.013273911425243562e-02
2.603041778881124202e+01 1.028153309749376895e-02 7.175991130006614815e-02 6.163985893850477439e-03 9.706705537169728337e-03
2.644277892192518564e+01 6.288159563555549211e-03 8.650664811238838181e-02 6.234583956009568523e-03 9.305126554324024551e-03
2.685514005503913282e+01 1.143765468019247028e-02 5.050711128995489380e-02 6.279107591561064808e-03 8.978557757674341527e-03
2.726750118815307999e+01 5.441620628830463706e-03 7.389919616772724908e-02 6.285716184787983746e-03 8.768955106182618406e-03
2.767986232126702362e+01 2.288063667705089038e-02 6.811498177930219722e-02 6.264911067205098869e-03 8.680745994220306905e-03
2.809222345438097079e+01 1.609904673997834129e-02 5.728392469256058522e-02 6.241864613135491777e-03 8.680734876085812249e-03
2.850458458749491797e+01 1.201727567862366682e-02 4.203304249032970008e-02 6.238673815054820646e-03 8.721715820311674167e-03
2.891694572060886159e+01 1.555091456795499281e-02 6.098739337539378635e-02 6.263455348668145808e-03 8.773912335433427592e-03
2.932930685372280877e+01 7.989875471777728444e-03 6.494182391926506259e-02 6.313442261875736213e-03 8.846420358692548558e-03
2.974166798683675239e+01 1.222627144915038218e-02 6.648445896785340481e-02 6.383563561165016449e-03 8.984049962251879767e-03
3.015402911995069957e+01 1.834744211289324883e-02 7.323643386511155540e-02 6.471287425763166956e-03 9.234914382308140324e-03
3.056639025306464674e+01 2.662674324285778382e-02 6.387294396386732076e-02 6.577108245838006982e-03 9.605654977823580715e-03
3.097875138617859037e+01 1.899004586502795952e-02 9.902426996805641091e-02 6.703716565687172640e-03 1.004324905032364865e-02
3.139111251929253754e+01 2.050139465727654833e-02 7.573504048211808504e-02 6.855605065548463217e-03 1.046901041818608380e-02
3.180347365240648472e+01 2.609416066200841849e-02 1.338427307315381010e-01 7.039497304817270845e-03 1.084427157342691787e-02
3.221583478552042834e+01 2.467646888178762904e-02 1.346969978994164707e-01 7.265853836050916933e-03 1.121462657319564037e-02
3.262819591863437552e+01 3.230446372022013901e-02 1.769223714448054374e-01 7.551875481267750906e-03 1.167998521898987174e-02
3.304055705174832269e+01 3.088454841876110343e-02 1.790094151297785263e-01 7.925209644701985273e-03 1.229428310166750561e-02
3.345291818486226987e+01 6.047534987062473666e-02 1.799851613901543024e-01 8.425286313138956318e-03 1.300169335519140920e-02
3.386527931797621704e+01 7.132108060508321468e-02 2.143255604915063062e-01 9.106442114935355686e-03 1.370699115882418120e-02
3.427764045109015711e+01 9.439582322246949098e-02 2.630858498635844644e-01 1.007792308545293197e-02 1.442505322200398309e-02
3.469000158420410429e+01 1.413341012781385297e-01 3.204790994598181730e-01 1.163152035450675664e-02 1.537504550377814458e-02
3.510236271731805147e+01 2.645351418449277126e-01 4.264580598748513030e-01 1.435726130082799409e-02 1.690914685632836575e-02
3.551472385043199154e+01 5.533633003618966262e-01 6.016124295925096011e-01 1.887210647429966859e-02 1.925875676873061229e-02
3.592708498354593871e+01 1.098333620690472356e+00 8.461991063595017959e-01 2.514295607690519158e-02 2.227620881793083985e-02
3.633944611665988589e+01 1.976390944360683521e+00 1.174066990869274241e+00 3.204722383818493781e-02 2.538284467044163786e-02
3.675180724977383306e+01 2.796630530148381588e+00 1.397212140960654381e+00 3.759020099856341668e-02 2.774576651804237098e-02
3.716416838288778024e+01 3.200678071365743893e+00 1.500449862436028514e+00 3.979057590459314508e-02 2.861331622649591899e-02
3.757652951600172742e+01 2.836557478762950169e+00 1.398356270094467835e+00 3.778544511442380460e-02 2.766918787792566059e-02
3.798889064911567459e+01 2.014893770235167469e+00 1.119838523788641460e+00 3.235639838285934988e-02 2.519321161683505186e-02
3.840125178222961466e+01 1.172300484212708271e+00 8.253017664880025750e-01 2.544570140489900434e-02 2.191043347573796291e-02
3.881361291534356184e+01 5.731939044422931229e-01 5.636580006735840698e-01 1.906013975594689214e-02 1.862767159622992150e-02
3.922597404845750901e+01 2.800485466885628272e-01 3.636212094717828358e-01 1.437247784336346569e-02 1.589177637938112009e-02
3.963833518157145619e+01 1.346398346107339494e-01 2.343915584007881803e-01 1.149564928826170111e-02 1.385817470801366247e-02
4.005069631468540337e+01 7.630223806309961720e-02 1.675619664930400599e-01 9.879764764706748525e-03 1.240138719554461331e-02
4.046305744779935054e+01 6.625565841494091002e-02 1.281275984202854823e-01 8.929172960541964521e-03 1.132776410330977798e-02
4.087541858091329061e+01 5.245031403121389046e-02 9.716946334170384336e-02 8.300170260193572361e-03 1.050600632779688515e-02
4.128777971402723779e+01 2.715720543896303976e-02 8.616427843969270972e-02 7.843163576666773579e-03 9.871955606906471226e-03
4.170014084714118496e+01 3.287302497304183529e-02 7.592681831919341484e-02 7.493610169730388106e-03 9.387250834258580381e-03
4.211250198025513214e+01 2.868633177844769414e-02 7.380544082712672815e-02 7.219827226763586916e-03 9.020198129443277382e-03
4.252486311336907931e+01 1.646516823370891558e-02 6.589727143774205820e-02 7.005298134990225675e-03 8.753804752399696812e-03
4.293722424648301939e+01 1.771832885903416518e-02 4.673444727550637307e-02 6.844093329542860760e-03 8.590434608740513817e-03
4.334958537959696656e+01 2.466774909381852163e-02 5.513342103226107765e-02 6.745290215686680461e-03 8.533106069188011594e-03
4.376194651271091374e+01 2.098318019852427399e-02 5.653045645294510479e-02 6.755383298441351714e-03 8.560885192128948884e-03
4.417430764582486091e+01 1.732768332487300000e-02 5.584195172242813199e-02 7.000390262704676153e-03 8.637875246641987803e-03
4.458666877893880809e+01 2.811222653140752620e-02 5.611452626424286161e-02 7.645524295333451167e-03 8.750355651242937641e-03
4.499902991205275526e+01 5.393405012401784882e-02 6.438651425573585496e-02 8.654961809181415527e-03 8.902211980949835401e-03
4.541139104516669533e+01 9.504127973960793674e-02 6.340960929183854511e-02 9.654272582505184913e-03 9.050044648257350721e-03
4.582375217828064251e+01 9.570744902700488443e-02 5.871684772892274418e-02 1.014189435662351743e-02 9.087141404218630758e-03
4.623611331139458969e+01 8.237662023265443501e-02 6.226216060121994578e-02 9.837105828450987133e-03 8.936464978958265012e-03
4.664847444450853686e+01 5.477299212497370451e-02 3.786693441636240776e-02 8.878512610785132403e-03 8.636371249670220587e-03
4.706083557762248404e+01 3.162970158249632513e-02 4.397629654151083423e-02 7.709182855211861585e-03 8.302916254769414361e-03
4.747319671073642411e+01 9.290108953651730547e-03 5.025646853774802525e-02 6.757701109749129562e-03 8.008374264686059923e-03
4.788555784385037128e+01 1.105444170095930961e-03 2.940270056729823306e-02 6.185330668761606157e-03 7.732014402344154248e-03
4.829791897696431846e+01 9.453591330210765753e-04 1.707199193755000108e-02 5.894825916955384257e-03 7.435988428221255477e-03
4.871028011007826564e+01 1.235118131883407994e-02 1.874117020265116465e-02 5.738990404552461212e-03 7.132976691767652783e-03
4.912264124319221281e+01 1.347796015318396615e-02 2.073165505325250124e-02 5.638400802833678886e-03 6.865927074350680094e-03
4.953500237630615999e+01 -3.273629357455294653e-03 1.862796314146176330e-02 5.563407849211554623e-03 6.659796360895605012e-03
4.994736350942010006e+01 4.918374863556422213e-03 1.241575931572552922e-02 5.502914579823061335e-03 6.509535625879237647e-03
5.035972464253404723e+01 -4.331390482970210766e-03 2.210057959872948827e-02 5.451880048047563418e-03 6.397927072553561550e-03
5.077208577564799441e+01 4.110643449501607573e-03 2.098810666902569538e-02 5.407571374496255960e-03 6.310431316311649642e-03
5.118444690876194159e+01 5.977479595426964630e-03 4.875171380094203699e-03 5.368332257203299422e-03 6.238199230118755476e-03
5.159680804187588876e+01 4.217590207271928147e-03 1.807507276214716241e-02 5.333082167794321246e-03 6.176280600290575198e-03
5.200916917498983594e+01 9.440504906894416071e-03 5.332332494327273950e-03 5.301076849707956826e-03 6.121819602217923664e-03
5.242153030810377601e+01 -3.735605676820643282e-03 1.305718601665222141e-02 5.271781419670507236e-03 6.073053935515477716e-03
5.283389144121772318e+01 8.227039882423349895e-03 1.693193866987041316e-02 5.244798161843008781e-03 6.028823271706723087e-03
5.324625257433167036e+01 -5.194898956431087851e-03 5.554186199025570349e-03 5.219823134591766722e-03 5.988322241762546530e-03
5.365861370744561754e+01 -4.360700254315156080e-03 2.222225500009832738e-02 5.196618918217603585e-03 5.950968136736715756e-03
5.407097484055956471e+01 -1.614829734448378767e-05 1.916547478291067558e-02 5.174996866737894413e-03 5.916325375263301392e-03
5.448333597367350478e+01 1.954766955711159659e-03 1.372899743547524413e-02 5.154805197507559070e-03 5.884059978986671754e-03
5.489569710678745196e+01 4.014928660069445356e-03 8.753327205742995540e-03 5.135920803330074752e-03 5.853910889584338847e-03
5.530805823990139913e+01 -5.600023946916677861e-04 6.730241128520457819e-03 5.118243521733837308e-03 5.825671238798957319e-03
5.572041937301534631e+01 8.540875318585508524e-03 1.017215321140042990e-02 5.101692081978637106e-03 5.799175772267880016e-03
5.613278050612929349e+01 2.823464148573480697e-03 1.154510101417953460e-02 5.086201238863141336e-03 5.774292238068056901e-03
5.654514163924324066e+01 1.202312121327304105e-02 -5.136541744853861426e-03 5.071719780135006649e-03 5.750915433649522214e-03
5.695750277235718073e+01 -5.648517477445789102e-03 9.595090452779725734e-03 5.058209208194961413e-03 5.728963111574817205e-03
5.736986390547112791e+01 6.451304868964662098e-03 1.241406871059231101e-02 5.045642973335372726e-03 5.708373248698608675e-03
5.778222503858507508e+01 -6.921275791607161935e-04 2.578328651794619536e-03 5.034006190619623108e-03 5.689102375208946946e-03
5.819458617169902226e+01 -3.258017296023584322e-03 1.076021278363995144e-02 5.023295815516783981e-03 5.671124788510010367e-03
5.860694730481296943e+01 1.281939772978087522e-03 8.568752359745784170e-03 5.013521291320635967e-03 5.654432570735714800e-03
5.901930843792690951e+01 2.421030342018160985e-03 2.157374144901328013e-03 5.004705719575509339e-03 5.639036405652892402e-03
5.943166957104085668e+01 1.257978907364750050e-04 1.500247644100497282e-02 4.996887648358249237e-03 5.624967263678242249e-03
5.984403070415480386e+01 1.945987494488947769e-03 -7.874354965534038214e-05 4.990123628312294508e-03 5.612279103847867337e-03
6.025639183726875103e+01 1.007860297600399191e-02 7.614249511074003447e-03 4.984491760844507804e-03 5.601052840916338760e-03
6.066875297038269821e+01 -4.429172051877367303e-03 1.554556610353010661e-02 4.980096568755495653e-03 5.591401960031284687e-03
6.108111410349664538e+01 4.642013516477322237e-03 6.184724406067038452e-03 4.977075675346701381e-03 5.583480353643146057e-03
6.149347523661058545e+01 5.436349930421970414e-03 7.265974202732435570e-03 4.975609013926842079e-03 5.577493241629061585e-03
6.190583636972453263e+01 -2.320344180811028268e-03 5.835604728171103588e-03 4.975931656357320335e-03 5.573712475432535118e-03
6.231819750283847981e+01 4.521639034844768604e-03 -7.822420325946408820e-03 4.978351934778175655e-03 5.572498221274486963e-03
6.273055863595242698e+01 6.169045471857160720e-03 1.115343233967900152e-03 4.983277492523431260e-03 5.574330143072118125e-03
6.314291976906637416e+01 -1.579706703333072504e-03 6.871556279761104058e-04 4.991253531299807283e-03 5.579853082626699823e-03
6.355528090218031423e+01 5.983870852999543036e-03 1.431494285968227219e-02 5.003020389098639976e-03 5.589945461942629791e-03
6.396764203529426140e+01 1.725924280097767237e-03 8.671325142587808441e-03 5.019602839069036218e-03 5.605824374508687653e-03
6.438000316840820858e+01 7.609696966329793089e-03 -1.531064326714016467e-03 5.042453618582399405e-03 5.629211948333979337e-03
6.479236430152215576e+01 6.762693976499169028e-03 -6.558204087065006016e-04 5.073694365276135848e-03 5.662608059219110049e-03
6.520472543463610293e+01 2.908458742558829579e-03 -5.349718641840752256e-03 5.116542535406945306e-03 5.709756002062217443e-03
6.561708656775005011e+01 5.586860290683714862e-03 1.383809580031218275e-02 5.176122319895462565e-03 5.776476328757119624e-03
6.602944770086398307e+01 9.383772807892175327e-03 -4.913902385743032508e-03 5.261156826482150418e-03 5.872241856649021083e-03
6.644180883397794446e+01 3.029156498761554489e-04 1.059653888756335004e-02 5.388027337679427049e-03 6.013306364875783613e-03
6.685416996709187742e+01 9.574112125678782559e-03 -2.518904768088112839e-03 5.593039655487971364e-03 6.228915416437646319e-03
6.726653110020583881e+01 -3.210849073818869415e-03 1.568656872683339698e-02 5.980138244951244478e-03 6.570569311557224526e-03
6.767889223331977178e+01 3.441931095040619282e-02 2.001511476643517973e-02 6.849826824601825889e-03 7.104827642986111594e-03
6.809125336643373316e+01 4.619620858572244526e-02 4.991728830996077643e-02 8.553703278810326563e-03 7.825335203197928205e-03
6.850361449954766613e+01 9.748208662777220479e-02 5.654557157632893183e-02 1.054233757464387994e-02 8.504000270971957820e-03
6.891597563266161330e+01 1.466263398467783363e-01 5.524466570074405142e-02 1.127949231791178404e-02 8.770514798680526317e-03
6.932833676577556048e+01 9.578423269564637077e-02 4.952460135599937030e-02 1.010670232432850542e-02 8.509831331159900536e-03
6.974069789888950766e+01 4.876709112629141335e-02 2.961037919551392020e-02 8.326484369580224379e-03 8.069980424412582370e-03
7.015305903200345483e+01 3.889950742202723244e-02 4.321691813336778210e-02 7.869946124564420470e-03 7.939507294673596449e-03
7.056542016511740201e+01 8.111849263724939252e-02 5.099333984902552908e-02 9.244188491359954865e-03 8.229535473406119489e-03
7.097778129823134918e+01 1.081277120165945044e-01 5.687948546170803338e-02 1.074652768708416091e-02 8.540938271072166105e-03
7.139014243134529636e+01 9.558230193387123874e-02 3.669977758711893967e-02 1.053297293882357252e-02 8.420355475004446394e-03
7.180250356445922932e+01 4.406902214941321033e-02 4.013281783966058530e-02 8.739869588231773123e-03 7.854952466870129477e-03
7.221486469757317650e+01 1.321201266003997968e-02 3.869271543363105026e-02 7.003543542353734067e-03 7.204589624660130871e-03
7.262722583068712368e+01 1.162490395944290426e-02 3.030909344869435126e-02 6.164617968403302700e-03 6.762710366217535365e-03
7.303958696380107085e+01 5.660397416332677706e-04 2.155407796897431186e-02 5.965337730109283171e-03 6.600183311176793452e-03
7.345194809691501803e+01 1.032901193445459609e-02 1.951268674778803419e-02 6.275806668881325420e-03 6.716221304691182524e-03
7.386430923002896520e+01 2.706833629339320049e-02 1.826833026940533761e-02 7.411428325059590642e-03 7.088010929042350486e-03
7.427667036314291238e+01 7.420376340696033246e-02 2.519604652760223246e-02 9.044661977359681748e-03 7.513296946606703650e-03
7.468903149625685955e+01 8.152848365047986323e-02 4.656326435363188770e-02 9.572920956643369075e-03 7.616425375035660097e-03
7.510139262937080673e+01 5.000054400930433601e-02 2.234947509762881188e-02 8.327167148746105613e-03 7.251608557514393691e-03
7.551375376248475391e+01 2.192670061222006667e-02 2.006277163400320071e-02 6.678320543907503848e-03 6.679985095569237682e-03
7.592611489559870108e+01 1.156610088467909317e-02 1.599435816079147060e-02 5.748796690762199638e-03 6.200489319420313117e-03
7.633847602871263405e+01 -4.249353173479184995e-03 4.137490802269234297e-03 5.359317038958947774e-03 5.885208591115423382e-03
7.675083716182658122e+01 3.460567182694525637e-03 2.378651619990518849e-03 5.165465571401276282e-03 5.685199119844147782e-03
7.716319829494052840e+01 1.275230378031212003e-02 6.320102549666313518e-03 5.047406396959383708e-03 5.551814718301885387e-03
7.757555942805447557e+01 2.765247977461488676e-03 5.613169847973004632e-03 4.966983957764039420e-03 5.457277685037810293e-03
7.798792056116842275e+01 -1.926490599577978732e-04 1.239752172873653802e-02 4.908236233031917396e-03 5.386710568069138019e-03
7.840028169428236993e+01 9.276242555215530750e-04 -3.407112555457682788e-03 4.863157627694742434e-03 5.331793435929790999e-03
7.881264282739631710e+01 1.095142097672166265e-04 1.693121280185152719e-02 4.827266003612835921e-03 5.287596988722900737e-03
7.922500396051026428e+01 5.183967779851437162e-03 9.723826040235833412e-03 4.797851918455517915e-03 5.251042945631910486e-03
7.963736509362421145e+01 -3.906596602043185297e-03 1.032187029442573067e-02 4.773180071688827748e-03 5.220120444541383707e-03
8.004972622673815863e+01 -3.821658555972134996e-03 2.960873598171948323e-03 4.752087241004074661e-03 5.193464830764426936e-03
8.046208735985210581e+01 9.528636066982601807e-03 5.930349192896278501e-03 4.733764271470760482e-03 5.170119454406436020e-03
8.087444849296603877e+01 7.241928713671073534e-03 7.962365719690280355e-03 4.717630733786268293e-03 5.149394785092265350e-03
8.128680962607998595e+01 -3.064211970040212930e-03 4.262477852103600112e-03 4.703259328603631717e-03 5.130781754057458025e-03
8.169917075919393312e+01 6.812858211510385356e-03 9.570608967599713440e-03 4.690328430833047742e-03 5.113896591576634620e-03
8.211153189230788030e+01 5.018595467864707740e-03 -6.380842206216152945e-04 4.678591265686577946e-03 5.098444638812050719e-03
8.252389302542182747e+01 -2.952054207444966549e-03 3.267319817770814473e-03 4.667855289541276639e-03 5.084195967148135570e-03
8.293625415853577465e+01 1.872835729506938792e-03 3.152945601484572098e-03 4.657968038334280372e-03 5.070968559709384225e-03
8.334861529164972183e+01 -2.352970123995802576e-03 -2.250880068545313764e-03 4.648807192748298685e-03 5.058616462213920070e-03
8.376097642476366900e+01 6.171520160210361254e-03 1.253723871464567166e-04 4.640273462416544606e-03 5.047021275480619712e-03
8.417333755787761618e+01 8.937629983735196487e-03 2.572403995060061274e-04 4.632285397167100298e-03 5.036085942211162431e-03
8.458569869099156335e+01 -3.774426500929185715e-03 1.602995860249262303e-03 4.624775542118267184e-03 5.025730138832991065e-03
8.499805982410551053e+01 4.289941424384856490e-03 6.492708995177820172e-03 4.617687546931191836e-03 5.015886809566359912e-03
8.541042095721944349e+01 -1.234553370251201222e-03 -4.953545311072757133e-04 4.610973963647731037e-03 5.006499526091325210e-03
8.582278209033339067e+01 1.393229681977214670e-03 7.707998386137224819e-04 4.604594548868097721e-03 4.997520452514204146e-03
8.623514322344733785e+01 -7.284356624140586513e-04 3.684633006143136873e-04 4.598514940346795817e-03 4.988908759952575926e-03
8.664750435656128502e+01 1.097373719756820779e-04 5.378695678644726530e-03 4.592705615016926153e-03 4.980629379138241074e-03
8.705986548967523220e+01 1.027328096370794686e-03 -2.771912159086437673e-03 4.587141060969409517e-03 4.972652009974166606e-03
