# [ 0.         0.        19.8798591], [0.         0.         3.88554929], [ 0.          0.         19.97898194]
5.000000000000000000e+00 1.851881098248987223e-01 1.850931834940449383e-01 1.895905090743530419e-01 7.149650610597595435e-01 7.153005763497680691e-01 7.168028680857557733e-01
5.274447710667810263e+00 1.620827109523333698e-01 1.620138312643705780e-01 1.658931052880387447e-01 7.117858967658149405e-01 7.114843913964384869e-01 7.162490381786442706e-01
5.548895421335620526e+00 1.435404651331640968e-01 1.434880119540296872e-01 1.468898449656497740e-01 7.331751727212229008e-01 7.317784497846434588e-01 7.411413495972846155e-01
5.823343132003430789e+00 1.282930679408341434e-01 1.282514865595890952e-01 1.312705453520385812e-01 7.794554309432775163e-01 7.764986620646746607e-01 7.916407371943393612e-01
6.097790842671241052e+00 1.155254936543065880e-01 1.154914761032350551e-01 1.181952961616082737e-01 8.502662448027019648e-01 8.452725668841885032e-01 8.670679956482247874e-01
6.372238553339050426e+00 1.046850504579236868e-01 1.046565305422756942e-01 1.070956640133685356e-01 9.432519443180173990e-01 9.357450784212126838e-01 9.645719069979974414e-01
6.646686264006860689e+00 9.537865072917983689e-02 9.535426761716926658e-02 9.756794909178077846e-02 1.052908339562129703e+00 1.042468141530549453e+00 1.078000803013381192e+00
6.921133974674670952e+00 8.731589918212892543e-02 8.729471186797335691e-02 8.931420322699436254e-02 1.170053734808785162e+00 1.156427193511643248e+00 1.197462348064136428e+00
7.195581685342481215e+00 8.027598124791776590e-02 8.025731253110489349e-02 8.210800934338230439e-02 1.282360412003980432e+00 1.265614493279119346e+00 1.310007474381289727e+00
7.470029396010291478e+00 7.408726345062872920e-02 7.407061058533177811e-02 7.577345098577061011e-02 1.376108134237609804e+00 1.356778616037866314e+00 1.401565272916410310e+00
7.744477106678101741e+00 6.861402422619952701e-02 6.859900482935721300e-02 7.017145890146606058e-02 1.438868859903104536e+00 1.418036923401998495e+00 1.459773567559323970e+00
8.018924817345912004e+00 6.374742463108107327e-02 6.373374215927131436e-02 6.519053259604211392e-02 1.462390589273609764e+00 1.441623721415998149e+00 1.476906670549573253e+00
8.293372528013721379e+00 5.939914506790929666e-02 5.938656578923325047e-02 6.074020722209649836e-02 1.444741358317856106e+00 1.425873938424187193e+00 1.451929632319804764e+00
8.567820238681532530e+00 5.549677857674673725e-02 5.548511566763984770e-02 5.674632670284019548e-02 1.390933689651691285e+00 1.375723514383761170e+00 1.390923784974281707e+00
8.842267949349341905e+00 5.198042450237657514e-02 5.196952676289229994e-02 5.314754998908868822e-02 1.311732203576696731e+00 1.301484434032444515e+00 1.305656721265191722e+00
9.116715660017153056e+00 4.880012589962282737e-02 4.878986956991358814e-02 4.989272351509450171e-02 1.220953563942407616e+00 1.216224794867639014e+00 1.210685480779636336e+00
9.391163370684962430e+00 4.591391335949210339e-02 4.590419607705766014e-02 4.693887593042080780e-02 1.132053021101549373e+00 1.132524046275943608e+00 1.119836874487649236e+00
9.665611081352771805e+00 4.328629272761161384e-02 4.327702899561376021e-02 4.424966817109599049e-02 1.054986813280669233e+00 1.059535981724953668e+00 1.043057729035524739e+00
9.940058792020582956e+00 4.088706282463247521e-02 4.087818056676438550e-02 4.179418194914746865e-02 9.942114264248039790e-01 1.001158968621543632e+00 9.844671537574727349e-01
1.021450650268839411e+01 3.869038183497434252e-02 3.868181974417050917e-02 3.954596319450734421e-02 9.483077609559344978e-01 9.557596656010284297e-01 9.420662146537789328e-01
1.048895421335620348e+01 3.667402333379380514e-02 3.666572880907041643e-02 3.748225989009461995e-02 9.112296976107807644e-01 9.174362979548359442e-01 9.090880684051283467e-01
1.076340192402401286e+01 3.481877849937046326e-02 3.481070602383484758e-02 3.558340973299189275e-02 8.747081346289021786e-01 8.783614202311761376e-01 8.765177333161624507e-01
1.103784963469182401e+01 3.310797211994000872e-02 3.310008197344040809e-02 3.383234440730391313e-02 8.310207943065012204e-01 8.314354480557789584e-01 8.359875093616441211e-01
1.131229734535963338e+01 3.152706797468025207e-02 3.151932520286049311e-02 3.221418543224948555e-02 7.752679899795150709e-01 7.724186648887112483e-01 7.821677402136635315e-01
1.158674505602744276e+01 3.006334498727659260e-02 3.005571856889379181e-02 3.071591251767750996e-02 7.065127223168690129e-01 7.009324188010541690e-01 7.139778608140757710e-01
1.186119276669525391e+01 2.870562984855801192e-02 2.869809201738179189e-02 2.932608976710096224e-02 6.275790998271468801e-01 6.201564992107607699e-01 6.343841491904057550e-01
1.213564047736306506e+01 2.744407501376705874e-02 2.743660070190940409e-02 2.803463835882940430e-02 5.437824887300132248e-01 5.355200457730011632e-01 5.490552886976461933e-01
1.241008818803087443e+01 2.626997339973199605e-02 2.626253977701095352e-02 2.683264681648424993e-02 4.611879314534151897e-01 4.529870209244466484e-01 4.645001031450061157e-01
1.268453589869868381e+01 2.517560294837099810e-02 2.516818903807909943e-02 2.571221186749033868e-02 3.850404002082525312e-01 3.775619728732007019e-01 3.863755671355514343e-01
1.295898360936649496e+01 2.415409563575863366e-02 2.414668199153431269e-02 2.466630433616479393e-02 3.188038571398203458e-01 3.124211193854475876e-01 3.184412296181375890e-01
1.323343132003430433e+01 2.319932659862257440e-02 2.319189503039963823e-02 2.368865563778401601e-02 2.639241583925238110e-01 2.587524823922532358e-01 2.622924110164798761e-01
1.350787903070211549e+01 2.230581990138922818e-02 2.229835324089762816e-02 2.277366131229979079e-02 2.201563007593958232e-01 2.161272603802948389e-01 2.177056583523636069e-01
1.378232674136992486e+01 2.146866813466084475e-02 2.146115003287124914e-02 2.191629872058780543e-02 1.861680053316272787e-01 1.831128770467543021e-01 1.832867403447470678e-01
1.405677445203773424e+01 2.068346356323811155e-02 2.067587831362506165e-02 2.111205656628567517e-02 1.601520565573930910e-01 1.578706216457264055e-01 1.571306068153606739e-01
1.433122216270554539e+01 1.994623896062219445e-02 1.993857134327176733e-02 2.035687433535470284e-02 1.402856628158334895e-01 1.385903806881589040e-01 1.373166203166020782e-01
1.460566987337335476e+01 1.925341660156145926e-02 1.924565174404764545e-02 1.964709008831037190e-02 1.249908638603829669e-01 1.237277393549524457e-01 1.221884472675707212e-01
1.488011758404116591e+01 1.860176415304546499e-02 1.859388740470008239e-02 1.897939531546734976e-02 1.130280491390240061e-01 1.120811131826499746e-01 1.104534305931267890e-01
1.515456529470897529e+01 1.798835642126097450e-02 1.798035323801057753e-02 1.835079578796183081e-02 1.034845053768152917e-01 1.027715486257059219e-01 1.011690095318759641e-01
1.542901300537678644e+01 1.741054208824751801e-02 1.740239792561742993e-02 1.775857751784810923e-02 9.571531545764593030e-02 9.518061478554609711e-02 9.367864913623362433e-02
1.570346071604459581e+01 1.686591471571505935e-02 1.685761492793031585e-02 1.720027708782879625e-02 8.927473799260753073e-02 8.888203372099211241e-02 8.753857333351561243e-02
1.597790842671240696e+01 1.635228741126121613e-02 1.634381715462358831e-02 1.667365573187402916e-02 8.385685880512008805e-02 8.358388587026703564e-02 8.245522844174792143e-02
1.625235613738021812e+01 1.586767064918016140e-02 1.585901478808295420e-02 1.617667664738388356e-02 7.925105708375745905e-02 7.908577712536773996e-02 7.823864008240195844e-02
1.652680384804802571e+01 1.541025281824135069e-02 1.540139583230628988e-02 1.570748510180473498e-02 7.531106327525180499e-02 7.524921876987603064e-02 7.476909721505825557e-02
1.680125155871583686e+01 1.497838313544581565e-02 1.496930902633495340e-02 1.526439096502837413e-02 7.193408901267150934e-02 7.197754660551014538e-02 7.197188074471687347e-02
1.707569926938364802e+01 1.457055662040970465e-02 1.456124881687900427e-02 1.484585335612876623e-02 6.904656153461281864e-02 6.920195747723642543e-02 6.979514995990580839e-02
1.735014698005145561e+01 1.418540087174407875e-02 1.417584213146167067e-02 1.445046714116213910e-02 6.659401763117665796e-02 6.687140491254517372e-02 6.818856009909844695e-02
1.762459469071926677e+01 1.382166442627606219e-02 1.381183673281707880e-02 1.407695105962116118e-02 6.453400202856131307e-02 6.494552198985800717e-02 6.708396844924427449e-02
1.789904240138707792e+01 1.347820651556799927e-02 1.346809096880459064e-02 1.372413729214840353e-02 6.283198221478591972e-02 6.339101026017290863e-02 6.638337960685104788e-02
1.817349011205488551e+01 1.315398806309391218e-02 1.314356476089592607e-02 1.339096231251994500e-02 6.146100798088986739e-02 6.218264477853588379e-02 6.596096188500757962e-02
1.844793782272269667e+01 1.284806379061929731e-02 1.283731169932793466e-02 1.307645889381254742e-02 6.040586717108280962e-02 6.130991137697693744e-02 6.568361075350367950e-02
1.872238553339050782e+01 1.255957532469087132e-02 1.254847213515876587e-02 1.277974916310307789e-02 5.967188109060531098e-02 6.078942956915262680e-02 6.544819586660120814e-02
1.899683324405831542e+01 1.228774521452525789e-02 1.227626717953016026e-02 1.250003862207473004e-02 5.929774223692314827e-02 6.068233893175940807e-02 6.522635071928409300e-02
1.927128095472613012e+01 1.203187179186728482e-02 1.201999353924040545e-02 1.223661107370234771e-02 5.937161047215192694e-02 6.111543119436507743e-02 6.510418204762914718e-02
1.954572866539393772e+01 1.179132482257596454e-02 1.177901913617744253e-02 1.198882441922400482e-02 6.005026178698153611e-02 6.230488656647539814e-02 6.530757131865004561e-02
1.982017637606174887e+01 1.156554192007049758e-02 1.155277947736173608e-02 1.175610731687104851e-02 6.158144615367846381e-02 6.458041287294850885e-02 6.621185268098359056e-02
2.009462408672956002e+01 1.135402571413234897e-02 1.134077476380866180e-02 1.153795672725553383e-02 6.432746461905682056e-02 6.840271231833849885e-02 6.834066177044829937e-02
2.036907179739736762e+01 1.115634179765485207e-02 1.114256775235191420e-02 1.133393641449393328e-02 6.878080637545042064e-02 7.435700339106812717e-02 7.235489569483170846e-02
2.064351950806517877e+01 1.097211751323134109e-02 1.095778241844827874e-02 1.114367653466413928e-02 7.555032790545147814e-02 8.309309557296974680e-02 7.901676843787169835e-02
2.091796721873298992e+01 1.080104169870199811e-02 1.078610351559588197e-02 1.096687453721531709e-02 8.528444304740040449e-02 9.517900758154650143e-02 8.909427800370889328e-02
2.119241492940079752e+01 1.064286560012781685e-02 1.062727719850006455e-02 1.080329775459844266e-02 9.849891536811467008e-02 1.108559150883835498e-01 1.031670467708392797e-01
2.146686264006860867e+01 1.049740531005874562e-02 1.048111299143262946e-02 1.065278830780982434e-02 1.153065311206688398e-01 1.297362827522190731e-01 1.213265157225853624e-01
2.174131035073641982e+01 1.036454635814392997e-02 1.034748757813610219e-02 1.051527141053857327e-02 1.351088540556985296e-01 1.505600197839628007e-01 1.428372155688888423e-01
2.201575806140423097e+01 1.024425160949123809e-02 1.022635124721184806e-02 1.039076904277259732e-02 1.563840303186378733e-01 1.711702432754683978e-01 1.659124304386974669e-01
2.229020577207203857e+01 1.013657476156961702e-02 1.011773854158970476e-02 1.027942285867228418e-02 1.767373424286630135e-01 1.888343044071391363e-01 1.877939505781131557e-01
2.256465348273984972e+01 1.004168435619109782e-02 1.002178622190240918e-02 1.018153455349348271e-02 1.933190139178841138e-01 2.008957383941152863e-01 2.052496896346227284e-01
2.283910119340766087e+01 9.959909472346175491e-03 9.938765303839997012e-03 1.009764232065571768e-02 2.035505831829398926e-01 2.055526984649683198e-01 2.154121208390457620e-01
2.311354890407546847e+01 9.891832655076803274e-03 9.869142632098650350e-03 1.002867628943303509e-02 2.059108450853742167e-01 2.024351638252100405e-01 2.166651685641552971e-01
2.338799661474327962e+01 9.838485543997285698e-03 9.813707304878451984e-03 9.976287456946734272e-03 2.004391524810664738e-01 1.926999972731082145e-01 2.091907581438440245e-01
2.366244432541109077e+01 9.801753964692178425e-03 9.773837599534675874e-03 9.943536893729816931e-03 1.887048922522625016e-01 1.785810166185127779e-01 1.949015601342666548e-01
2.393689203607890192e+01 9.785158623623705157e-03 9.752050197653076152e-03 9.936249409430797722e-03 1.732382023841482210e-01 1.626003353709703225e-01 1.767702944962122880e-01
2.421133974674670952e+01 9.795176000862689317e-03 9.753041245850356186e-03 9.965369143434866378e-03 1.566783230323787190e-01 1.468035866648025600e-01 1.578544653959279009e-01
2.448578745741452067e+01 9.843044381468690415e-03 9.785396805729958472e-03 1.005032937120469566e-02 1.410163474660094396e-01 1.323348168300204630e-01 1.404383583878103248e-01
2.476023516808233182e+01 9.946370628314549212e-03 9.863809371567664949e-03 1.022238605630502138e-02 1.272258631792195227e-01 1.194598189590188320e-01 1.256132418348085700e-01
2.503468287875013942e+01 1.012883678310849342e-02 1.001077075399427196e-02 1.052498779417289712e-02 1.153542081526084950e-01 1.079159954186914017e-01 1.133731038266982682e-01
2.530913058941795057e+01 1.041553037450281514e-02 1.025544827184016877e-02 1.100653300811576391e-02 1.049266066255959279e-01 9.734320651454671236e-02 1.030659525226472750e-01
2.558357830008576173e+01 1.082220927891633031e-02 1.062673335768551941e-02 1.170167085134191792e-02 9.541016925671196025e-02 8.757858171360019539e-02 9.392659828851596115e-02
2.585802601075357288e+01 1.134028039351495445e-02 1.113897243553758562e-02 1.260307131880018285e-02 8.652463910019869697e-02 7.872794449399936334e-02 8.545416571880232182e-02
2.613247372142138047e+01 1.192452261723223571e-02 1.177372007904194627e-02 1.363549328421271266e-02 7.831786734424826812e-02 7.106150012096491830e-02 7.753266881285056367e-02
2.640692143208919163e+01 1.249370415044400058e-02 1.246717929946986048e-02 1.465138750037835863e-02 7.105645063412949214e-02 6.484829910848399770e-02 7.033657654470208687e-02
2.668136914275700278e+01 1.295050881515221776e-02 1.311547429874948371e-02 1.546276326606496436e-02 6.504773889404048826e-02 6.022908879461153636e-02 6.414337601121204713e-02
2.695581685342481393e+01 1.321612293591193851e-02 1.360330276663138105e-02 1.590463809204697987e-02 6.049542262750828847e-02 5.716781457832215141e-02 5.917044119328424001e-02
2.723026456409262153e+01 1.326322812707974620e-02 1.384702335390548475e-02 1.590185044712354168e-02 5.743257942615224987e-02 5.546848884605208585e-02 5.549383764991783902e-02
2.750471227476043268e+01 1.312888491059204313e-02 1.383066070077984891e-02 1.550249220889144720e-02 5.572279370330140286e-02 5.482463882380322895e-02 5.304361773920488604e-02
2.777915998542824383e+01 1.289962650071617770e-02 1.361407607057330861e-02 1.485811366152696954e-02 5.510014800621426678e-02 5.487889878953314260e-02 5.164026303069138568e-02
2.805360769609605143e+01 1.267770800153920734e-02 1.330839840308106932e-02 1.416260903006304715e-02 5.522800145744373446e-02 5.528765718923144001e-02 5.104312357688095547e-02
2.832805540676386258e+01 1.254735829889280438e-02 1.303339612210370133e-02 1.358446270971810921e-02 5.577104426228569195e-02 5.579065711445976156e-02 5.100188271918194155e-02
2.860250311743167373e+01 1.255658196312698510e-02 1.288005302418125837e-02 1.322507600472584179e-02 5.647654511639824126e-02 5.627616891575950436e-02 5.131276734595335148e-02
2.887695082809948488e+01 1.271811416484085362e-02 1.289429971856386609e-02 1.311451242613586449e-02 5.724927260839351995e-02 5.682178708068059969e-02 5.187560006199519458e-02
2.915139853876729248e+01 1.302250655296128927e-02 1.308268360658576199e-02 1.323385784035096928e-02 5.819471036289519672e-02 5.769220473169038577e-02 5.273602178873412760e-02
2.942584624943510363e+01 1.345325644497876588e-02 1.342969835018385100e-02 1.354468291104646803e-02 5.960910396464521449e-02 5.928877417649430076e-02 5.409297971494083507e-02
2.970029396010291478e+01 1.399738428510193325e-02 1.391507459626452163e-02 1.401117219733538297e-02 6.191094782467309460e-02 6.205983313253213979e-02 5.625907827151405832e-02
2.997474167077072238e+01 1.465008705222632830e-02 1.452464097923802065e-02 1.461060818321184562e-02 6.552553661724938583e-02 6.638663288432457288e-02 5.957476382592225006e-02
3.024918938143853353e+01 1.541535130007636901e-02 1.525438205282933848e-02 1.533508789852245334e-02 7.074576897666109976e-02 7.246213900854200918e-02 6.429082645996359036e-02
3.052363709210634468e+01 1.630503294677330267e-02 1.611041698461146421e-02 1.618932590502851487e-02 7.760359651129838943e-02 8.019178444658400795e-02 7.044890966532628418e-02
3.079808480277415583e+01 1.733810570488721753e-02 1.710776830976365112e-02 1.718810006633332554e-02 8.580256188216123237e-02 8.916671776024827356e-02 7.780856833329462263e-02
3.107253251344196343e+01 1.854084204194925492e-02 1.826965014936050152e-02 1.835495223491487998e-02 9.477061655630376891e-02 9.876646769837356399e-02 8.588034736655912604e-02
3.134698022410977458e+01 1.994821866965099805e-02 1.962797237059236283e-02 1.972254045323953292e-02 1.038659791374202251e-01 1.084060668006668476e-01 9.410252344556090109e-02
3.162142793477758573e+01 2.160688184525981492e-02 2.122533719808828573e-02 2.133471541901087523e-02 1.126931037034116234e-01 1.178502075791064835e-01 1.021309332687164589e-01
3.189587564544539333e+01 2.358044046808493305e-02 2.311895326510091803e-02 2.325065487865831532e-02 1.213918131023113411e-01 1.274267157270533857e-01 1.101223231280795273e-01
3.217032335611320093e+01 2.595850061593375779e-02 2.538744582808270117e-02 2.555193137055456615e-02 1.307197027413798396e-01 1.379654462400396464e-01 1.188428661045119045e-01
3.244477106678101563e+01 2.887128462012611071e-02 2.814231467827835870e-02 2.835393380277790448e-02 1.418132447337668300e-01 1.504115019075367432e-01 1.294783282332027108e-01
3.271921877744883034e+01 3.251102384283302560e-02 3.154637099162699992e-02 3.182326491841268312e-02 1.556789428313643253e-01 1.652688827554791018e-01 1.431617776134487818e-01
3.299366648811663083e+01 3.715906491583793880e-02 3.584124246093887273e-02 3.620264278285810489e-02 1.726518863172855911e-01 1.821979774617658310e-01 1.604099017564011576e-01
3.326811419878444553e+01 4.321663922780252798e-02 4.138553766106051190e-02 4.184677515456867308e-02 1.921528091788561043e-01 2.000862973605156969e-01 1.807792646416778448e-01
3.354256190945226024e+01 5.124851491197139619e-02 4.871038473922592593e-02 4.928474142484823989e-02 2.129942776192111364e-01 2.176939016973273577e-01 2.030344336392723992e-01
3.381700962012006073e+01 6.209347458169189177e-02 5.862677408982099742e-02 5.936353313369762547e-02 2.342390220246505506e-01 2.346487889135956129e-01 2.259267534787134935e-01
3.409145733078787543e+01 7.719707082987312119e-02 7.249801476645952036e-02 7.361658648990070108e-02 2.563214307203359188e-01 2.523481544862489212e-01 2.493829459325495601e-01
3.436590504145569014e+01 9.947978118157785321e-02 9.294130227164387748e-02 9.514856406807324640e-02 2.819894942610016719e-01 2.743813032354495696e-01 2.756652686515512762e-01
3.464035275212349774e+01 1.351832376189879004e-01 1.253951534569376358e-01 1.304611698817087773e-01 3.167060069366576247e-01 3.063916601510627835e-01 3.100429869454047749e-01
3.491480046279130534e+01 1.969615241651348214e-01 1.809438190467827778e-01 1.924850008400756096e-01 3.683547466016985905e-01 3.555718184850242825e-01 3.606795944212838334e-01
3.518924817345912004e+01 3.074736010527547303e-01 2.800006072481238673e-01 3.040774259666302326e-01 4.461821406133627543e-01 4.299355085207222649e-01 4.375688739194082411e-01
3.546369588412692764e+01 5.004896927913953242e-01 4.543921984830566196e-01 4.989912848265342094e-01 5.587573232892165676e-01 5.370899385200681442e-01 5.502849898645043591e-01
3.573814359479473524e+01 8.140177910687135254e-01 7.426411509660498789e-01 8.148283537822611500e-01 7.106312669302206064e-01 6.818316571277952542e-01 7.042703093626010435e-01
3.601259130546254994e+01 1.270689860923192249e+00 1.172899441487325278e+00 1.273323452477880702e+00 8.978790106513780955e-01 8.621933353944418732e-01 8.959371749306307420e-01
3.628703901613035754e+01 1.848761849253438783e+00 1.734566276900619597e+00 1.851530383469755847e+00 1.104062600330008914e+00 1.064980014724475899e+00 1.108286242304568292e+00
3.656148672679816514e+01 2.460816058010103280e+00 2.353161044705105009e+00 2.461120654516625539e+00 1.299577774612445724e+00 1.263695744746954563e+00 1.310230937024905229e+00
3.683593443746597984e+01 2.964156643553488735e+00 2.892844257572298350e+00 2.959517725664445376e+00 1.447142079785451951e+00 1.422247781316968940e+00 1.462543111361371162e+00
3.711038214813378744e+01 3.212393479469112467e+00 3.201137093110490550e+00 3.201745985619146140e+00 1.513222681550722371e+00 1.505323877461250071e+00 1.530112168716872167e+00
3.738482985880159504e+01 3.125255025554282806e+00 3.179321019881095278e+00 3.109629823946770344e+00 1.480803245291008929e+00 1.491663843744730489e+00 1.495499416222529465e+00
3.765927756946940974e+01 2.731272240898564796e+00 2.834443432585295408e+00 2.713324040831893491e+00 1.356601669196547899e+00 1.383161384361080604e+00 1.366411654819430055e+00
3.793372528013721734e+01 2.152268848349864871e+00 2.275444906945061518e+00 2.134981021484878116e+00 1.168344684826059909e+00 1.204250279760973319e+00 1.172519918799728611e+00
3.820817299080502494e+01 1.541182507105866240e+00 1.656318691454608194e+00 1.526651973227890480e+00 9.536443272515827685e-01 9.918556475825324181e-01 9.534545358884808364e-01
3.848262070147283964e+01 1.016638764397745920e+00 1.106888376855542644e+00 1.005616495314629155e+00 7.468154380487722621e-01 7.818200864091764402e-01 7.448363540465342547e-01
3.875706841214064724e+01 6.316742304849675138e-01 6.932224550122381146e-01 6.238562124043471879e-01 5.700915365332889229e-01 5.988457834896779852e-01 5.691616175051471549e-01
3.903151612280846194e+01 3.821222586094872309e-01 4.197701971238511631e-01 3.767342089730829624e-01 4.318158400034036726e-01 4.534850051072629729e-01 4.341290056378174778e-01
3.930596383347626954e+01 2.346648136852340638e-01 2.560422614289780130e-01 2.309227253860329787e-01 3.299130785090172435e-01 3.450580597786768733e-01 3.365037618518583185e-01
3.958041154414407714e+01 1.521493409136876751e-01 1.639173623711415451e-01 1.494606076445949006e-01 2.571345456027852028e-01 2.669501845362711734e-01 2.678026846523319238e-01
3.985485925481189184e+01 1.063025587085242168e-01 1.129037243553007441e-01 1.042809409080318328e-01 2.053363367517270222e-01 2.111826957009393657e-01 2.189441748245767039e-01
4.012930696547969944e+01 7.974550943164587791e-02 8.368062691774268147e-02 7.815517930559852389e-02 1.677890756291117447e-01 1.709585669622432358e-01 1.827917077869478102e-01
4.040375467614750704e+01 6.317324028676087055e-02 6.570866133372561813e-02 6.187087787658616250e-02 1.398086752366990426e-01 1.413984329425617414e-01 1.548176142912187914e-01
4.067820238681532174e+01 5.197682287585423527e-02 5.372567639900154013e-02 5.087225229691515888e-02 1.184511923261457184e-01 1.192795667302000429e-01 1.326176232013251688e-01
4.095265009748312934e+01 4.390914973730729309e-02 4.517341015505800528e-02 4.294247544282112083e-02 1.019170696402011272e-01 1.024937104558073242e-01 1.150107582597462569e-01
4.122709780815093694e+01 3.782623042225224941e-02 3.876451527676724740e-02 3.695507352291628467e-02 8.903535095690023882e-02 8.960245469735253487e-02 1.012558413185429412e-01
4.150154551881875165e+01 3.309704903259116232e-02 3.379935454379418003e-02 3.228919050931020746e-02 7.895498760990013465e-02 7.958514356180737548e-02 9.064298033170871405e-02
4.177599322948655924e+01 2.934334920158403540e-02 2.986351543718331406e-02 2.857213147483950513e-02 7.102151210381260626e-02 7.172898805896234242e-02 8.245892252126835187e-02
4.205044094015437395e+01 2.632383608423686377e-02 2.669397060361558549e-02 2.556485777276510871e-02 6.475760550135398197e-02 6.557510283261630546e-02 7.615522106900550481e-02
4.232488865082218155e+01 2.387972100107445261e-02 2.411648202198855492e-02 2.310785199457641298e-02 5.986607237911616142e-02 6.085505409713511116e-02 7.150599458280934573e-02
4.259933636148998914e+01 2.190828803454082999e-02 2.201438198617584191e-02 2.109399861301926651e-02 5.620293184394118541e-02 5.739405061567286886e-02 6.860673453124824239e-02
4.287378407215780385e+01 2.035282616203177436e-02 2.031347479754486499e-02 1.945605774515135264e-02 5.370582339186544263e-02 5.500020065720780116e-02 6.767861235101925443e-02
4.314823178282561145e+01 1.920872560847670940e-02 1.897888605996121691e-02 1.816624192191997403e-02 5.229820074503624405e-02 5.339035105758997007e-02 6.875084705144129948e-02
4.342267949349341905e+01 1.855586258359330151e-02 1.802758671046968825e-02 1.725292411949540944e-02 5.181632334023112546e-02 5.220490612603793240e-02 7.137373299385701975e-02
4.369712720416123375e+01 1.863657102706190935e-02 1.756935154814941516e-02 1.684615010613023725e-02 5.201145833382365274e-02 5.112390465886360730e-02 7.454801777012574904e-02
4.397157491482904135e+01 1.998856848740925007e-02 1.789434178439894968e-02 1.725957601142547385e-02 5.264532338995636662e-02 5.002780303004844553e-02 7.699145921839627149e-02
4.424602262549684895e+01 2.357233965363302736e-02 1.960322513024733218e-02 1.907651924208468922e-02 5.362232890235175270e-02 4.909618728886282202e-02 7.766639036148806352e-02
4.452047033616466365e+01 3.068480017830413353e-02 2.368663005362701968e-02 2.311633892511404109e-02 5.503636514769309068e-02 4.875287363692532017e-02 7.626113195992575977e-02
4.479491804683247125e+01 4.235231753061592663e-02 3.131803735084284085e-02 3.008338940109314685e-02 5.703265765915290636e-02 4.944553456577510664e-02 7.327378225667037503e-02
4.506936575750027885e+01 5.815346825921928475e-02 4.310857953793954117e-02 3.983513041839931851e-02 5.952572431421153387e-02 5.134549316366417843e-02 6.960713310312392765e-02
4.534381346816809355e+01 7.515915535767321576e-02 5.796884595720096234e-02 5.065747229794904938e-02 6.198156724722946737e-02 5.412096466766157937e-02 6.596716043405552454e-02
4.561826117883590115e+01 8.825739086837321168e-02 7.245346470662675231e-02 5.935040596352571945e-02 6.349843480440198196e-02 5.694013669826542695e-02 6.251572581024401887e-02
4.589270888950371585e+01 9.245426303945443458e-02 8.169498809050146360e-02 6.259401616672244373e-02 6.322141797010791264e-02 5.876377388977412075e-02 5.900102650621915495e-02
4.616715660017152345e+01 8.585831145170980117e-02 8.192811867372898349e-02 5.889317511937838118e-02 6.083338968471492525e-02 5.879951842211166013e-02 5.518252850169166890e-02
4.644160431083933105e+01 7.092398299612211188e-02 7.286773714416829029e-02 4.955335744731029918e-02 5.675177038261661894e-02 5.683864480496994553e-02 5.114898881899666155e-02
4.671605202150714575e+01 5.283985163903270887e-02 5.789607125355713396e-02 3.781863718442210476e-02 5.187002255976119747e-02 5.325282406403660657e-02 4.727361757331126346e-02
4.699049973217495335e+01 3.649614106087686882e-02 4.188868550323063961e-02 2.694154928397145612e-02 4.704274084897913655e-02 4.869066413523282649e-02 4.389413938105367341e-02
4.726494744284276095e+01 2.443008880865098903e-02 2.857529672706005108e-02 1.874016366219889360e-02 4.269448953818345827e-02 4.373907126041140514e-02 4.102794706500235283e-02
4.753939515351057565e+01 1.676430672010090217e-02 1.934470418607819528e-02 1.342998227915892344e-02 3.878846998048712108e-02 3.878022117023718907e-02 3.836351439979834854e-02
4.781384286417838325e+01 1.235466750194209179e-02 1.373623287961829240e-02 1.032018966623884058e-02 3.508574490045809208e-02 3.404761928739614280e-02 3.551031872130422373e-02
4.808829057484619085e+01 9.907812292871539736e-03 1.057842153196538772e-02 8.562866917639464989e-03 3.143649678512370343e-02 2.972453673733404383e-02 3.228330893492305925e-02
4.836273828551400555e+01 8.499098342103841852e-03 8.811500844760674495e-03 7.530268187039636935e-03 2.789613387374621778e-02 2.596719588123240496e-02 2.880591310723295412e-02
4.863718599618181315e+01 7.608828375523400342e-03 7.756370264600579573e-03 6.862120066509052804e-03 2.464940553736699388e-02 2.286493361371484678e-02 2.539492912830482521e-02
4.891163370684962786e+01 6.983219637442106623e-03 7.056174757719507057e-03 6.380504411786420450e-03 2.186651179377918641e-02 2.041010698010342975e-02 2.235890845257818699e-02
4.918608141751743545e+01 6.504902009443557821e-03 6.542468202126014779e-03 6.002976412697529941e-03 1.961380277458699833e-02 1.851452918063483180e-02 1.986296173064563964e-02
4.946052912818524305e+01 6.117921689761472021e-03 6.137291719977609229e-03 5.690446711393080774e-03 1.785265030230354100e-02 1.705455117497085837e-02 1.791401252958408491e-02
4.973497683885305776e+01 5.793055835461159535e-03 5.802331010718461690e-03 5.422651260956680430e-03 1.648777161559140947e-02 1.591160814056269759e-02 1.642237161575459820e-02
5.000942454952086536e+01 5.513333543749305600e-03 5.516695806804995487e-03 5.187866288173075859e-03 1.541582140155334062e-02 1.499223487686631578e-02 1.527163736798366721e-02
5.028387226018867295e+01 5.267995342395005720e-03 5.267775790524471119e-03 4.978647496311263028e-03 1.455161756073353185e-02 1.423053559360728214e-02 1.436044155391355201e-02
5.055831997085648766e+01 5.049770813380882045e-03 5.047340500473915768e-03 4.789935397264347659e-03 1.383408730589729893e-02 1.358250570726607549e-02 1.361509113230317987e-02
5.083276768152429526e+01 4.853512913549425274e-03 4.849707378559209130e-03 4.618117058491696438e-03 1.322226227191405402e-02 1.301910578594482962e-02 1.298653162181900161e-02
5.110721539219210285e+01 4.675444413786852826e-03 4.670784796464216501e-03 4.460512970426075245e-03 1.268913158033393648e-02 1.252086342635201285e-02 1.244304952295074637e-02
5.138166310285991756e+01 4.512711395293540068e-03 4.507527388313435114e-03 4.315074529502097023e-03 1.221663149853636186e-02 1.207432647869852160e-02 1.196394363840322383e-02
5.165611081352772516e+01 4.363104436966106121e-03 4.357605949394231272e-03 4.180195574330501825e-03 1.179231429653052228e-02 1.166988710732647441e-02 1.153528106098198822e-02
5.193055852419553275e+01 4.224877298626483930e-03 4.219197726355509645e-03 4.054589874679286401e-03 1.140730363058508300e-02 1.130046431091255577e-02 1.114732590305222461e-02
5.220500623486334746e+01 4.096625038045596627e-03 4.090848121977279199e-03 3.937208689461568767e-03 1.105506142949071874e-02 1.096069295783704683e-02 1.079302362849312268e-02
5.247945394553115506e+01 3.977199755842662603e-03 3.971376626224488483e-03 3.827183643068746317e-03 1.073063277196874277e-02 1.064640990758999872e-02 1.046709640841391592e-02
5.275390165619896976e+01 3.865650926059447864e-03 3.859811114551623713e-03 3.723786130913642970e-03 1.043016972485115608e-02 1.035431790364085489e-02 1.016548640524485639e-02
5.302834936686677736e+01 3.761182231520691140e-03 3.755340889346476477e-03 3.626397823102993703e-03 1.015062114721234678e-02 1.008175904789149549e-02 9.885000792075878534e-03
5.330279707753458496e+01 3.663119745029903493e-03 3.657282428317331670e-03 3.534488805261877704e-03 9.889524249921184673e-03 9.826557955154583551e-03 9.623077537633643180e-03
5.357724478820239966e+01 3.570888076367379361e-03 3.565053945543004889e-03 3.447601091380242139e-03 9.644860566126730456e-03 9.586910526123124804e-03 9.377626040772767124e-03
5.385169249887020726e+01 3.483992219485173084e-03 3.478156190116297314e-03 3.365335990994811066e-03 9.414953940486692208e-03 9.361303384255262663e-03 9.146915707804386536e-03
5.412614020953801486e+01 3.402003550168687315e-03 3.396157742147527369e-03 3.287344292347667545e-03 9.198396688396035664e-03 9.148454417905373809e-03 8.929496165587734804e-03
5.440058792020582956e+01 3.324548894670252899e-03 3.318683607010478129e-03 3.213318537662545726e-03 8.993995109504908034e-03 8.947268161310417689e-03 8.724138912153438924e-03
5.467503563087363716e+01 3.251301904980885647e-03 3.245406267054853650e-03 3.142986877334872243e-03 8.800728595208527280e-03 8.756801812035660756e-03 8.529793843675494841e-03
5.494948334154144476e+01 3.181976191547517853e-03 3.176038591978688676e-03 3.076108133619291120e-03 8.617718477088804133e-03 8.576239008763190952e-03 8.345556328150479514e-03
5.522393105220925946e+01 3.116319813621540574e-03 3.110328175395353067e-03 3.012467804276565929e-03 8.444203984576969385e-03 8.404869364855379124e-03 8.170641903237671477e-03
5.549837876287706706e+01 3.054110832810417054e-03 3.048052781409819976e-03 2.951874807174637624e-03 8.279523480447562381e-03 8.242072337680931421e-03 8.004366585166860018e-03
5.577282647354487466e+01 2.995153710901468300e-03 2.989016667612004897e-03 2.894158817448244485e-03 8.123099678464395720e-03 8.087304413215404622e-03 7.846131376802524190e-03
5.604727418421268936e+01 2.939276387938379552e-03 2.933047610486783779e-03 2.839168085716626926e-03 7.974427913171110854e-03 7.940088863346735776e-03 7.695409968637222792e-03
5.632172189488049696e+01 2.886327917097572093e-03 2.879994502929575893e-03 2.786767653202748291e-03 7.833066786066674933e-03 7.800007529925083276e-03 7.551738905555375157e-03
5.659616960554831167e+01 2.836176563391355852e-03 2.829725426140493501e-03 2.736837900230844941e-03 7.698630692360828968e-03 7.666694231020859500e-03 7.414709687703220989e-03
5.687061731621611926e+01 2.788708296573350932e-03 2.782126122949824150e-03 2.689273380476010344e-03 7.570783862170709158e-03 7.539829488340654869e-03 7.283962413213756343e-03
5.714506502688392686e+01 2.743825626929965057e-03 2.737098818917046029e-03 2.643981905899893837e-03 7.449235645236110433e-03 7.419136351909239382e-03 7.159180671777437728e-03
5.741951273755174157e+01 2.701446747424676980e-03 2.694561353005937680e-03 2.600883857549167975e-03 7.333736839650840597e-03 7.304377156914462245e-03 7.040087473029200439e-03
5.769396044821954916e+01 2.661504958050049316e-03 2.654446592496867516e-03 2.559911706084689632e-03 7.224076920057198245e-03 7.195351093614850251e-03 6.926442050518811025e-03
5.796840815888735676e+01 2.623948359115851284e-03 2.616702118000074385e-03 2.521009733653441654e-03 7.120082064395740276e-03 7.091892508440265398e-03 6.818037426255527285e-03
5.824285586955517147e+01 2.588739810286896665e-03 2.581290174750408561e-03 2.484133956019934572e-03 7.021613914405882076e-03 6.993869885876247139e-03 6.714698656476308057e-03
5.851730358022297906e+01 2.555857162126175686e-03 2.548187896471312049e-03 2.449252251200417525e-03 6.928569036501067667e-03 6.901185488759274157e-03 6.616281709349917245e-03
5.879175129089078666e+01 2.525293777325436726e-03 2.517387818643107133e-03 2.416344708652822144e-03 6.840879078722506175e-03 6.813775661199605697e-03 6.522672952125370925e-03
5.906619900155860137e+01 2.497059370384931750e-03 2.488898709682716478e-03 2.385404221870690913e-03 6.758511648252761399e-03 6.731611825295473646e-03 6.433789250713231080e-03
5.934064671222640897e+01 2.471181208009890374e-03 2.462746762125766608e-03 2.356437357604086388e-03 6.681471964436387981e-03 6.654702231933177711e-03 6.349578710661296990e-03
5.961509442289422367e+01 2.447705728878397415e-03 2.438977202364593991e-03 2.329465547628657013e-03 6.609805376542271169e-03 6.583094559307499025e-03 6.270022116794232367e-03
5.988954213356203127e+01 2.426700661940989819e-03 2.417656398087564447e-03 2.304526664979569123e-03 6.543600876114066822e-03 6.516879492779318814e-03 6.195135161513538706e-03
6.016398984422983887e+01 2.408257748694590718e-03 2.398874568960624332e-03 2.281677067173945410e-03 6.482995783831031408e-03 6.456195469420051083e-03 6.124971591443794869e-03
6.043843755489765357e+01 2.392496209211017466e-03 2.382749240592187644e-03 2.260994215979078917e-03 6.428181854475891778e-03 6.401234834208834393e-03 6.059627452063722983e-03
6.071288526556546117e+01 2.379567137284925582e-03 2.369429627651762748e-03 2.242580019294205217e-03 6.379413126513761717e-03 6.352251738017826270e-03 5.999246674638056102e-03
6.098733297623326877e+01 2.369659071440972584e-03 2.359102193764709213e-03 2.226565089342581304e-03 6.337015952793640522e-03 6.309572218190454690e-03 5.944028335375368607e-03
6.126178068690108347e+01 2.363005072268947390e-03 2.351997720123213866e-03 2.213114177889907632e-03 6.301401797184939466e-03 6.273607052026963088e-03 5.894236032110563087e-03
6.153622839756889107e+01 2.359891752258408588e-03 2.348400331383007893e-03 2.202433141356842199e-03 6.273083584748891280e-03 6.244868178271877936e-03 5.850209981727924093e-03
6.181067610823669867e+01 2.360670866286263686e-03 2.348659090868731279e-03 2.194777918011651691e-03 6.252696674085817842e-03 6.223989765913023192e-03 5.812382660807413615e-03
6.208512381890451337e+01 2.365774300773585467e-03 2.353203009330767388e-03 2.190466183360068736e-03 6.241025915211395256e-03 6.211755409306685127e-03 5.781299120672880702e-03
6.235957152957232097e+01 2.375733630422926200e-03 2.362560646208813984e-03 2.189892615209794707e-03 6.239040818262679353e-03 6.209133498453411719e-03 5.757643548738933421e-03
6.263401924024012857e+01 2.391205895148190794e-03 2.377385972320182790e-03 2.193549088620341033e-03 6.247941669828717577e-03 6.217323637217582813e-03 5.742274286437980442e-03
6.290846695090794327e+01 2.413007968714405132e-03 2.398492892222334541e-03 2.202051699903418650e-03 6.269220623351481371e-03 6.237818191963920463e-03 5.736270452974329831e-03
6.318291466157575087e+01 2.442162978588687406e-03 2.426901930146721335e-03 2.216177396769318086e-03 6.304743562452121142e-03 6.272484858128354011e-03 5.740994727988273094e-03
6.345736237224356557e+01 2.479963916052729724e-03 2.463904293476212350e-03 2.236914349584496770e-03 6.356861223011174740e-03 6.323678873318765506e-03 5.758178982396148886e-03
6.373181008291137317e+01 2.528062225854604307e-03 2.511151231937205214e-03 2.265532345227686071e-03 6.428562210791650272e-03 6.394397747952227512e-03 5.790042759971363202e-03
6.400625779357918077e+01 2.588593449793195021e-03 2.570780993737538378e-03 2.303682961635200761e-03 6.523687096734365545e-03 6.488498087719909123e-03 5.839459859415466712e-03
6.428070550424699547e+01 2.664359119144557760e-03 2.645602983534106958e-03 2.353545067315571809e-03 6.647233325984308779e-03 6.611004915408327451e-03 5.910196767851707937e-03
6.455515321491481018e+01 2.759096294372439563e-03 2.739371285078321186e-03 2.418041121222595877e-03 6.805798113900811581e-03 6.768561843610390073e-03 6.007260817795364791e-03
6.482960092558261067e+01 2.877887818040123901e-03 2.857202092820881716e-03 2.501167404219795977e-03 7.008236086944442250e-03 6.970100979932834437e-03 6.137420046695341372e-03
6.510404863625042537e+01 3.027806425460060485e-03 3.006231182922952227e-03 2.608514009290957905e-03 7.266660084605927605e-03 7.227864920292456467e-03 6.309999143139948842e-03
6.537849634691824008e+01 3.218963656032067244e-03 3.196688720581450892e-03 2.748113948296639943e-03 7.598006546261935022e-03 7.559009783267852702e-03 6.538132912170355193e-03
6.565294405758604057e+01 3.466294571829583657e-03 3.443736829966759574e-03 2.931891552749643637e-03 8.026559697211173294e-03 7.988198305066649199e-03 6.840803544878871524e-03
6.592739176825385528e+01 3.792763368936217724e-03 3.770790545726156098e-03 3.178269952907222806e-03 8.588159103609271927e-03 8.551937274365034938e-03 7.246269501119898676e-03
6.620183947892166998e+01 4.235536157949153571e-03 4.215966246350105057e-03 3.517202400930102141e-03 9.337457305578562849e-03 9.306085220903205849e-03 7.798054517791726606e-03
6.647628718958947047e+01 4.859051535215968415e-03 4.845900525902862264e-03 4.000846907359040076e-03 1.036081466149083551e-02 1.033922501924244147e-02 8.565774133102036295e-03
6.675073490025728518e+01 5.786665314216841646e-03 5.789769096017536969e-03 4.729471916758347903e-03 1.179941965166688214e-02 1.179661372339819471e-02 9.665044665196723464e-03
6.702518261092509988e+01 7.290413800096755270e-03 7.337284545048078192e-03 5.925198456291873653e-03 1.388865944912714111e-02 1.392049783515175894e-02 1.129273606211238061e-02
6.729963032159290037e+01 1.006610881871770717e-02 1.023842769971198066e-02 8.159120549610050788e-03 1.701179475277464839e-02 1.710268152540468309e-02 1.377861048029806537e-02
6.757407803226071508e+01 1.595523506233482644e-02 1.646284597752810386e-02 1.295178450420904522e-02 2.172157476107469329e-02 2.189587629786250017e-02 1.761676420524184092e-02
6.784852574292852978e+01 2.899118509962102588e-02 3.017112668006847673e-02 2.366057416628854215e-02 2.857582831025519410e-02 2.882056827726639167e-02 2.333875811589851759e-02
6.812297345359633027e+01 5.442423973170743695e-02 5.628343855433142612e-02 4.472927947952887867e-02 3.756950295906227866e-02 3.776514533925103695e-02 3.101032233456398404e-02
6.839742116426414498e+01 9.159741061963633246e-02 9.288042453628797546e-02 7.580749427051743095e-02 4.729575498320387483e-02 4.718478370570525909e-02 3.942909172254076972e-02
6.867186887493195968e+01 1.252078739136029961e-01 1.235668943180215362e-01 1.042836260441481755e-01 5.480658241542064185e-02 5.412560860170676641e-02 4.590774968022562352e-02
6.894631658559976017e+01 1.329068066989651520e-01 1.274078018845783977e-01 1.112128289727516151e-01 5.719711544174432838e-02 5.595462128645763145e-02 4.767461205575967281e-02
6.922076429626757488e+01 1.093719853587612201e-01 1.023231613290832565e-01 9.145449810945227576e-02 5.399287517977505169e-02 5.262131784137533130e-02 4.411839217139023467e-02
6.949521200693538958e+01 7.331380891062189153e-02 6.835995302435737830e-02 6.016199597496342533e-02 4.777302508341316895e-02 4.695541126036488488e-02 3.742569276462461014e-02
6.976965971760319007e+01 4.662168484692481157e-02 4.633601846925265721e-02 3.535395194266788971e-02 4.229971815117097161e-02 4.263155458661355840e-02 3.084423116359826314e-02
7.004410742827100478e+01 3.865530515201563710e-02 4.489809551078048633e-02 2.377130095983929353e-02 4.027888680541225064e-02 4.196784144525574772e-02 2.664902564383959255e-02
7.031855513893881948e+01 5.063990898757632364e-02 6.407182129118819958e-02 2.451105815813956965e-02 4.241633585111866112e-02 4.497081783454260490e-02 2.553648546208401107e-02
7.059300284960661998e+01 7.956904288733417097e-02 9.487736140068483981e-02 3.566847027466633208e-02 4.730762008784944461e-02 4.934922283943563720e-02 2.691917804080705065e-02
7.086745056027443468e+01 1.109081819763821780e-01 1.158750203548457591e-01 5.223519746927565710e-02 5.175243906018454215e-02 5.154864987341504362e-02 2.917449489706649621e-02
7.114189827094224938e+01 1.207626177290465203e-01 1.082773832173034578e-01 6.279480552020939854e-02 5.228528194033319615e-02 4.904336830832184413e-02 3.014937307442752679e-02
7.141634598161004988e+01 9.965819863448407978e-02 7.744440295993004764e-02 5.782829424972641547e-02 4.761538903972467596e-02 4.222872838733124357e-02 2.841096916470449429e-02
7.169079369227786458e+01 6.409464319136654042e-02 4.499390536753195002e-02 4.092567183782019197e-02 3.952321009542115321e-02 3.377947124167489379e-02 2.427884591463174910e-02
7.196524140294567928e+01 3.519918441788730257e-02 2.418028401439423908e-02 2.372644470891565466e-02 3.108292059090398546e-02 2.631192964833651074e-02 1.934330252251399360e-02
7.223968911361349399e+01 1.938039541989486705e-02 1.427512579487203587e-02 1.288184227410044645e-02 2.440130175557722256e-02 2.097910866591670698e-02 1.505775603053531239e-02
7.251413682428129448e+01 1.252983951524304362e-02 1.024088907805986368e-02 7.712581391598439043e-03 2.003292878012790865e-02 1.774744389684948173e-02 1.198215038069556232e-02
7.278858453494910918e+01 9.993585806788688949e-03 8.885717846979515611e-03 5.502238827795690942e-03 1.770543565310471468e-02 1.622533843896723643e-02 1.001144537337983129e-02
7.306303224561692389e+01 9.704526442329011737e-03 9.235972170535055106e-03 4.574814195003200183e-03 1.708392399922677510e-02 1.617002628899426309e-02 8.860512233916902416e-03
7.333747995628472438e+01 1.174865611109971418e-02 1.198700894816794905e-02 4.359603469472029050e-03 1.808812290361085789e-02 1.760841101108085588e-02 8.323867260383461739e-03
7.361192766695253908e+01 1.838930586216669730e-02 1.986927077195049102e-02 4.974347795710170120e-03 2.082636835099755529e-02 2.067216726989876477e-02 8.317428967189528094e-03
7.388637537762035379e+01 3.367781426460934868e-02 3.665437074506815857e-02 7.100405484951213472e-03 2.515160694309353032e-02 2.509009119911813704e-02 8.800791528733906133e-03
7.416082308828815428e+01 5.764212589781150808e-02 6.013682772205472538e-02 1.130988558550735136e-02 2.995256468633424041e-02 2.953904481196303888e-02 9.610919511164562820e-03
7.443527079895596898e+01 7.753213855212193195e-02 7.558224507497091071e-02 1.614374963886101161e-02 3.301863336015640332e-02 3.180255609861055294e-02 1.032181312546196633e-02
7.470971850962378369e+01 7.607669717514504992e-02 6.885406227024168380e-02 1.784876505385910375e-02 3.239911949509917399e-02 3.034810354734748111e-02 1.039476898718661411e-02
7.498416622029158418e+01 5.444170634669803083e-02 4.615792689924285569e-02 1.467046540152636656e-02 2.818633847649818988e-02 2.578431368425464221e-02 9.617491208762563373e-03
7.525861393095939889e+01 3.047473661875106307e-02 2.488688992792014928e-02 9.402199255404921144e-03 2.239044833555140987e-02 2.021928531530533396e-02 8.304411020677479952e-03
7.553306164162721359e+01 1.555257676051961455e-02 1.279913646151958906e-02 5.412500396475049616e-03 1.707457877907468669e-02 1.541606785573512717e-02 6.967244999955356406e-03
7.580750935229501408e+01 8.712618469166759361e-03 7.466718258112926658e-03 3.381477468350167163e-03 1.312119381374800449e-02 1.195378787418005517e-02 5.911129087971635394e-03
7.608195706296282879e+01 5.786611381450046561e-03 5.150975618124834648e-03 2.496263531985252592e-03 1.044958184886138342e-02 9.637918916820826382e-03 5.173285277742453725e-03
7.635640477363064349e+01 4.368813796245174866e-03 3.983339982041128775e-03 2.078971061784364287e-03 8.675700168341411722e-03 8.095859705387746866e-03 4.672193249771229573e-03
7.663085248429844398e+01 3.556192985671663333e-03 3.292082592491597879e-03 1.842693535515156590e-03 7.467726115836291999e-03 7.036787689062995975e-03 4.322344464271956482e-03
7.690530019496625869e+01 3.030923805577499276e-03 2.835861016512744148e-03 1.687517997786869327e-03 6.611532714552637371e-03 6.278896788323573910e-03 4.066144473427734350e-03
7.717974790563407339e+01 2.664026703351454230e-03 2.512643784676372657e-03 1.575592059043437899e-03 5.979846865783662244e-03 5.714731027338217431e-03 3.869437854294863893e-03
7.745419561630187388e+01 2.393591496799519960e-03 2.271878265888371828e-03 1.489747693223793723e-03 5.497024120550425205e-03 5.280120625792352092e-03 3.712228006726396058e-03
7.772864332696968859e+01 2.186102062491859441e-03 2.085606547506763282e-03 1.420983327278807365e-03 5.116731961309304091e-03 4.935451271888739375e-03 3.582437952343836118e-03
7.800309103763750329e+01 2.021845376855930555e-03 1.937131536879371611e-03 1.364088274150629995e-03 4.809510795496954247e-03 4.655329574395181309e-03 3.472455629187248035e-03
7.827753874830530378e+01 1.888494680326609828e-03 1.815889783072211459e-03 1.315823626996358081e-03 4.555936848817616902e-03 4.422886896933242093e-03 3.377277331946702474e-03
7.855198645897311849e+01 1.777964356226904028e-03 1.714887531060892102e-03 1.274063100348116944e-03 4.342775700312060186e-03 4.226552911372348856e-03 3.293487174628669054e-03
7.882643416964093319e+01 1.684741363513921238e-03 1.629319656319654173e-03 1.237348581127925605e-03 4.160744125722018807e-03 4.058163842126235980e-03 3.218674699607116958e-03
7.910088188030874790e+01 1.604943965928806509e-03 1.555781124437718163e-03 1.204643736668065991e-03 4.003161710701493188e-03 3.911814343009647164e-03 3.151089223253698227e-03
7.937532959097654839e+01 1.535763739074383610e-03 1.491794895332877995e-03 1.175189657422967288e-03 3.865111474242004241e-03 3.783137924659626863e-03 3.089426970459691925e-03
7.964977730164436309e+01 1.475120869409535154e-03 1.435517859877501971e-03 1.148416333536581360e-03 3.742901498685186328e-03 3.668842588781928444e-03 3.032695510521428266e-03
7.992422501231217780e+01 1.421443640552483333e-03 1.385551387157777899e-03 1.123886240114397922e-03 3.633710173362896586e-03 3.566403145574810127e-03 2.980124778706774637e-03
8.019867272297997829e+01 1.373523053586250646e-03 1.340815657705018678e-03 1.101257177888317808e-03 3.535346674344555431e-03 3.473852444417283719e-03 2.931107073956287778e-03
8.047312043364779299e+01 1.330414431416939965e-03 1.300464154665624365e-03 1.080257084520072196e-03 3.446085662492729285e-03 3.389636649708339337e-03 2.885155602974498815e-03
8.074756814431560770e+01 1.291369264047098966e-03 1.263824155434825581e-03 1.060666524750623852e-03 3.364550918731573897e-03 3.312512949983432292e-03 2.841875206475988867e-03
8.102201585498340819e+01 1.255787019914993662e-03 1.230354479453883406e-03 1.042306244124032409e-03 3.289631943573807522e-03 3.241475975459316792e-03 2.800941277137643064e-03
8.129646356565122289e+01 1.223180441436762722e-03 1.199614944321515620e-03 1.025028144540597033e-03 3.220423197678004643e-03 3.175704012158267562e-03 2.762084304466541542e-03
8.157091127631903760e+01 1.193150133942728897e-03 1.171243925031860336e-03 1.008708623419148640e-03 3.156179171828039920e-03 3.114519107122122859e-03 2.725078360438523348e-03
8.184535898698683809e+01 1.165365678053082235e-03 1.144941622575751600e-03 9.932435780188497883e-04 3.096280705577244500e-03 3.057357077767408095e-03 2.689732394260153404e-03
8.211980669765465279e+01 1.139551397840986432e-03 1.120457421250697135e-03 9.785446039712187693e-04 3.040209419765666551e-03 3.003744687154192520e-03 2.655883562234833718e-03
8.239425440832246750e+01 1.115475502531468582e-03 1.097580217844936661e-03 9.645360642577618677e-04 2.987528082862751094e-03 2.953282074610594395e-03 2.623392054027154276e-03
8.266870211899026799e+01 1.092941706745807328e-03 1.076130940504711449e-03 9.511528020888354844e-04 2.937865372360629317e-03 2.905629089041528775e-03 2.592137034335298927e-03
8.294314982965808269e+01 1.071782695080873140e-03 1.055956701274430492e-03 9.383383365844861265e-04 2.890903930039587667e-03 2.860494554189233016e-03 2.562013426503538787e-03
8.321759754032589740e+01 1.051854975307528603e-03 1.036926181636461811e-03 9.260434249850108164e-04 2.846370912955781696e-03 2.817627760401175251e-03 2.532929339077321946e-03
8.349204525099369789e+01 1.033034788494171597e-03 1.018925958645205921e-03 9.142249063179921659e-04 2.804030454730177015e-03 2.776811664218988961e-03 2.504803988642146338e-03
8.376649296166151260e+01 1.015214831739414932e-03 1.001857555748236804e-03 9.028447634854591848e-04 2.763677602967548694e-03 2.737857410235024127e-03 2.477566009577585309e-03
8.404094067232932730e+01 9.983016115562644462e-04 9.856350571266956316e-04 8.918693565142210263e-04 2.725133407459849090e-03 2.700599885687565097e-03 2.451152068264891414e-03
8.431538838299712779e+01 9.822132909889705592e-04 9.701831640210633375e-04 8.812687911554165088e-04 2.688240913004639500e-03 2.664894088287945214e-03 2.425505718934041315e-03
8.458983609366494250e+01 9.668779264385594322e-04 9.554356005226160393e-04 8.710163954161590817e-04 2.652861868878197537e-03 2.630612139362787857e-03 2.400576452841990654e-03
8.486428380433275720e+01 9.522320144503033804e-04 9.413337977702989669e-04 8.610882828359251243e-04 2.618874010218675500e-03 2.597640812773239789e-03 2.376318903296145441e-03
8.513873151500055769e+01 9.382192868095382606e-04 9.278258015183301829e-04 8.514629859900715858e-04 2.586168798955918585e-03 2.565879478884449099e-03 2.352692177189717303e-03
8.541317922566837240e+01 9.247897059010389822e-04 9.148653601163147554e-04 8.421211472371994662e-04 2.554649536399583153e-03 2.535238384674348353e-03 2.329659289914153431e-03
8.568762693633618710e+01 9.118986226115493015e-04 9.024111591220952645e-04 8.330452564262246862e-04 2.524229778248330593e-03 2.505637207723757694e-03 2.307186685266830826e-03
8.596207464700400180e+01 8.995060669518155144e-04 8.904261757995604988e-04 8.242194273580073305e-04 2.494831997106719979e-03 2.477003834639496162e-03 2.285243825647372256e-03
8.623652235767180230e+01 8.875761476608780461e-04 8.788771321823104750e-04 8.156292064104572010e-04 2.466386448677972913e-03 2.449273324387465749e-03 2.263802840698385128e-03
8.651097006833961700e+01 8.760765417806168354e-04 8.677340296050072444e-04 8.072614079986735643e-04 2.438830206433455303e-03 2.422387024755739797e-03 2.242838224793054867e-03
8.678541777900743170e+01 8.649780588823104566e-04 8.569697509085974149e-04 7.991039725363780453e-04 2.412106336329575100e-03 2.396291816248394442e-03 2.222326575546908038e-03
8.705986548967523220e+01 8.542542675333095626e-04 8.465597191290103385e-04 7.911458433538291974e-04 2.386163188485007722e-03 2.370939462515173589e-03 2.202246366942386784e-03
