# Er3+ 10 200
5.000000000000000000e+00 9.631561577414679221e+00 4.088277871425328946e+00 6.591313863141942675e-02 4.447485639878041852e-02
5.286810849372232113e+00 9.602766105488013793e+00 4.031593587356391950e+00 6.583924394702081462e-02 4.416124552317285401e-02
5.573621698744464226e+00 8.865486547865181421e+00 3.733209954207554748e+00 6.339188788687297182e-02 4.269197730523366374e-02
5.860432548116696339e+00 7.894700647667088234e+00 3.309968302281914188e+00 6.027563241369859881e-02 4.058112020385983010e-02
6.147243397488929340e+00 7.483789790355114491e+00 2.897949324440083796e+00 5.836880591269914820e-02 3.843710727018675999e-02
6.434054246861161452e+00 7.299196316140616148e+00 2.668324626408488331e+00 5.842306905672418893e-02 3.666911200338345000e-02
6.720865096233393565e+00 7.553787446373108949e+00 2.444946042399509079e+00 5.943042126063997899e-02 3.528286672940596225e-02
7.007675945605626566e+00 7.751571145136741947e+00 2.278117973277329344e+00 5.954652593626523494e-02 3.394931987012281271e-02
7.294486794977858679e+00 7.066926088113199889e+00 2.029755595068909457e+00 5.739315598254166040e-02 3.228429158073019278e-02
7.581297644350090792e+00 5.974394740267730874e+00 1.621110367481263026e+00 5.262014486693089577e-02 3.009111527220520443e-02
7.868108493722322905e+00 4.322617927832751228e+00 1.330525869898638636e+00 4.580555629442069343e-02 2.743005650216786759e-02
8.154919343094555018e+00 2.955386583359189689e+00 1.068085251300040950e+00 3.805478497075519273e-02 2.454735502270103190e-02
8.441730192466787130e+00 1.737639421993869338e+00 8.352356077570928239e-01 3.054595153330974533e-02 2.174833966777717925e-02
8.728541041839019243e+00 1.014318423094026533e+00 6.037361857832267420e-01 2.417860056904800117e-02 1.928192359037568526e-02
9.015351891211253132e+00 5.551445575330867799e-01 4.613534598023017463e-01 1.939690939293119490e-02 1.727534149571211680e-02
9.302162740583483469e+00 3.759073456736429786e-01 3.550019095415646309e-01 1.618048283559995332e-02 1.573110047084651589e-02
9.588973589955717358e+00 2.465139998386067233e-01 2.648210255550885739e-01 1.417554391024290587e-02 1.457099913379028382e-02
9.875784439327947695e+00 2.008745832386913954e-01 2.395318722968008684e-01 1.292464295872716891e-02 1.369234617385237454e-02
1.016259528870018158e+01 1.705156257166179079e-01 2.086516938570788515e-01 1.206527101912011762e-02 1.300599235792612891e-02
1.044940613807241370e+01 1.258182139020209422e-01 1.655114727953405362e-01 1.138993189400479798e-02 1.244923366106685109e-02
1.073621698744464581e+01 1.007404174957595433e-01 1.719774410932625730e-01 1.080979718510554494e-02 1.198323170468239794e-02
1.102302783681687792e+01 1.018484953941845572e-01 1.686933990453551024e-01 1.030042943891739879e-02 1.158545632582151132e-02
1.130983868618911004e+01 9.164052945701041397e-02 1.282391662727856985e-01 9.860460768737399836e-03 1.124260543111461549e-02
1.159664953556134215e+01 7.932941220164589635e-02 1.267705569333082705e-01 9.488320750747646082e-03 1.094582546719699914e-02
1.188346038493357426e+01 6.024592096601869007e-02 1.223881572399500434e-01 9.175432970355106022e-03 1.068830677006736563e-02
1.217027123430580815e+01 5.168414732944347917e-02 1.031088007068553108e-01 8.909263258063414986e-03 1.046449664402366968e-02
1.245708208367803849e+01 4.679673827521965007e-02 9.243415604039965927e-02 8.678102117356960993e-03 1.027000858577332455e-02
1.274389293305027238e+01 4.278927895718868946e-02 8.731138617140148106e-02 8.473318692368130359e-03 1.010163056057404238e-02
1.303070378242250449e+01 4.528890438800317608e-02 8.470082550103479047e-02 8.289215269018063853e-03 9.957249506073581960e-03
1.331751463179473660e+01 3.374761590888031293e-02 8.713978759351911907e-02 8.122052752954442983e-03 9.835734857556701488e-03
1.360432548116696871e+01 5.187540890908504121e-02 7.146477396298307749e-02 7.969221422352930698e-03 9.736861014021651328e-03
1.389113633053920083e+01 3.038394750293338387e-02 6.648393266630815701e-02 7.828758834934390620e-03 9.661316191656926095e-03
1.417794717991143294e+01 3.287641529696094106e-02 7.969623848649590170e-02 7.699107528680157117e-03 9.610823047167659644e-03
1.446475802928366505e+01 2.931549772586457617e-02 9.096427217144556487e-02 7.578991759175750242e-03 9.588404283007830736e-03
1.475156887865589717e+01 2.461323464249675491e-02 6.436840845551670964e-02 7.467347001713319637e-03 9.598863457566598339e-03
1.503837972802812928e+01 2.982203005868946585e-02 7.968486216581120718e-02 7.363273997752989644e-03 9.649628420540018112e-03
1.532519057740036139e+01 2.794023315566068408e-02 8.242381445274650498e-02 7.266006034334156378e-03 9.752259998939562247e-03
1.561200142677259350e+01 2.549687881191609745e-02 7.749277884937179339e-02 7.174884471027674626e-03 9.925217080112992696e-03
1.589881227614482739e+01 3.136338838161625842e-02 8.908538620841230382e-02 7.089339909498122705e-03 1.019880938024227829e-02
1.618562312551706128e+01 2.990001849863865163e-02 1.390715808989980706e-01 7.008877433452225664e-03 1.062279004260423612e-02
1.647243397488929162e+01 2.079566036836510631e-02 1.223491619882032810e-01 6.933064882459968013e-03 1.127301183242987968e-02
1.675924482426152196e+01 1.913925327685469038e-02 1.726193034775198865e-01 6.861523440788526787e-03 1.224365674903031900e-02
1.704605567363375584e+01 2.138582406086901935e-02 2.331485462985892765e-01 6.793920027097046128e-03 1.360575258368348049e-02
1.733286652300598973e+01 2.902666367858115423e-02 3.025345689964605289e-01 6.729961110247425354e-03 1.533531991539513299e-02
1.761967737237822007e+01 2.577985636011652371e-02 4.422535262295496650e-01 6.669387675738747655e-03 1.725678564737596898e-02
1.790648822175045041e+01 1.297257696113676174e-02 5.782824487496009969e-01 6.611971141273613808e-03 1.905410469862908740e-02
1.819329907112268430e+01 4.191947547759975953e-03 6.407755940287198637e-01 6.557510078627613870e-03 2.036313160548934575e-02
1.848010992049491819e+01 2.274258320115856921e-02 6.982131440108346743e-01 6.505827650087499942e-03 2.091342226295148446e-02
1.876692076986714852e+01 1.470032437320195617e-02 6.826228287035832620e-01 6.456769719063888517e-03 2.065638916440543094e-02
1.905373161923938241e+01 1.746165339473186584e-02 6.232707191819699677e-01 6.410203656682740038e-03 1.980893747103121272e-02
1.934054246861161630e+01 7.234115456822411659e-03 5.416718662157341546e-01 6.366017957798106308e-03 1.876248754216934198e-02
1.962735331798384664e+01 8.586589595360256261e-03 4.968002103463637908e-01 6.324122939762069108e-03 1.786441240576322476e-02
1.991416416735607697e+01 2.818462337098943948e-02 4.467932345231152014e-01 6.284453118704257969e-03 1.720221226232307790e-02
2.020097501672831086e+01 1.180875979519995823e-02 4.152018954207551960e-01 6.246972602938449977e-03 1.660318726329201161e-02
2.048778586610054475e+01 2.566710489298620890e-02 3.580777126745270378e-01 6.211686900527818231e-03 1.585297832998313131e-02
2.077459671547277509e+01 1.159597195363193910e-02 2.898483279875638807e-01 6.178671399758113060e-03 1.488933505080776258e-02
2.106140756484500898e+01 1.427494220933353888e-02 2.580987771105108797e-01 6.148151743025701867e-03 1.383100222879196824e-02
2.134821841421723931e+01 1.235283486106963750e-02 1.885890176565111209e-01 6.120751809732581997e-03 1.289025071506959795e-02
2.163502926358947320e+01 1.102526828416351516e-02 1.753407931954144849e-01 6.098196571465900814e-03 1.226409356676753590e-02
2.192184011296170354e+01 9.492810202253823895e-03 1.483182975766177691e-01 6.084789825485093645e-03 1.206926654273316954e-02
2.220865096233393743e+01 9.774337136194065703e-03 1.341314068386214586e-01 6.088865573808952339e-03 1.232869002867959321e-02
2.249546181170616777e+01 9.580587279706396717e-03 2.049262466988974740e-01 6.120356616809475431e-03 1.296637078986147620e-02
2.278227266107840165e+01 1.279782213697648781e-02 2.356971497728913012e-01 6.180248034161908710e-03 1.379691700527899481e-02
2.306908351045063199e+01 7.149644803282266363e-03 2.848518029927774586e-01 6.248809817790595793e-03 1.455828381414198645e-02
2.335589435982286588e+01 1.575111924165019384e-02 3.342084288090487743e-01 6.291119864109199523e-03 1.501226187142582109e-02
2.364270520919509977e+01 1.785658013352246776e-02 3.172026922490515100e-01 6.283548860491093221e-03 1.506996767842245025e-02
2.392951605856733011e+01 1.371409576171899770e-02 2.921706751788163969e-01 6.238512405673931824e-03 1.486685592507426198e-02
2.421632690793956399e+01 8.549440155131305535e-03 3.021025827232849403e-01 6.201760437629536514e-03 1.470570767444189485e-02
2.450313775731179433e+01 2.599690036595856540e-02 2.853316780208958736e-01 6.215611185755772969e-03 1.482781048663427310e-02
2.478994860668402822e+01 1.541274471513903385e-02 3.204049312457855625e-01 6.276117757368457339e-03 1.517144402442683303e-02
2.507675945605625856e+01 4.909203384024292405e-03 3.205463187113812840e-01 6.333982545569675528e-03 1.541325970518181779e-02
2.536357030542849245e+01 1.634128543556547311e-03 3.353533994023310538e-01 6.341614940818382160e-03 1.524663752575654632e-02
2.565038115480072278e+01 1.718229083535248447e-02 2.756945189439701238e-01 6.295361465589816886e-03 1.459743522985787294e-02
2.593719200417295667e+01 1.692463013565680130e-02 2.157336928760823502e-01 6.238500649042991349e-03 1.365887894596108480e-02
2.622400285354518701e+01 1.157346059202027204e-02 1.694061501047760265e-01 6.230279753683285945e-03 1.277780023207360227e-02
2.651081370291742090e+01 8.133082007903474561e-03 1.518432229499857844e-01 6.314465263452443897e-03 1.224171983712997111e-02
2.679762455228965479e+01 1.279514386984565225e-02 1.664551776986495091e-01 6.525803400535019373e-03 1.207336707612638102e-02
2.708443540166188512e+01 2.094075895698820772e-02 1.705054345853302122e-01 6.938746318926428645e-03 1.204141517654204810e-02
2.737124625103411901e+01 3.742339414229282901e-02 1.582320385406866259e-01 7.683950691526420483e-03 1.189001920023981251e-02
2.765805710040634935e+01 5.622309131058752379e-02 1.381911625521314579e-01 8.819080876954564496e-03 1.152287616452981472e-02
2.794486794977858324e+01 1.105541288820210827e-01 1.271773835327096869e-01 1.015569162711256468e-02 1.101297281655587434e-02
2.823167879915081357e+01 1.452631977953453002e-01 1.138930891510818999e-01 1.128018587189012767e-02 1.048971873593745018e-02
2.851848964852304746e+01 1.410500441054549914e-01 9.921940754967023546e-02 1.177785203376607512e-02 1.002411743961862181e-02
2.880530049789527780e+01 1.295671634804607120e-01 7.989178768346774651e-02 1.151970069193155449e-02 9.622941041368550386e-03
2.909211134726751169e+01 1.419213429456013531e-01 7.029929990385895555e-02 1.085881121841891436e-02 9.304991943650088929e-03
2.937892219663974203e+01 1.185056969395211213e-01 6.480566320829497795e-02 1.056479515010544032e-02 9.128667517220972680e-03
2.966573304601197592e+01 1.118630797957317624e-01 7.650269088536271189e-02 1.114689121385536996e-02 9.123012097410013871e-03
2.995254389538420980e+01 1.729388010002080034e-01 6.598326765633681645e-02 1.214580002281083135e-02 9.219123746710210232e-03
3.023935474475644014e+01 1.981836204121198708e-01 7.994969034399640462e-02 1.273484964696997360e-02 9.292254550335408980e-03
3.052616559412867403e+01 1.755418572307375080e-01 6.470703114340857487e-02 1.250616432347688607e-02 9.276340395952483581e-03
3.081297644350090437e+01 1.447970358851641826e-01 7.621228199420389260e-02 1.174287984632444229e-02 9.238982327840374389e-03
3.109978729287313826e+01 1.402657266984165263e-01 5.465154978460387558e-02 1.145043489329569675e-02 9.355964176447972153e-03
3.138659814224536859e+01 1.822457617082233194e-01 8.775109712989259680e-02 1.275136954002668854e-02 9.772557373716260487e-03
3.167340899161760248e+01 2.995416726122102635e-01 7.138363846138837121e-02 1.546054890516969198e-02 1.043808526763018510e-02
3.196021984098983282e+01 5.048204055987891570e-01 1.390639217655567084e-01 1.825705135299153514e-02 1.109273319580748873e-02
3.224703069036206671e+01 6.291833747399036003e-01 1.104662562127781272e-01 1.975580280302162081e-02 1.142243523901771349e-02
3.253384153973429704e+01 5.719248902093923004e-01 1.227065060951897796e-01 1.918972931410746485e-02 1.124153910075728624e-02
3.282065238910652738e+01 4.096233871443873409e-01 9.953765554698597307e-02 1.679196356886454577e-02 1.058947498082226518e-02
3.310746323847876482e+01 2.308225443606353733e-01 8.798717114406420792e-02 1.357708568744622410e-02 9.688637626241440592e-03
3.339427408785099516e+01 9.820289961109468502e-02 6.063728378950565545e-02 1.065210846960105984e-02 8.800911627507557872e-03
3.368108493722323260e+01 3.674657264839789605e-02 4.506824259044765052e-02 8.621815311026374481e-03 8.092096918934353969e-03
3.396789578659546294e+01 3.102043610349888847e-02 4.615405617069472805e-02 7.464254767471091914e-03 7.594349948171512030e-03
3.425470663596769327e+01 3.472354543730968995e-02 3.766684558691701934e-02 6.842129182322481511e-03 7.261166778511175118e-03
3.454151748533992361e+01 5.344255469477064008e-03 3.510553859038668956e-02 6.474218242178379247e-03 7.034752439641699800e-03
3.482832833471215395e+01 1.597705644676500683e-02 1.351064613430862441e-02 6.226336494771521346e-03 6.874291461974033068e-03
3.511513918408438428e+01 1.564555817442019742e-02 5.226360268809623205e-03 6.044289231112763908e-03 6.755743970576310112e-03
3.540195003345662172e+01 5.616210391066798688e-03 9.429988267243559139e-03 5.903630698744352298e-03 6.665349437996050119e-03
3.568876088282885917e+01 1.299327198269317057e-03 1.517546728047067250e-02 5.791215074426358037e-03 6.594964249856512251e-03
3.597557173220108950e+01 7.190011057515070456e-03 9.684793079167343388e-03 5.699074112624786387e-03 6.539551567877869079e-03
3.626238258157331984e+01 9.552360346727902657e-03 1.682512479880630962e-02 5.622016743653097080e-03 6.495884839812817758e-03
3.654919343094555018e+01 -1.487978297825687767e-03 1.122125748534107473e-02 5.556492779427660983e-03 6.461854948859419370e-03
3.683600428031778051e+01 5.355446584152621925e-03 2.756209252693264666e-02 5.499984667761472282e-03 6.436082485533917846e-03
3.712281512969001795e+01 6.758444148046258149e-03 1.611783818879809066e-02 5.450655289623115851e-03 6.417692918882238542e-03
3.740962597906224829e+01 3.902266017076946349e-03 1.865280673081712651e-02 5.407132250498885781e-03 6.406184415295909304e-03
3.769643682843447863e+01 -9.010611115985205782e-03 1.473710940626864543e-02 5.368369928570549884e-03 6.401352337029754709e-03
3.798324767780670896e+01 3.735334915811674636e-03 -1.309042104710566451e-03 5.333558119982002160e-03 6.403252048374144870e-03
3.827005852717894641e+01 7.715600571363388435e-03 1.070116455630673591e-02 5.302059765637382946e-03 6.412191872796429992e-03
3.855686937655117674e+01 6.061642374065810343e-03 1.166223035119991550e-02 5.273367448123583538e-03 6.428755552714620139e-03
3.884368022592340708e+01 -4.708716767059839201e-03 2.832501033195487100e-02 5.247072352632985506e-03 6.453861672608403842e-03
3.913049107529564452e+01 3.088516416889437819e-03 2.237910302054053890e-02 5.222841709184635264e-03 6.488880451010438019e-03
3.941730192466787486e+01 5.156001503774484268e-03 -6.832385633973037109e-04 5.200402130374651849e-03 6.535854756341908170e-03
3.970411277404010519e+01 4.034085082771293046e-03 6.103269839463590363e-03 5.179527124999219051e-03 6.597933161665943055e-03
3.999092362341233553e+01 3.368500106798943787e-03 1.624855223291820500e-02 5.160027619461060762e-03 6.680263264641274693e-03
4.027773447278457297e+01 1.853454107506505039e-03 2.477344232780551853e-02 5.141744678507423165e-03 6.791817946583360646e-03
4.056454532215680331e+01 4.295330160303499623e-03 2.436130472517548246e-02 5.124543856315197203e-03 6.948236260509523671e-03
4.085135617152903365e+01 1.799925042645920611e-03 3.134261438141714567e-02 5.108310771428652315e-03 7.171463100788927000e-03
4.113816702090126398e+01 -1.981615799465426958e-03 3.430000770768688867e-02 5.092947611221266754e-03 7.472380053155653311e-03
4.142497787027350142e+01 -6.563942407294116529e-03 3.830471219753941309e-02 5.078370350219097232e-03 7.813759091037410232e-03
4.171178871964573176e+01 5.974770497547028658e-03 4.886124966251924329e-02 5.064506522631068500e-03 8.106890378107987905e-03
4.199859956901796210e+01 9.023331717219399209e-03 3.639576631485648417e-02 5.051293429909830060e-03 8.291163179476215839e-03
4.228541041839019954e+01 2.318684865645138579e-03 5.601380613735002650e-02 5.038676693902992970e-03 8.418407777488010751e-03
4.257222126776242987e+01 1.322107397424587914e-03 4.904638240897561674e-02 5.026609088452801098e-03 8.624503697453319434e-03
4.285903211713466021e+01 -5.898489199037358459e-03 5.007638035836533413e-02 5.015049599552554027e-03 9.029394818922387850e-03
4.314584296650689055e+01 5.857813598601361096e-04 7.961351871340253961e-02 5.003962678274916955e-03 9.712648731101714700e-03
4.343265381587912799e+01 8.827810893637653630e-03 1.124276206387919697e-01 4.993317663509785030e-03 1.077696112826066928e-02
4.371946466525135833e+01 -3.000175002415856034e-03 1.596786422942250150e-01 4.983088365599689512e-03 1.238898136159178112e-02
4.400627551462358866e+01 7.621111938764730306e-04 2.977301346380953340e-01 4.973252822011571712e-03 1.467157631653070657e-02
4.429308636399581900e+01 -2.191537787821465962e-03 4.371845745202470601e-01 4.963793273878931017e-03 1.736950252805132683e-02
4.457989721336805644e+01 -4.027335282039423876e-03 6.052463493049135002e-01 4.954696501715705192e-03 1.960275083807035482e-02
4.486670806274028678e+01 1.040642065687274152e-02 6.544634027584055325e-01 4.945954920434482774e-03 2.028463680648359690e-02
4.515351891211251711e+01 4.880001540864340858e-04 5.570726680750116566e-01 4.937569817926302368e-03 1.903028615946106630e-02
4.544032976148475456e+01 -1.591250669442292615e-03 4.043356125362657094e-01 4.929563110026609872e-03 1.652439832349316892e-02
4.572714061085698489e+01 4.923613727145618318e-03 2.322986399666513158e-01 4.922030104676669224e-03 1.387868176624966129e-02
4.601395146022921523e+01 1.857700541267108063e-03 1.723302028846280531e-01 4.915322216170645367e-03 1.178525755726409809e-02
4.630076230960144557e+01 5.705890612069990098e-03 1.007211577281032916e-01 4.910147412798099645e-03 1.033683174415168243e-02
4.658757315897368301e+01 -3.967177902036118226e-03 7.566474505065114153e-02 4.906302987525045650e-03 9.356636087178116928e-03
4.687438400834591334e+01 2.280721401416579541e-03 6.180871029725245464e-02 4.901169916813315729e-03 8.662772944531559743e-03
4.716119485771814368e+01 4.005314206948962143e-04 6.241260997628859941e-02 4.893277566052689660e-03 8.137830635172357829e-03
4.744800570709037402e+01 6.470491881361789197e-03 3.765582496404618756e-02 4.885137083559393245e-03 7.723796015480357234e-03
4.773481655646261146e+01 6.955929356757288226e-03 4.137080899286083718e-02 4.878845962549735807e-03 7.394305326603982029e-03
4.802162740583484180e+01 8.827771137344196661e-03 2.934212209048663034e-02 4.874232015725482592e-03 7.130711963838005582e-03
4.830843825520707213e+01 4.519533624868087886e-03 6.429037285403255142e-03 4.870844733957447811e-03 6.916671578004764814e-03
4.859524910457930957e+01 4.805815126892485842e-03 1.781233496387400403e-02 4.868705338649647468e-03 6.739744585945992017e-03
4.888205995395153991e+01 3.650740246519215172e-03 1.940183272134232695e-02 4.868150951340042241e-03 6.591314616223153261e-03
4.916887080332377025e+01 -2.368248454189714365e-04 1.805973843327784642e-02 4.869792908308386362e-03 6.465467334492379023e-03
4.945568165269600058e+01 5.048375309938684004e-03 2.167829290938774398e-03 4.874658912490688507e-03 6.358122333563991438e-03
4.974249250206823803e+01 5.062514293467205995e-03 8.352054971213945453e-03 4.884542625151314793e-03 6.266580538823606286e-03
5.002930335144046836e+01 2.815729245041116192e-03 7.368373955991884723e-03 4.902801588398556475e-03 6.189422208571054504e-03
5.031611420081269870e+01 6.353457445394785144e-03 8.776620485012015527e-03 4.936413758642156646e-03 6.126837998601181341e-03
5.060292505018492903e+01 3.322709531232697668e-03 1.061064729496750091e-02 5.002607828276930610e-03 6.081773619195511224e-03
5.088973589955716648e+01 -5.681126854915402244e-04 1.841378150504869096e-02 5.156358336447727092e-03 6.062411488294622806e-03
5.117654674892939681e+01 7.951014067924873363e-03 2.229172281375554898e-02 5.564788256715079949e-03 6.082959512009613288e-03
5.146335759830162715e+01 9.943975680638893200e-03 2.623775145336286474e-04 6.376501025774695443e-03 6.145456483951802773e-03
5.175016844767386459e+01 2.642615313400433277e-02 8.549727956708091242e-03 7.153973540588439567e-03 6.198539425158768740e-03
5.203697929704609493e+01 2.538844119178777087e-02 9.069423585168927271e-03 7.129022672822004324e-03 6.161631361461706799e-03
5.232379014641832526e+01 1.962316526786321569e-02 1.818333213279960808e-02 6.326466221611808972e-03 6.032262499813553433e-03
5.261060099579055560e+01 3.266318870956397974e-03 1.589036234317517740e-02 5.522142749104728618e-03 5.887446525828315090e-03
5.289741184516279304e+01 1.068424529413195163e-02 4.026658140106218961e-04 5.119412316410200392e-03 5.778524729185227984e-03
5.318422269453502338e+01 6.436684730941544079e-03 1.844347297294249635e-03 4.959984008256338069e-03 5.704743608028756650e-03
5.347103354390725372e+01 4.254725130290603827e-03 5.475572610479036845e-03 4.883993038151114748e-03 5.651849207968262859e-03
5.375784439327948405e+01 1.868058985120524132e-03 1.067002327976497231e-02 4.839535921994524842e-03 5.610478308388599719e-03
5.404465524265172149e+01 -2.190805537939742326e-03 1.947452498404646237e-03 4.810118015692526651e-03 5.575940403348370045e-03
5.433146609202395183e+01 6.939453773008503502e-03 3.376969617074585071e-03 4.788964725196576122e-03 5.545863197642968666e-03
5.461827694139618217e+01 7.311701735555142280e-03 3.424812782624540863e-03 4.772779265243234058e-03 5.518948693388457845e-03
5.490508779076841961e+01 9.959704330091919723e-04 -3.146801326897638584e-03 4.759780022453267458e-03 5.494425125363100806e-03
5.519189864014064995e+01 -2.871218016876754368e-04 -3.078224018531512327e-03 4.748930050521849890e-03 5.471798567286391413e-03
5.547870948951288028e+01 5.757656381430003786e-03 -1.464213582603525986e-03 4.739590579353866219e-03 5.450732512755015330e-03
5.576552033888511062e+01 1.276830668412984966e-03 -2.990105747153185521e-03 4.731349841449340905e-03 5.430985400140345490e-03
5.605233118825734806e+01 -2.464022618992368387e-04 4.405498204195621229e-03 4.723932273411095978e-03 5.412376157838572066e-03
5.633914203762957840e+01 2.099128295701252131e-03 3.701593939775000425e-04 4.717147546355468339e-03 5.394764148563438270e-03
5.662595288700180873e+01 1.629128257595043906e-03 3.134891740715197404e-03 4.710860590741668998e-03 5.378036923424088164e-03
5.691276373637403907e+01 -1.750714401255212870e-03 1.278777891838113814e-02 4.704973263897233374e-03 5.362102419113875217e-03
5.719957458574627651e+01 9.862348992908747357e-04 -3.308669014530273879e-03 4.699412755868111191e-03 5.346883792601582648e-03
5.748638543511850685e+01 2.408238368024701037e-03 -5.055466440214310096e-03 4.694124040437843218e-03 5.332315882336312318e-03
5.777319628449073718e+01 8.828976895664437247e-03 -2.204180638083160990e-03 4.689064832931330411e-03 5.318342707687454853e-03
5.806000713386297463e+01 6.042162376651401268e-03 1.827694321540511598e-03 4.684202145411728822e-03 5.304915652233403028e-03
5.834681798323520496e+01 -2.882523355446537771e-03 1.223540726991844720e-02 4.679509885260680832e-03 5.291992110584817915e-03
5.863362883260743530e+01 5.510610805615641025e-03 6.802654042226390779e-03 4.674967150493778388e-03 5.279534457777701820e-03
5.892043968197966564e+01 -7.637053682844659706e-03 1.057137778178621462e-03 4.670556999665911001e-03 5.267509248621461172e-03
5.920725053135190308e+01 -3.005233585630571330e-03 1.615616605071424662e-03 4.666265550911948175e-03 5.255886584645458326e-03
5.949406138072413341e+01 2.011523175499501520e-03 3.267250703827399329e-03 4.662081313009675682e-03 5.244639605696073750e-03
5.978087223009636375e+01 -2.726059532935485967e-03 1.441485258428706548e-02 4.657994682467308731e-03 5.233744075973229687e-03
6.006768307946859409e+01 -3.361851405534223292e-03 5.716958532521743130e-04 4.653997561050496855e-03 5.223178042833797469e-03
6.035449392884083153e+01 -4.688537466417208241e-03 -1.596018980314513856e-04 4.650083061790455732e-03 5.212921552528294519e-03
6.064130477821306187e+01 -4.371463778291658463e-03 7.124907845626403738e-03 4.646245280758480936e-03 5.202956411105464675e-03
6.092811562758529220e+01 -6.975191537383810571e-03 1.039329729693010476e-02 4.642479118255755585e-03 5.193265981603665399e-03
6.121492647695752964e+01 5.808248873542528473e-03 5.311879730760574701e-03 4.638780137508728696e-03 5.183835010726975216e-03
6.150173732632975998e+01 -8.188435000818271650e-04 -1.600297213246380714e-03 4.635144452099662291e-03 5.174649479725777247e-03
6.178854817570199032e+01 1.865379326206455420e-03 6.736307373866266476e-03 4.631568635607347974e-03 5.165696475331704556e-03
6.207535902507422776e+01 -2.151724946301455423e-03 -7.093263469783528744e-03 4.628049648556853586e-03 5.156964077447792963e-03
