# [ 0.92291584  0.92291584 12.50082895], [ 0.88039983  0.88039983 12.45901331], [ 0.98056518  0.98056518 12.56838416]
5.000000000000000000e+00 9.590887055757592705e+00 9.834220222031641256e+00 9.322921109967891695e+00 4.079032501199927552e+00 4.119184717644463589e+00 4.016618654611716188e+00
5.190887488378174375e+00 9.677153945956849412e+00 9.724362501804169057e+00 9.566995023798986253e+00 4.062528059700293959e+00 4.071895905189730769e+00 4.022224539993245251e+00
5.381774976756349638e+00 9.376229010605950265e+00 9.255818018788257717e+00 9.389575567296109426e+00 3.934068463740735933e+00 3.917591424680879175e+00 3.911557985791014769e+00
5.572662465134524012e+00 8.821428295008352904e+00 8.593464759120934104e+00 8.895913853243802905e+00 3.721183288055841309e+00 3.687190829167232842e+00 3.709182946544581583e+00
5.763549953512698387e+00 8.194329085295450454e+00 7.933474169161457645e+00 8.257166959965726249e+00 3.461769832930202906e+00 3.420070689859497470e+00 3.451694970484040059e+00
5.954437441890873650e+00 7.671780856679570881e+00 7.447020456686104239e+00 7.661046001286775819e+00 3.194518459831332091e+00 3.154163396726727520e+00 3.178646614539872406e+00
6.145324930269048025e+00 7.373869500477038486e+00 7.231498288017641052e+00 7.256427191620314687e+00 2.949814374810742823e+00 2.917203661409760063e+00 2.923290879747349358e+00
6.336212418647223288e+00 7.330032218056341975e+00 7.284750700238505239e+00 7.110336175872302711e+00 2.743743819518615012e+00 2.721598298634618995e+00 2.705802146640281070e+00
6.527099907025397663e+00 7.474255583466912434e+00 7.510142922827117928e+00 7.191378149584667590e+00 2.576675636601294173e+00 2.564080433808387127e+00 2.530692766459120335e+00
6.717987395403572037e+00 7.670426288084533084e+00 7.750335661400415965e+00 7.384606264861322877e+00 2.436347005396729326e+00 2.429732739664019814e+00 2.388730055196791824e+00
6.908874883781747300e+00 7.758750329484431774e+00 7.838316969110988630e+00 7.532187059942196505e+00 2.304011702257991789e+00 2.298674610732195145e+00 2.262287641452277676e+00
7.099762372159921675e+00 7.607095790923334100e+00 7.648593400652783814e+00 7.485538304674115295e+00 2.161437674196260872e+00 2.153090650185314203e+00 2.132162838930791171e+00
7.290649860538096050e+00 7.149820751746769787e+00 7.131708228357854118e+00 7.150965242861555993e+00 1.996556959102486317e+00 1.982465712633686650e+00 1.983689393989025662e+00
7.481537348916271313e+00 6.401945131052825033e+00 6.321860323247505242e+00 6.513851777161517198e+00 1.806295010111654831e+00 1.785749374869206374e+00 1.810472433469714204e+00
7.672424837294445688e+00 5.446448309622435424e+00 5.317916482967177672e+00 5.635241096301126795e+00 1.596225163386299606e+00 1.570344629580942897e+00 1.615047863593983113e+00
7.863312325672620062e+00 4.402678403763965242e+00 4.247911813079557675e+00 4.625459459552043739e+00 1.377771533980565399e+00 1.348852439083799259e+00 1.406845908010497359e+00
8.054199814050795325e+00 3.389739566450664210e+00 3.231783278223995026e+00 3.607397581311482693e+00 1.164332730770493152e+00 1.135042507648093002e+00 1.198623742691299787e+00
8.245087302428970588e+00 2.498033081765717256e+00 2.354957969537862628e+00 2.683772366892221761e+00 9.677434079335411887e-01 9.404381823676329910e-01 1.002776420790031597e+00
8.435974790807144075e+00 1.776172713681354098e+00 1.658537366968414695e+00 1.918192287470730450e+00 7.960280469886636956e-01 7.723520070042063645e-01 8.286385333577811485e-01
8.626862279185319338e+00 1.233024161540621888e+00 1.144281821409399935e+00 1.332325646058599267e+00 6.527226713394825852e-01 6.335082818979116404e-01 6.812760687209601373e-01
8.817749767563494601e+00 8.493405695022014923e-01 7.879400824222566602e-01 9.150115641896320318e-01 5.374618071641962258e-01 5.228485676230937296e-01 5.616503849886761435e-01
9.008637255941668087e+00 5.920498327824723628e-01 5.538677468570922802e-01 6.363325741251416590e-01 4.472401377952336943e-01 4.368926437756355252e-01 4.676509852593735417e-01
9.199524744319843350e+00 4.260055845552653264e-01 4.062049066971930578e-01 4.605554252992232755e-01 3.777724775115353650e-01 3.710972939254915670e-01 3.954128137614529859e-01
9.390412232698018613e+00 3.210125622790631073e-01 3.150397936370838980e-01 3.547325449801487229e-01 3.245757484712057939e-01 3.208826034692511819e-01 3.404797327049695621e-01
9.581299721076192100e+00 2.544345575490417621e-01 2.583225692104182958e-01 2.926357179966936894e-01 2.836354722289650132e-01 2.822329806663940732e-01 2.986064751827372521e-01
9.772187209454367363e+00 2.109126492457137347e-01 2.212368212324369865e-01 2.553744121836236114e-01 2.516950533370168053e-01 2.519380930963530107e-01 2.661864112217989797e-01
9.963074697832542626e+00 1.807992297233869394e-01 1.945867446409084989e-01 2.303940402628382456e-01 2.262866484603192341e-01 2.275991770444285578e-01 2.403972345898816310e-01
1.015396218621071611e+01 1.584033902543403038e-01 1.731402250543888077e-01 2.100683487012335593e-01 2.056269549719561829e-01 2.075171625137351150e-01 2.191775504693512511e-01
1.034484967458889138e+01 1.405555325689451518e-01 1.542848707572278544e-01 1.904247962597034327e-01 1.884677563984875626e-01 1.905413377873702852e-01 2.011212847605922671e-01
1.053573716296706664e+01 1.255965795956877074e-01 1.370216796497057132e-01 1.700763524117323844e-01 1.739513128061204728e-01 1.759204473295267745e-01 1.853408771688823398e-01
1.072662465134524012e+01 1.127175686226657980e-01 1.212229525554108095e-01 1.492788751824786486e-01 1.614909970962344621e-01 1.631742414509425865e-01 1.713251039555965527e-01
1.091751213972341539e+01 1.015435621258081317e-01 1.071014006329175233e-01 1.290841605170828521e-01 1.506810667133966775e-01 1.519918149205233826e-01 1.588064107176047624e-01
1.110839962810159065e+01 9.188242101858189181e-02 9.487150569826865998e-02 1.106505759818204454e-01 1.412325705781094232e-01 1.421579974603041363e-01 1.476493698188375281e-01
1.129928711647976414e+01 8.358839242910685863e-02 8.458688404763557711e-02 9.479781991382332795e-02 1.329304382730941980e-01 1.335060046726815886e-01 1.377689872080993527e-01
1.149017460485793940e+01 7.650522830311491662e-02 7.611581894892331668e-02 8.183697808209236535e-02 1.256066444963794271e-01 1.258918830986378301e-01 1.290819874273910206e-01
1.168106209323611466e+01 7.045834630260777720e-02 6.919778567711698525e-02 7.162376053477502447e-02 1.191246939056675030e-01 1.191844034170176092e-01 1.214872844305751876e-01
1.187194958161428815e+01 6.526952890360565585e-02 6.352388360832136871e-02 6.372987902358745460e-02 1.133712936421712447e-01 1.132637206159433502e-01 1.148666869768438098e-01
1.206283706999246341e+01 6.077501607146014451e-02 5.880227874445947966e-02 5.762831042988175723e-02 1.082519823505913165e-01 1.080233519019387217e-01 1.090954417393684844e-01
1.225372455837063868e+01 5.683714370234199675e-02 5.479365665843003580e-02 5.282761314049243262e-02 1.036885461546406262e-01 1.033720976911261247e-01 1.040542149253411847e-01
1.244461204674881216e+01 5.334753128085874957e-02 5.131969052429206229e-02 4.893760647805774078e-02 9.961704166941147409e-02 9.923453765502952828e-02 9.963777710029368684e-02
1.263549953512698742e+01 5.022418575789307227e-02 4.825527994720452823e-02 4.568058556513913265e-02 9.598597211932932693e-02 9.555008879319452919e-02 9.575908933886144447e-02
1.282638702350516269e+01 4.740592893058154927e-02 4.551496203653846578e-02 4.287293410312086051e-02 9.275456800335962759e-02 9.227120860995625951e-02 9.234962836763155325e-02
1.301727451188333617e+01 4.484669940521601728e-02 4.303997929460399302e-02 4.039799852073339831e-02 8.989127175963768090e-02 8.936137784945201445e-02 8.935754072490385835e-02
1.320816200026151144e+01 4.251096053946494535e-02 4.078856896410083810e-02 3.818195473896708603e-02 8.737252844502575722e-02 8.679329997359326587e-02 8.674505512242229599e-02
1.339904948863968670e+01 4.037045842052607719e-02 3.872960851945696920e-02 3.617659165176984742e-02 8.518193852668655419e-02 8.454752756912330136e-02 8.448607083203424351e-02
1.358993697701786019e+01 3.840209489552623423e-02 3.683878801267460867e-02 3.434858693849485167e-02 8.330979020058462692e-02 8.261156985192760760e-02 8.256435569292178145e-02
1.378082446539603545e+01 3.658656799840004359e-02 3.509638833628857257e-02 3.267338593468194219e-02 8.175297654934536584e-02 8.097946512369910699e-02 8.097247963829193318e-02
1.397171195377421071e+01 3.490748983604546191e-02 3.348598137612895931e-02 3.113186480731057471e-02 8.051531729398925252e-02 7.965179489420548542e-02 7.971147887227658657e-02
1.416259944215238420e+01 3.335078863544976846e-02 3.199363269504190005e-02 2.970851615323025566e-02 7.960834150481416183e-02 7.863614659827362907e-02 7.879123768184263799e-02
1.435348693053055946e+01 3.190428073919251289e-02 3.060737716168812628e-02 2.839042132226554660e-02 7.905264639370830626e-02 7.794808475435749395e-02 7.823163958571456578e-02
1.454437441890873473e+01 3.055734883862690557e-02 2.931684912440376059e-02 2.716662456319295094e-02 7.888003683538145905e-02 7.761276514378070979e-02 7.806465449563548820e-02
1.473526190728690821e+01 2.930069101815291344e-02 2.811300666529370149e-02 2.602771950798383332e-02 7.913679154419075990e-02 7.766743555136566834e-02 7.833770182753736766e-02
1.492614939566508347e+01 2.812612004221383410e-02 2.698791785539111227e-02 2.496555606767939667e-02 7.988863463877082793e-02 7.816523756446086546e-02 7.911890029516499556e-02
1.511703688404325874e+01 2.702640006778413498e-02 2.593459069617200935e-02 2.397302168735584299e-02 8.122838464723991514e-02 7.918100715849506199e-02 8.050525890759840930e-02
1.530792437242143222e+01 2.599511218753665365e-02 2.494683536956470229e-02 2.304387221758227161e-02 8.328791489484109467e-02 8.082025180837092149e-02 8.263559637021260229e-02
1.549881186079960749e+01 2.502654268946322494e-02 2.401915118580113043e-02 2.217259791028593913e-02 8.625712387121765856e-02 8.323328443665264920e-02 8.571112866365891703e-02
1.568969934917778275e+01 2.411558949915712860e-02 2.314663284996001935e-02 2.135431534380561117e-02 9.041414332968880641e-02 8.663775509432343480e-02 9.002825362197969250e-02
1.588058683755595624e+01 2.325768334772228968e-02 2.232489209584260018e-02 2.058467906622539131e-02 9.617268541520956893e-02 9.135452863247500721e-02 9.602962081086896529e-02
1.607147432593413328e+01 2.244872097793219889e-02 2.154999170460315111e-02 1.985980856675157238e-02 1.041528814970259509e-01 9.786342153939962818e-02 1.043794263780099957e-01
1.626236181431230676e+01 2.168500826975755871e-02 2.081838961121927969e-02 1.917622736758353708e-02 1.152778362994439088e-01 1.068847405024069552e-01 1.160632121192857885e-01
1.645324930269048025e+01 2.096321159608234910e-02 2.012689130227363760e-02 1.853081183368627746e-02 1.308836529884241651e-01 1.194855042917107313e-01 1.324952810190664354e-01
1.664413679106865374e+01 2.028031604983789732e-02 1.947260908228687706e-02 1.792074786526189414e-02 1.527998887061575994e-01 1.371891345354052383e-01 1.555829733283090877e-01
1.683502427944683077e+01 1.963358944134675765e-02 1.885292707024673053e-02 1.734349404874760414e-02 1.833113029665541516e-01 1.620293554956543924e-01 1.876503087472773945e-01
1.702591176782500426e+01 1.902055116777508909e-02 1.826547100775137433e-02 1.679675014664804011e-02 2.248701595639643336e-01 1.964393502416904858e-01 2.310883283989317305e-01
1.721679925620318130e+01 1.843894521842649389e-02 1.770808213230782788e-02 1.627843003637902131e-02 2.794370246111823053e-01 2.428356924810128326e-01 2.876249805145434935e-01
1.740768674458135479e+01 1.788671670985253134e-02 1.717879450580055145e-02 1.578663838477880124e-02 3.474435906979678190e-01 3.027982647793221460e-01 3.572460920196126599e-01
1.759857423295952827e+01 1.736199145065913524e-02 1.667581529766407403e-02 1.531965048256633821e-02 4.266114103814502290e-01 3.759144066867620149e-01 4.370528263901632959e-01
1.778946172133770176e+01 1.686305812303612664e-02 1.619750761132285333e-02 1.487589477205210169e-02 5.111417441107360959e-01 4.586353282137554110e-01 5.206044405163402500e-01
1.798034920971587880e+01 1.638835274082602045e-02 1.574237551593305612e-02 1.445393768928209498e-02 5.919172203448344050e-01 5.437523440674042474e-01 5.983627067447433445e-01
1.817123669809405229e+01 1.593644510601966227e-02 1.530905100730639394e-02 1.405247051416017544e-02 6.581193140664542973e-01 6.211130127186960115e-01 6.595440396322661547e-01
1.836212418647222933e+01 1.550602704009739277e-02 1.489628267540035050e-02 1.367029798343793665e-02 7.000415064022643685e-01 6.797941383638824719e-01 6.950254084437561541e-01
1.855301167485040281e+01 1.509590221671367263e-02 1.450292590393287111e-02 1.330632847569501731e-02 7.121456146908758944e-01 7.112155650059254208e-01 7.002645354977110603e-01
1.874389916322857630e+01 1.470497747121040505e-02 1.412793447359970110e-02 1.295956562839352399e-02 6.950395879912986130e-01 7.120074101936395561e-01 6.769448971047848929e-01
1.893478665160674979e+01 1.433225551458339360e-02 1.377035348766943862e-02 1.262910129919816125e-02 6.553806213887202192e-01 6.853117746324947079e-01 6.325008348917110501e-01
1.912567413998492682e+01 1.397682904089941197e-02 1.342931359231035703e-02 1.231410984298381486e-02 6.036255917506513358e-01 6.398024011915407483e-01 5.776313355137956407e-01
1.931656162836310031e+01 1.363787629747471170e-02 1.310402653132569824e-02 1.201384375158587141e-02 5.505519350302970905e-01 5.867517702881647201e-01 5.228353171924930987e-01
1.950744911674127735e+01 1.331465830327157110e-02 1.279378216846564602e-02 1.172763081148250723e-02 5.039920171039785624e-01 5.363682186777327665e-01 4.753834772657776209e-01
1.969833660511945084e+01 1.300651808471510462e-02 1.249794725251837831e-02 1.145487310591613954e-02 4.670233945523507568e-01 4.948838271072586448e-01 4.378299766600081133e-01
1.988922409349762432e+01 1.271288261439320645e-02 1.221596643440582379e-02 1.119504848695039578e-02 4.381222514909141608e-01 4.634287810195792390e-01 4.084072109361055469e-01
2.008011158187579781e+01 1.243326873237820054e-02 1.194736646354661869e-02 1.094771572003648552e-02 4.129344508210939235e-01 4.388880084147717131e-01 3.828558077302088303e-01
2.027099907025397485e+01 1.216729555890242939e-02 1.169176530746005895e-02 1.071252574382729715e-02 3.867297707813979191e-01 4.161285259919538237e-01 3.567567353898893900e-01
2.046188655863214834e+01 1.191470869576623584e-02 1.144888969963712630e-02 1.048924442350286645e-02 3.564790433452453833e-01 3.905332620581884462e-01 3.273950062645820114e-01
2.065277404701032538e+01 1.167542824240287019e-02 1.121860877029460211e-02 1.027779950214413769e-02 3.218219252513236928e-01 3.598124610423793501e-01 2.945441285319266855e-01
2.084366153538849886e+01 1.144964892258772300e-02 1.100100165451596210e-02 1.007838246101857606e-02 2.847845530270913250e-01 3.245244732402082777e-01 2.601173900248802129e-01
2.103454902376667235e+01 1.123805724561276545e-02 1.079650171644369605e-02 9.891676354177689201e-03 2.486638361215396942e-01 2.873847918306881577e-01 2.271152396366671600e-01
2.122543651214484939e+01 1.104230097319689428e-02 1.060621419684456071e-02 9.719355950321287643e-03 2.167563690401389520e-01 2.519502013019489506e-01 1.984919298764340201e-01
2.141632400052302287e+01 1.086594516418254268e-02 1.043260151820750783e-02 9.565104254451235744e-03 1.914962000120286334e-01 2.213969096823447114e-01 1.764265227530781854e-01
2.160721148890119636e+01 1.071619653702162410e-02 1.028084695096459153e-02 9.436409959054512658e-03 1.742147683501714117e-01 1.978655105609567200e-01 1.621533889363800662e-01
2.179809897727937340e+01 1.060644337456412289e-02 1.016119842491524164e-02 9.347099384143253004e-03 1.653834626433218769e-01 1.824352301087578676e-01 1.561945484043128218e-01
2.198898646565754689e+01 1.055879268823066777e-02 1.009212078421893415e-02 9.319581416546731528e-03 1.650127136660130556e-01 1.754703714740217801e-01 1.586816430002291889e-01
2.217987395403572037e+01 1.060419035741625923e-02 1.010275161872736284e-02 9.384172377629704936e-03 1.728907014747553816e-01 1.769806067636608971e-01 1.694814844007401511e-01
2.237076144241389741e+01 1.077626524235815626e-02 1.023112706063846258e-02 9.571727714630485356e-03 1.884891167378217047e-01 1.867253251492232147e-01 1.879947802092713782e-01
2.256164893079207090e+01 1.109597164989624754e-02 1.051353190543120354e-02 9.897442024674182187e-03 2.105726737212159638e-01 2.039786641262421318e-01 2.127165295132204814e-01
2.275253641917024439e+01 1.154958479869985441e-02 1.096309657040942659e-02 1.033978333136395360e-02 2.367621388748397948e-01 2.270848566205828090e-01 2.408536678835878075e-01
2.294342390754842143e+01 1.207134868860454228e-02 1.154407811890755149e-02 1.082682071025893762e-02 2.634305969405448256e-01 2.531164092971581736e-01 2.683855073510130196e-01
2.313431139592659491e+01 1.254721432826691983e-02 1.215827858992810616e-02 1.124528820305695752e-02 2.862470300236661935e-01 2.780107872127284274e-01 2.908191289701340110e-01
2.332519888430476840e+01 1.284924584190996581e-02 1.266192900927724449e-02 1.147843799529172683e-02 3.013723286248521926e-01 2.974037761640187516e-01 3.045303462194901001e-01
2.351608637268294544e+01 1.289112158069826569e-02 1.291723989482934133e-02 1.145939996041053267e-02 3.068850185086489657e-01 3.080016282505328995e-01 3.081664264601948200e-01
2.370697386106111892e+01 1.267652309115730250e-02 1.285814488056664928e-02 1.121149616199958003e-02 3.037408393672401119e-01 3.089291511053331996e-01 3.034009634674972311e-01
2.389786134943929241e+01 1.231071488777807539e-02 1.253363086885912747e-02 1.085009467738584296e-02 2.956792406460019285e-01 3.023446661900278665e-01 2.945469896797099363e-01
2.408874883781746945e+01 1.196482290666970108e-02 1.210040852506151857e-02 1.054146039219857646e-02 2.879578286158533396e-01 2.928781002222624053e-01 2.870535884039270846e-01
2.427963632619564294e+01 1.180789216513892549e-02 1.176476018020326808e-02 1.043673918830185544e-02 2.853530812852843046e-01 2.859921896630876481e-01 2.854346022254798942e-01
2.447052381457381642e+01 1.193631925317709466e-02 1.169968663320624866e-02 1.060912377307751848e-02 2.902137103974028465e-01 2.858730946444467680e-01 2.914417775274157907e-01
2.466141130295199346e+01 1.232952190672854942e-02 1.197219669347003926e-02 1.101904990970704531e-02 3.013631952212035836e-01 2.936797474884746406e-01 3.032247647906685661e-01
2.485229879133016695e+01 1.285136266530586928e-02 1.250941403777752585e-02 1.152322760068782460e-02 3.143563706892908427e-01 3.068745943424528999e-01 3.158793905979117023e-01
2.504318627970834044e+01 1.330219452013889359e-02 1.312016382242589888e-02 1.192972388329606968e-02 3.230900075024072948e-01 3.199905897166242519e-01 3.232640626389020055e-01
2.523407376808651748e+01 1.350466365945855902e-02 1.357072787057191435e-02 1.208059018199793971e-02 3.221801306492734218e-01 3.266421219275069676e-01 3.204017277367279815e-01
2.542496125646469096e+01 1.338439931635583904e-02 1.368708079257419455e-02 1.192374312254681178e-02 3.090997139538814720e-01 3.220113598352239426e-01 3.054425389254923351e-01
2.561584874484286445e+01 1.300350306670565795e-02 1.343430818842443301e-02 1.153601904691564650e-02 2.851185315420539657e-01 3.047307466110035779e-01 2.803129916840619851e-01
2.580673623322104149e+01 1.253124452271736286e-02 1.293079470467014755e-02 1.108738421448059175e-02 2.546741022372486785e-01 2.773184961614847399e-01 2.498242490308477115e-01
2.599762372159921497e+01 1.217592846373977480e-02 1.239450931019768672e-02 1.077294379411507588e-02 2.235960948943484794e-01 2.450580023040025424e-01 2.197743617206958655e-01
2.618851120997738846e+01 1.212292176093615441e-02 1.206227562424277457e-02 1.075515479867073139e-02 1.970867719768127913e-01 2.139857913052374272e-01 1.949663274556802939e-01
2.637939869835556550e+01 1.251360944216368953e-02 1.213553087603350122e-02 1.114603613546498798e-02 1.782688451998415136e-01 1.889546912858753869e-01 1.779001037829630316e-01
2.657028618673373899e+01 1.347785300526998901e-02 1.278529702846575508e-02 1.203987288785275493e-02 1.676513029118857356e-01 1.724570815660270429e-01 1.684293760717544830e-01
2.676117367511191247e+01 1.522418123085468242e-02 1.422450418055888795e-02 1.360383570770020735e-02 1.634379622678881760e-01 1.643695983445800646e-01 1.642731798824149658e-01
2.695206116349008951e+01 1.819331356804612318e-02 1.684784451505941943e-02 1.623897924227449968e-02 1.624206732913182905e-01 1.624290013129296439e-01 1.620860035398034305e-01
2.714294865186826300e+01 2.324952046597892133e-02 2.142271179940365838e-02 2.079476077982842300e-02 1.611635068901652035e-01 1.631753606830006753e-01 1.587210392841270634e-01
2.733383614024643649e+01 3.178098280733155506e-02 2.923506454559792259e-02 2.871581201393546418e-02 1.571346643609227156e-01 1.631142145746191097e-01 1.522734524429065484e-01
2.752472362862461353e+01 4.544720272258222921e-02 4.195172857668183486e-02 4.185192616061067516e-02 1.493989098117850245e-01 1.597869912524051972e-01 1.425270204334610213e-01
2.771561111700278701e+01 6.532799362693800238e-02 6.090634986715094679e-02 6.163911428805531750e-02 1.386031707939301971e-01 1.523754414739205143e-01 1.306553945971159758e-01
2.790649860538096050e+01 9.060529397339105173e-02 8.580216507201358922e-02 8.769727934476626019e-02 1.263174698599272838e-01 1.415991006965830190e-01 1.183919074802664284e-01
2.809738609375913754e+01 1.175674513203773808e-01 1.134902513872640961e-01 1.165852261335043605e-01 1.141388262116803387e-01 1.290190827789184924e-01 1.071474086341875492e-01
2.828827358213731102e+01 1.400715874244125858e-01 1.380125771715967620e-01 1.419525707812637205e-01 1.030586720403536827e-01 1.161921962418214771e-01 9.752753633483579598e-02
2.847916107051548451e+01 1.519369627651799004e-01 1.526794880757996187e-01 1.568190737432141602e-01 9.336006895693119145e-02 1.041472750019324101e-01 8.940609229934265434e-02
2.867004855889366155e+01 1.502307425300083987e-01 1.534610039200437204e-01 1.571407883264218930e-01 8.494198783749953852e-02 9.336111410509187469e-02 8.237006000827644392e-02
2.886093604727183504e+01 1.373565353925198518e-01 1.416059562544546013e-01 1.444649691031584804e-01 7.773897769008487890e-02 8.405296667133313471e-02 7.618638871835266280e-02
2.905182353565000852e+01 1.204627801225536393e-01 1.236466752532841412e-01 1.258182931433638463e-01 7.193883937540608564e-02 7.646903873900293136e-02 7.101496125529380143e-02
2.924271102402818556e+01 1.084950037209531370e-01 1.087392472094830947e-01 1.108588738579080746e-01 6.790622113646252456e-02 7.094236362489395042e-02 6.730148834146952586e-02
2.943359851240635905e+01 1.085091517304367092e-01 1.048971704062654220e-01 1.079326518538596541e-01 6.591595232695866835e-02 6.772935087625926720e-02 6.546850104640539181e-02
2.962448600078453254e+01 1.227597717012999662e-01 1.157901821491011396e-01 1.207339161046434711e-01 6.587998311599543855e-02 6.676879020306680790e-02 6.559338848588247561e-02
2.981537348916270957e+01 1.474227640712591492e-01 1.390271486626871167e-01 1.465089436978137538e-01 6.722764265408977258e-02 6.753306209887492695e-02 6.723622843616877676e-02
3.000626097754088306e+01 1.735778092577584253e-01 1.665117017191235504e-01 1.764658888514719359e-01 6.902380257161570831e-02 6.908736281775300359e-02 6.951105812123778427e-02
3.019714846591905655e+01 1.907467952493197560e-01 1.873747154520555291e-01 1.989719271260446398e-01 7.030702863502219513e-02 7.037810884109957366e-02 7.140194842600471048e-02
3.038803595429723359e+01 1.919184372644295589e-01 1.929155078068311713e-01 2.049186909693122005e-01 7.051525770966222961e-02 7.065268664481277883e-02 7.221120113250022177e-02
3.057892344267540707e+01 1.774082819191839522e-01 1.811471465664326597e-01 1.926537278336795667e-01 6.979800026617560826e-02 6.981924178797539737e-02 7.193706376924913215e-02
3.076981093105358056e+01 1.552375296052690978e-01 1.581493493283434304e-01 1.694951783660854916e-01 6.905926149383574686e-02 6.856648578015210604e-02 7.139118098276221736e-02
3.096069841943175760e+01 1.382898310522807928e-01 1.357104865832214069e-01 1.492460070941444839e-01 6.971538628573266394e-02 6.819258046424830910e-02 7.199333576759099629e-02
3.115158590780993109e+01 1.406460273062775379e-01 1.275719778779138003e-01 1.479095438227693293e-01 7.326886527129358728e-02 7.023347084422829067e-02 7.532202848660035643e-02
3.134247339618810457e+01 1.746255583400069811e-01 1.466781865800153850e-01 1.796666375052768383e-01 8.080356363865309755e-02 7.601022049049324658e-02 8.254657280210635217e-02
3.153336088456628161e+01 2.473251842995982941e-01 2.029425613756351832e-01 2.525227844405206756e-01 9.245907573041149685e-02 8.614298328569321150e-02 9.384506388767681340e-02
3.172424837294445510e+01 3.549843872417238200e-01 2.988762694218994875e-01 3.622361175069591654e-01 1.069878629691543570e-01 1.000603121862230216e-01 1.079508776326560254e-01
3.191513586132262859e+01 4.775178918475955214e-01 4.228377769281674858e-01 4.870030504718802500e-01 1.216567947639106834e-01 1.156753195989635580e-01 1.220947781276606053e-01
3.210602334970080562e+01 5.801185940917429340e-01 5.455139603932858128e-01 5.899280741463948097e-01 1.328078307707502015e-01 1.295740779566314227e-01 1.326252930599184920e-01
3.229691083807897911e+01 6.265434976376400567e-01 6.273951216831369360e-01 6.336117003966655892e-01 1.370969041202559358e-01 1.379617826856706919e-01 1.362777775176191308e-01
3.248779832645715260e+01 5.982858228774561304e-01 6.374544318929523667e-01 6.001683116528682138e-01 1.328852954942483511e-01 1.381212058856100267e-01 1.315385956619720687e-01
3.267868581483533319e+01 5.054777948620892136e-01 5.711027607347560764e-01 5.017346062414369534e-01 1.209592702742109116e-01 1.296092388860494715e-01 1.192987789885493061e-01
3.286957330321349957e+01 3.802745595025210923e-01 4.527640247819179620e-01 3.724935471067151171e-01 1.041002677537149063e-01 1.144183746862809242e-01 1.023699681183857513e-01
3.306046079159168016e+01 2.582265564070348463e-01 3.207168517472015479e-01 2.488775212291895189e-01 8.579989222267607463e-02 9.599212843558205255e-02 8.419432641567368980e-02
3.325134827996985365e+01 1.621422623422439924e-01 2.067669939933262369e-01 1.532890791316757206e-01 6.893566750777586905e-02 7.775392116217284821e-02 6.755889879861182168e-02
3.344223576834802714e+01 9.781705923763228672e-02 1.251888617575112328e-01 9.050852970711506518e-02 5.508253632936550154e-02 6.201508245756067600e-02 5.395434070544014027e-02
3.363312325672620062e+01 5.967209152770808905e-02 7.459383154862600507e-02 5.406672591341457612e-02 4.457336858274367486e-02 4.968584922608523802e-02 4.366187379211888125e-02
3.382401074510437411e+01 3.868853139955259063e-02 4.622754875204622416e-02 3.448734785762753302e-02 3.697574618612915753e-02 4.062206783195462106e-02 3.623090567868762074e-02
3.401489823348255470e+01 2.734799342017133275e-02 3.107007222336983718e-02 2.415473875874450324e-02 3.158843669079695882e-02 3.417484405739774911e-02 3.096293354345623985e-02
3.420578572186072108e+01 2.095047587740831579e-02 2.284727958777865026e-02 1.844062482101609460e-02 2.775151403233351924e-02 2.961638625599322464e-02 2.720869877292002303e-02
3.439667321023890167e+01 1.702617017546124642e-02 1.805835145078755338e-02 1.497872336272718270e-02 2.496272664049366957e-02 2.634748374422605718e-02 2.447686418690601939e-02
3.458756069861707516e+01 1.439414652449893563e-02 1.499262073571660213e-02 1.266900957139739485e-02 2.287917599721248779e-02 2.394292413513060894e-02 2.243291151817428802e-02
3.477844818699524865e+01 1.249896899908770585e-02 1.285821719931965618e-02 1.100777025332404235e-02 2.127824244518924934e-02 2.212268672544677808e-02 2.085990164239385700e-02
3.496933567537342924e+01 1.106476270537213626e-02 1.127930663701669223e-02 9.749979599182799495e-03 2.001704289909360043e-02 2.070736292988684113e-02 1.961860390311269062e-02
3.516022316375159562e+01 9.940994108109295693e-03 1.006178338026876562e-02 8.763532876293203891e-03 1.900269658074189849e-02 1.958159841474012286e-02 1.861845476708141531e-02
3.535111065212977621e+01 9.037495926062627180e-03 9.094663686525991664e-03 7.969682198774469609e-03 1.817332376685914727e-02 1.866966277766026611e-02 1.779905377177311288e-02
3.554199814050794970e+01 8.296226245873932620e-03 8.308842321469726150e-03 7.317793326670840939e-03 1.748654104792193159e-02 1.792045969934203190e-02 1.711897267956567076e-02
3.573288562888612319e+01 7.677851159986550343e-03 7.658567543682279558e-03 6.773543636407855159e-03 1.691255435960859616e-02 1.729856211980451697e-02 1.654903803717868924e-02
3.592377311726429667e+01 7.154691050818445287e-03 7.112195678287816514e-03 6.312763843739840897e-03 1.642994738297436433e-02 1.677881193249981806e-02 1.606823326322461692e-02
3.611466060564247016e+01 6.706689492122484310e-03 6.647109048960476302e-03 5.917927563595629277e-03 1.602304699810570485e-02 1.634299209754297086e-02 1.566113282361311990e-02
3.630554809402065075e+01 6.318963786001845565e-03 6.246712485736615611e-03 5.576019302377377244e-03 1.568022946981656104e-02 1.597771887160687188e-02 1.531625021891493132e-02
3.649643558239881713e+01 5.980247333494490003e-03 5.898562593522082599e-03 5.277178429838330284e-03 1.539280358977916131e-02 1.567307123961136570e-02 1.502494630788482263e-02
3.668732307077699772e+01 5.681863353953034088e-03 5.593155281803861324e-03 5.013805330768395831e-03 1.515425837129830318e-02 1.542167950196402654e-02 1.478069142353286188e-02
3.687821055915517121e+01 5.417028797233449343e-03 5.323114517328206632e-03 4.779954814317200797e-03 1.495974800751348650e-02 1.521810890924148348e-02 1.457855729749492867e-02
3.706909804753334470e+01 5.180370515650216216e-03 5.082634958618416354e-03 4.570914249051256754e-03 1.480573588350497273e-02 1.505843902455508872e-02 1.441486235854969392e-02
3.725998553591151818e+01 4.967581799805978818e-03 4.867090256227651207e-03 4.382903908726161653e-03 1.468974859768749745e-02 1.493997747275612083e-02 1.428692214679069296e-02
3.745087302428969878e+01 4.775174011569478100e-03 4.672752308483387775e-03 4.212860157089648276e-03 1.461020885975256034e-02 1.486106980230976482e-02 1.419287376799108560e-02
3.764176051266787226e+01 4.600294021224195576e-03 4.496586524013823118e-03 4.058275984091450767e-03 1.456632756397124688e-02 1.482098181729396037e-02 1.413155409714571265e-02
3.783264800104604575e+01 4.440588036380139873e-03 4.336100190965853224e-03 3.917081995829111221e-03 1.455804301665197462e-02 1.481984060132101461e-02 1.410241841503004877e-02
3.802353548942421924e+01 4.294098685869628118e-03 4.189228610226337912e-03 3.787556418130011600e-03 1.458600087411485342e-02 1.485862776740513522e-02 1.410549083101443266e-02
3.821442297780239272e+01 4.159186301456794035e-03 4.054248508830337119e-03 3.668256222746877748e-03 1.465157292101016556e-02 1.493922473235713595e-02 1.414134111402125422e-02
3.840531046618056621e+01 4.034468047481728874e-03 3.929711442535855845e-03 3.557963841277019760e-03 1.475691726021065645e-02 1.506451628732963753e-02 1.421108499123122093e-02
3.859619795455874680e+01 3.918770378676473230e-03 3.814392035795453623e-03 3.455645525297066940e-03 1.490508769396207099e-02 1.523856680484060935e-02 1.431640696723375517e-02
3.878708544293692029e+01 3.811091564376278308e-03 3.707247366049764171e-03 3.360418506920410161e-03 1.510020726319405426e-02 1.546689506087513440e-02 1.445960656268715887e-02
3.897797293131509377e+01 3.710571895300533111e-03 3.607384809845398579e-03 3.271524879009832850e-03 1.534773204697165161e-02 1.575689215888737352e-02 1.464367085314589520e-02
3.916886041969326726e+01 3.616469810375102286e-03 3.514036378630616773e-03 3.188310655890719963e-03 1.565484995449828096e-02 1.611845844012349191e-02 1.487237864763878668e-02
3.935974790807144075e+01 3.528142626391435853e-03 3.426538078083532935e-03 3.110208863783433392e-03 1.603109208752886636e-02 1.656499104162523217e-02 1.515044509534910211e-02
3.955063539644961423e+01 3.445030876276812364e-03 3.344313189710119809e-03 3.036725791967048900e-03 1.648929414262616244e-02 1.711495616284905777e-02 1.548372081669842013e-02
3.974152288482779483e+01 3.366645498570443752e-03 3.266858639569622177e-03 2.967429742394200095e-03 1.704715525354371514e-02 1.779447052475438551e-02 1.587946833688216874e-02
3.993241037320596831e+01 3.292557296120449117e-03 3.193733815129186620e-03 2.901941768655369718e-03 1.772983283965041609e-02 1.864165886787155779e-02 1.634675297948005174e-02
4.012329786158414180e+01 3.222388213194371086e-03 3.124551337242746467e-03 2.839928009783321966e-03 1.857427838828378322e-02 1.971408045686474930e-02 1.689700709813654958e-02
4.031418534996231529e+01 3.155804079164701171e-03 3.058969403915741490e-03 2.781093310879360989e-03 1.963610980406253759e-02 2.110092074201031301e-02 1.754484769606668576e-02
4.050507283834048877e+01 3.092508542224401986e-03 2.996685405606822235e-03 2.725175888370530170e-03 2.099868971389735536e-02 2.294033667784145178e-02 1.830920272221047557e-02
4.069596032671866226e+01 3.032237974320844617e-03 2.937430575282853461e-03 2.671942848202530849e-03 2.277935829402517529e-02 2.543505774997415619e-02 1.921460379652255648e-02
4.088684781509684285e+01 2.974757173096017303e-03 2.880965485290460249e-03 2.621186404297378304e-03 2.511755416565379651e-02 2.884083774285746415e-02 2.029196563461729830e-02
4.107773530347501634e+01 2.919855721317679911e-03 2.827076240976472699e-03 2.572720674977506741e-03 2.812040765529085634e-02 3.337952150429863291e-02 2.157746738272660336e-02
4.126862279185318982e+01 2.867344891462203071e-03 2.775571250551443422e-03 2.526378958857922446e-03 3.175692454981186852e-02 3.904182029568117190e-02 2.310847097952788837e-02
4.145951028023136331e+01 2.817055004534756418e-03 2.726278473921015660e-03 2.482011410480582797e-03 3.575406069715081347e-02 4.535039926382102710e-02 2.491858133449251569e-02
4.165039776860953680e+01 2.768833169211095280e-03 2.679043071583667255e-03 2.439483050868027775e-03 3.961748872749238509e-02 5.131250869042614654e-02 2.703918248351467116e-02
4.184128525698771028e+01 2.722541340959651768e-03 2.633725389319621201e-03 2.398672060082300377e-03 4.286217723228361032e-02 5.578761476274857883e-02 2.951571870027830391e-02
4.203217274536589088e+01 2.678054651714909928e-03 2.590199226116103332e-03 2.359468308457287472e-03 4.534998813328708356e-02 5.816266596032904079e-02 3.243774891944886662e-02
4.222306023374406436e+01 2.635259969511157159e-03 2.548350342233301168e-03 2.321772090942816804e-03 4.747587286140054347e-02 5.883629840783993065e-02 3.596950771482167186e-02
4.241394772212223785e+01 2.594054654707730022e-03 2.508075172013821824e-03 2.285493035359182582e-03 5.005127725477828693e-02 5.909315122911723561e-02 4.036949001251445568e-02
4.260483521050041134e+01 2.554345485407735674e-03 2.469279712370810783e-03 2.250549160633164448e-03 5.402128353610968770e-02 6.051418880641332848e-02 4.600701914998851783e-02
4.279572269887858482e+01 2.516047729693484010e-03 2.431878563176967465e-03 2.216866065537253638e-03 6.029166833448072749e-02 6.447200824365034721e-02 5.340281095588464422e-02
4.298661018725675831e+01 2.479084346636632914e-03 2.395794100293026623e-03 2.184376232319232888e-03 6.981456896711663029e-02 7.208681043384713993e-02 6.332558608503621733e-02
4.317749767563493890e+01 2.443385301945235049e-03 2.360955765975624159e-03 2.153018433119708967e-03 8.390011687404030916e-02 8.460381001119003652e-02 7.697769559718296850e-02
4.336838516401311239e+01 2.408886987869635326e-03 2.327299465163199747e-03 2.122737230494065215e-03 1.046771737523118778e-01 1.039782753600139165e-01 9.631056905227873555e-02
4.355927265239128587e+01 2.375531740986864919e-03 2.294767059999151988e-03 2.093482567034990385e-03 1.356368731991531296e-01 1.335092992871621254e-01 1.244903141537343078e-01
4.375016014076945936e+01 2.343267456316497181e-03 2.263305959429205531e-03 2.065209443585570761e-03 1.819841203649644468e-01 1.782519783735375674e-01 1.663520835404214970e-01
4.394104762914763285e+01 2.312047302951959760e-03 2.232868806690573981e-03 2.037877691816508165e-03 2.498753989342641646e-01 2.443361870926606672e-01 2.281326715788874471e-01
4.413193511752580633e+01 2.281829557091272394e-03 2.203413276683713687e-03 2.011451856898521361e-03 3.429460911838921322e-01 3.356023215388792003e-01 3.149772262230935982e-01
4.432282260590398693e+01 2.252577587400173172e-03 2.174902011087658828e-03 1.985901223558685438e-03 4.555859499906320664e-01 4.469032208577138898e-01 4.249943828896654563e-01
4.451371009428216041e+01 2.224260065069730893e-03 2.147302749519438506e-03 1.961200052802983089e-03 5.669039451788534523e-01 5.578525468600307180e-01 5.421162622304627199e-01
4.470459758266033390e+01 2.196851551989258654e-03 2.120588779411995521e-03 1.937328168765660398e-03 6.438585123190285753e-01 6.355522080175413091e-01 6.354402652749693292e-01
4.489548507103850739e+01 2.170333816938578835e-03 2.094739979093885370e-03 1.914272205756659823e-03 6.575752106609418224e-01 6.507148717024879847e-01 6.719482966028569315e-01
4.508637255941668087e+01 2.144698778220071721e-03 2.069745139453937986e-03 1.892028289684490831e-03 6.024073589127003636e-01 5.970274269477084950e-01 6.369485672001156118e-01
4.527726004779485436e+01 2.119955738336060016e-03 2.045607551307142800e-03 1.870608418843563081e-03 5.000143241965286922e-01 4.957316363796114289e-01 5.445218046278431645e-01
4.546814753617303495e+01 2.096151493089302553e-03 2.022360344304748730e-03 1.850058099103215996e-03 3.843036808624801792e-01 3.807337166786921023e-01 4.275016145574616067e-01
4.565903502455120844e+01 2.073427971713163141e-03 2.000111774313845410e-03 1.830509581210248895e-03 2.820059429628455350e-01 2.789541871895818148e-01 3.170476120924161090e-01
4.584992251292938192e+01 2.052160819878489240e-03 1.979164588420751197e-03 1.812327095056306438e-03 2.042318577486016695e-01 2.016360309226969127e-01 2.296221134374538675e-01
4.604081000130755541e+01 2.033153106034704238e-03 1.960224226628882755e-03 1.796375624330347415e-03 1.500047921475425872e-01 1.478260389749793957e-01 1.673888328296399830e-01
4.623169748968572890e+01 2.017523751420706706e-03 1.944436144175333905e-03 1.784118995358444657e-03 1.135010870709397407e-01 1.116826019208641829e-01 1.252947807467112429e-01
4.642258497806390238e+01 2.005611451333768128e-03 1.932544240771931921e-03 1.776652484819431005e-03 8.885984719123260489e-02 8.734005393159766095e-02 9.706416734593324713e-02
4.661347246644208298e+01 1.995220127012690102e-03 1.923035280771121219e-03 1.772344614486809876e-03 7.178071879219354023e-02 7.051296800523629282e-02 7.774161836565635086e-02
4.680435995482025646e+01 1.981782268805171773e-03 1.911502203944820703e-03 1.765737348974976599e-03 5.947414085569357328e-02 5.842832540776690675e-02 6.400608871582333381e-02
4.699524744319842995e+01 1.962069013158163674e-03 1.893804092043135717e-03 1.751257356403742010e-03 5.022800126938031101e-02 4.937758657384561101e-02 5.378703464665282596e-02
4.718613493157660344e+01 1.937610350557218870e-03 1.870341347301772601e-03 1.728895763565391078e-03 4.303624579180432425e-02 4.234783388601335435e-02 4.586607811263043039e-02
4.737702241995477692e+01 1.913102342229427814e-03 1.845672499311002725e-03 1.704286729515866721e-03 3.732296639555194445e-02 3.675861531384179426e-02 3.956674423561937215e-02
4.756790990833295041e+01 1.892078608324613718e-03 1.824032509510175757e-03 1.683075940332989665e-03 3.273904375105422121e-02 3.226543106279951278e-02 3.450698397911968612e-02
4.775879739671113100e+01 1.875206963449773875e-03 1.806670142732847697e-03 1.667121137910059815e-03 2.903807237181475417e-02 2.863182126648388531e-02 3.043054318248770984e-02
4.794968488508930449e+01 1.861651370872175609e-03 1.792848394693323478e-03 1.655531610294279105e-03 2.602500872886829436e-02 2.567156327416710015e-02 2.713036976378644521e-02
4.814057237346747797e+01 1.850623377174746105e-03 1.781647948036025036e-03 1.647050519365478739e-03 2.354422180887896787e-02 2.323425742836007085e-02 2.443312416451353178e-02
4.833145986184565146e+01 1.841846293704600202e-03 1.772669217422607416e-03 1.641068121165474656e-03 2.147627226208399798e-02 2.120301761168743790e-02 2.220125736030485394e-02
4.852234735022382495e+01 1.835438044149674802e-03 1.765961469414597173e-03 1.637555559980220787e-03 1.973221118850475297e-02 1.949022196245300126e-02 2.033123110212850179e-02
4.871323483860199843e+01 1.831766965337706552e-03 1.761852068317712548e-03 1.636824634305608303e-03 1.824624313941694206e-02 1.803096683086398422e-02 1.874683906873793673e-02
4.890412232698017903e+01 1.831413284565463909e-03 1.760885814017159679e-03 1.639423501131218649e-03 1.696926464614905913e-02 1.677686584656493118e-02 1.739185456225961560e-02
4.909500981535835251e+01 1.835210114465103725e-03 1.763856206822014870e-03 1.646147187866238339e-03 1.586413424824067997e-02 1.569137939029804224e-02 1.622425055480359798e-02
4.928589730373652600e+01 1.844346123408211130e-03 1.771903756223778712e-03 1.658119434050883559e-03 1.490245886217349790e-02 1.474661757077085945e-02 1.521221582733882534e-02
4.947678479211469948e+01 1.860546177225876367e-03 1.786694097910715689e-03 1.676944888426778633e-03 1.406246630491111115e-02 1.392122796252474697e-02 1.433153167051131639e-02
4.966767228049287297e+01 1.886383104538980927e-03 1.810729256183993144e-03 1.704968204826755882e-03 1.332763934733393295e-02 1.319904903934718092e-02 1.356389009699548835e-02
4.985855976887104646e+01 1.925836261050800982e-03 1.847911936850374663e-03 1.745724340713607431e-03 1.268593389869801871e-02 1.256835342710065084e-02 1.289589754763524783e-02
5.004944725724922705e+01 1.985353862913864093e-03 1.904634629986724998e-03 1.804760325151526451e-03 1.212953857168415014e-02 1.202164397531024775e-02 1.231866419921220923e-02
5.024033474562740054e+01 2.076046227901811800e-03 1.992074407108600231e-03 1.891240499890052291e-03 1.165527859927840623e-02 1.155611896883970008e-02 1.182803195232663175e-02
5.043122223400557402e+01 2.218770144122922915e-03 2.131678747103707156e-03 2.021392071414784570e-03 1.126595765003685946e-02 1.117512079419658196e-02 1.142568914249027234e-02
5.062210972238374751e+01 2.457930560275089875e-03 2.370702318380236810e-03 2.226993580427581894e-03 1.097311000498799906e-02 1.089103589491243786e-02 1.112168610083634837e-02
5.081299721076192100e+01 2.904608454722512612e-03 2.832403087540734908e-03 2.580487446218091788e-03 1.080123401252929341e-02 1.072950734097099894e-02 1.093900454467286627e-02
5.100388469914009448e+01 3.865841248737779141e-03 3.864631660749635444e-03 3.279105824108783426e-03 1.079046060890147089e-02 1.073102175655400725e-02 1.091958433654452790e-02
5.119477218751827508e+01 6.099462688499305250e-03 6.302201517742358865e-03 4.892968216621758869e-03 1.098541765751336920e-02 1.093598245951162701e-02 1.112476809672685932e-02
5.138565967589644856e+01 1.080696704349629403e-02 1.132794282211279334e-02 8.766095545880555825e-03 1.138873202911383151e-02 1.133267516355242026e-02 1.160830723292963738e-02
5.157654716427462205e+01 1.823883255801241401e-02 1.879210953922840280e-02 1.663606042200431109e-02 1.188217789741062742e-02 1.178133219963084337e-02 1.233518074150730982e-02
5.176743465265279553e+01 2.532777560519396121e-02 2.506544390085639271e-02 2.779301774034730055e-02 1.219988918460727413e-02 1.201013384635411449e-02 1.307914665062824208e-02
5.195832214103096902e+01 2.690052156129528818e-02 2.527385805875514632e-02 3.621927838324685150e-02 1.206396436260212188e-02 1.177437890639868034e-02 1.344588164320952885e-02
5.214920962940914251e+01 2.159022187076643437e-02 1.922340887772846021e-02 3.508859927224592529e-02 1.140962242057088662e-02 1.106347631724536283e-02 1.312310609795703208e-02
5.234009711778732310e+01 1.367864412638232670e-02 1.166515535940910488e-02 2.539212034051452349e-02 1.044339939587737853e-02 1.010898976803447508e-02 1.215038159724346652e-02
5.253098460616549659e+01 7.659078741071782652e-03 6.433480600621465859e-03 1.457531955000439944e-02 9.458981358107966878e-03 9.183179009743431404e-03 1.088056119495623211e-02
5.272187209454367007e+01 4.486143315965238076e-03 3.845530239358694539e-03 7.598294397219628946e-03 8.638199508028094470e-03 8.430863520851645046e-03 9.682872256801018304e-03
5.291275958292184356e+01 3.081520934402233024e-03 2.732028791502015032e-03 4.323634338700866643e-03 8.016028452096958523e-03 7.864839567953739799e-03 8.734683537211030899e-03
5.310364707130001705e+01 2.444983504306050444e-03 2.223183328292343934e-03 2.956493708226472401e-03 7.552547199187564612e-03 7.440879414223161049e-03 8.038919506705854631e-03
5.329453455967819053e+01 2.110715903988490821e-03 1.949371680515569766e-03 2.335024482013235529e-03 7.197292736301662969e-03 7.112142146700411484e-03 7.530677725121636724e-03
5.348542204805637112e+01 1.907546823108692080e-03 1.779368888292237215e-03 1.998749298472346416e-03 6.912821303410687616e-03 6.845637687837541167e-03 7.146338372019522302e-03
5.367630953643454461e+01 1.771004119249653839e-03 1.663314449932793652e-03 1.789314147454221758e-03 6.675493974551907281e-03 6.620905169430538889e-03 6.842127050115832422e-03
5.386719702481271810e+01 1.672776002244861799e-03 1.578795847180437372e-03 1.646572912095359102e-03 6.470921473617228907e-03 6.425514022803720943e-03 6.591098870233813058e-03
5.405808451319089158e+01 1.598482090127269608e-03 1.514207343718672934e-03 1.543166114853999253e-03 6.290190701807592266e-03 6.251724830752061930e-03 6.376920998924724519e-03
5.424897200156906507e+01 1.540040077893716983e-03 1.462936090713348692e-03 1.464770435670043882e-03 6.127572519145100573e-03 6.094523709466251500e-03 6.189443867108944744e-03
5.443985948994724566e+01 1.492574473100193554e-03 1.420952213804158471e-03 1.403157724901070739e-03 5.979229764212086809e-03 5.950523325727558738e-03 6.022116420902234174e-03
5.463074697832541915e+01 1.452984191641765437e-03 1.385671950701031566e-03 1.353282512194415492e-03 5.842488964539933015e-03 5.817342902860247154e-03 5.870539691911965362e-03
5.482163446670359264e+01 1.419212548495735150e-03 1.355370535542946417e-03 1.311893969487653959e-03 5.715419046381771048e-03 5.693248101222168379e-03 5.731647870422032498e-03
5.501252195508176612e+01 1.389848131672295848e-03 1.328857878911995612e-03 1.276813393879021102e-03 5.596579443584301199e-03 5.576934574894820522e-03 5.603230856597382278e-03
5.520340944345993961e+01 1.363894263576125162e-03 1.305289672343345336e-03 1.246532561879266270e-03 5.484864355166645111e-03 5.467393407440060936e-03 5.483646437528012091e-03
5.539429693183811310e+01 1.340629764194115406e-03 1.284052509903388763e-03 1.219978573050661645e-03 5.379403340857998560e-03 5.363824751197082512e-03 5.371640998355323333e-03
5.558518442021629369e+01 1.319521668288732011e-03 1.264691450304519229e-03 1.196370206307689884e-03 5.279495978547399729e-03 5.265580751872801606e-03 5.266234369199929155e-03
5.577607190859446717e+01 1.300168750724507499e-03 1.246862909136089168e-03 1.175127000500059832e-03 5.184567731834116913e-03 5.172126795901460170e-03 5.166643753733240162e-03
5.596695939697264066e+01 1.282263972622364658e-03 1.230303194682670024e-03 1.155809932816307317e-03 5.094139390469870111e-03 5.083014537268639582e-03 5.072232163264820369e-03
5.615784688535081415e+01 1.265568905064279716e-03 1.214806995110437543e-03 1.138081681910148996e-03 5.007805417724298450e-03 4.997862688945969335e-03 4.982472626440322301e-03
5.634873437372898763e+01 1.249895938510103832e-03 1.200212362219595010e-03 1.121679389015110698e-03 4.925218279857221035e-03 4.916343051853113051e-03 4.896922802982072061e-03
5.653962186210716112e+01 1.235095672943209476e-03 1.186390034727681725e-03 1.106395601169853299e-03 4.846076880341798968e-03 4.838170152850567417e-03 4.815206612981109274e-03
5.673050935048534171e+01 1.221047827985346362e-03 1.173235720153418572e-03 1.092064693697206460e-03 4.770117867158303430e-03 4.763093419283250841e-03 4.737000694656653271e-03
5.692139683886351520e+01 1.207654589787900438e-03 1.160664431238243085e-03 1.078553036844853230e-03 4.697108988556273484e-03 4.690891169417265791e-03 4.662024248815305888e-03
5.711228432724168869e+01 1.194835673602651950e-03 1.148606273015395597e-03 1.065751767859453303e-03 4.626843934741622054e-03 4.621365925384889051e-03 4.590031300848004987e-03
5.730317181561986217e+01 1.182524613023891316e-03 1.137003269738496008e-03 1.053571406147844631e-03 4.559138274941382935e-03 4.554340704912694660e-03 4.520804716911261054e-03
5.749405930399803566e+01 1.170665938659908901e-03 1.125806947573556975e-03 1.041937791887499526e-03 4.493826214232444528e-03 4.489656048434902645e-03 4.454151512558464365e-03
5.768494679237620915e+01 1.159213010056456836e-03 1.114976473581943354e-03 1.030788988036004722e-03 4.430757972621872376e-03 4.427167606579639030e-03 4.389899127349900648e-03
5.787583428075438974e+01 1.148126333124792472e-03 1.104477208979498613e-03 1.020072892500102591e-03 4.369797642778509156e-03 4.366744160363592725e-03 4.327892431196598243e-03
5.806672176913256322e+01 1.137372242373013796e-03 1.094279574261361639e-03 1.009745379881982468e-03 4.310821420581195142e-03 4.308265979694694651e-03 4.267991292035191661e-03
5.825760925751073671e+01 1.126921860042437570e-03 1.084358151461722831e-03 9.997688423873823428e-04 4.253716129474134806e-03 4.251623449478463511e-03 4.210068579256072765e-03
5.844849674588891020e+01 1.116750267422341771e-03 1.074690968413651027e-03 9.901110345981430430e-04 4.198377978924314538e-03 4.196715909724863316e-03 4.154008509201639020e-03
5.863938423426708368e+01 1.106835840183263697e-03 1.065258923913137319e-03 9.807441517104093995e-04 4.144711511341130604e-03 4.143450668547166323e-03 4.099705262032510636e-03
5.883027172264525717e+01 1.097159711547818174e-03 1.056045322862113160e-03 9.716440887026553787e-04 4.092628702187336119e-03 4.091742156181830264e-03 4.047061816015769947e-03
5.902115921102343776e+01 1.087705335870546445e-03 1.047035497909761794e-03 9.627898408550838311e-04 4.042048185740588183e-03 4.041511195063435258e-03 3.995988957644417555e-03
5.921204669940161125e+01 1.078458131656647844e-03 1.038216499614028109e-03 9.541630155381683595e-04 3.992894584788541680e-03 3.992684366206318558e-03 3.946404435205513699e-03
5.940293418777978474e+01 1.069405187859028732e-03 1.029576841249474958e-03 9.457474322148943374e-04 3.945097926973162999e-03 3.945193456125798206e-03 3.898232230346901014e-03
5.959382167615795822e+01 1.060535020905944330e-03 1.021106287475199602e-03 9.375287928481872493e-04 3.898593133906079911e-03 3.898974971600444126e-03 3.851401927461752753e-03
5.978470916453613171e+01 1.051837372647528197e-03 1.012795678418191994e-03 9.294944088561716850e-04 3.853319571818688335e-03 3.853969711963059746e-03 3.805848164753424575e-03
5.997559665291430520e+01 1.043303041497653169e-03 1.004636782516819078e-03 9.216329737572819761e-04 3.809220654577582556e-03 3.810122390480191572e-03 3.761510153971803216e-03
6.016648414129248579e+01 1.034923740652599457e-03 9.966221728465005265e-04 9.139343729414202942e-04 3.766243491526755777e-03 3.767381297861126157e-03 3.718331258254517230e-03
6.035737162967065927e+01 1.026691978510552031e-03 9.887451227168990008e-04 9.063895237706159208e-04 3.724338573915346017e-03 3.725698002118718339e-03 3.676258619427731286e-03
6.054825911804883276e+01 1.018600957383851381e-03 9.809995171624933622e-04 8.989902405833679081e-04 3.683459494708766178e-03 3.685027079953480476e-03 3.635242827644261186e-03
6.073914660642700625e+01 1.010644487354762444e-03 9.733797776017424561e-04 8.917291202467790730e-04 3.643562697420958587e-03 3.645325875600993228e-03 3.595237627453650060e-03
6.093003409480517973e+01 1.002816912723961205e-03 9.658807974557304804e-04 8.845994447408500692e-04 3.604607250287125784e-03 3.606554283708819121e-03 3.556199655376943592e-03
6.112092158318335322e+01 9.951130489753664578e-04 9.584978869266048539e-04 8.775950979230948742e-04 3.566554642655167789e-03 3.568674553322939962e-03 3.518088204851233143e-03
6.131180907156153381e+01 9.875281285593488171e-04 9.512267254627529162e-04 8.707104941488445814e-04 3.529368600933476766e-03 3.531651110488193048e-03 3.480865015054688920e-03
6.150269655993970730e+01 9.800577540994355637e-04 9.440633206997133984e-04 8.639405168435941801e-04 3.493014921813872645e-03 3.495450397319195546e-03 3.444494080651981822e-03
6.169358404831788079e+01 9.726978578717486966e-04 9.370039728769380275e-04 8.572804654616058683e-04 3.457461320805734623e-03 3.460040725692828476e-03 3.408941479936499364e-03
6.188447153669605427e+01 9.654446666039246013e-04 9.300452439015357989e-04 8.507260095374309574e-04 3.422677294383439338e-03 3.425392143960182510e-03 3.374175219208116160e-03
6.207535902507422776e+01 9.582946708007166739e-04 9.231839303691419165e-04 8.442731487577104536e-04 3.388633994272914271e-03 3.391476315284688587e-03 3.340165091526623060e-03
