# [ 0.          0.         19.97464333], [ 0.          0.         19.96679567], [ 0.          0.         19.98057607]
5.000000000000000000e+00 1.441121667218318581e-01 1.431900769138382823e-01 1.444836822312541569e-01 9.001585765692950991e-01 8.445356327095442373e-01 9.374327985698084342e-01
5.202703670726632090e+00 1.320731328110179847e-01 1.312109592021874771e-01 1.324250969940138356e-01 8.386162048088744436e-01 7.934581559269934248e-01 8.646590885477511979e-01
5.405407341453263292e+00 1.215362741767299221e-01 1.207300289454801279e-01 1.218687131700158799e-01 7.828512079737991458e-01 7.484638812539673447e-01 7.983573788907343260e-01
5.608111012179895383e+00 1.122530089158973454e-01 1.114985663177552044e-01 1.125664860273512813e-01 7.315405549215774350e-01 7.079650072622045709e-01 7.374932659997909257e-01
5.810814682906526585e+00 1.040261070133084442e-01 1.033194636622916524e-01 1.043214560335777447e-01 6.835448785991881104e-01 6.706660414904176415e-01 6.811143439165979752e-01
6.013518353633158675e+00 9.669691951079463499e-02 9.603431021542645218e-02 9.697509724862508895e-02 6.378719842205736734e-01 6.353996569260659255e-01 6.284463220503383463e-01
6.216222024359790765e+00 9.013634508678598778e-02 8.951428761467195017e-02 9.039834776122898652e-02 5.938055701865319058e-01 6.010876769971311706e-01 5.790942017263923658e-01
6.418925695086421968e+00 8.423826765149379503e-02 8.365357190673368415e-02 8.448508309113184067e-02 5.510992418033830997e-01 5.668511984576191098e-01 5.331875665376971662e-01
6.621629365813054058e+00 7.891468804346492283e-02 7.836444746195958544e-02 7.914726872710314831e-02 5.100987564513070893e-01 5.322161531853933925e-01 4.913505116525960781e-01
6.824333036539686148e+00 7.409205028688968520e-02 7.357362471614514732e-02 7.431129882941947540e-02 4.716879027815777947e-01 4.972994584363386039e-01 4.544727564395699138e-01
7.027036707266317350e+00 6.970842907832432156e-02 6.921942409318657119e-02 6.991519125089207254e-02 4.370390278453707422e-01 4.628548127978525106e-01 4.233578938727500240e-01
7.229740377992949441e+00 6.571134956379437453e-02 6.524959488902430660e-02 6.590641188549113683e-02 4.072432115889676463e-01 4.301145826674790951e-01 3.983805791437431409e-01
7.432444048719581531e+00 6.205607851515179685e-02 6.161960697664273234e-02 6.224016858982184264e-02 3.829511729653264362e-01 4.004574752987217767e-01 3.792768196750978538e-01
7.635147719446212733e+00 5.870427167987996020e-02 5.829129940587364500e-02 5.887806013656968901e-02 3.641507336461051181e-01 3.750133533396620145e-01 3.651322655400187633e-01
7.837851390172844823e+00 5.562289344605034908e-02 5.523180164288007260e-02 5.578699676438857863e-02 3.501479541221586556e-01 3.543463510165606456e-01 3.545548004336652181e-01
8.040555060899476914e+00 5.278334693065809408e-02 5.241266533345351197e-02 5.293833069814975201e-02 3.397378384491070991e-01 3.383231147303655817e-01 3.459548923433263257e-01
8.243258731626108116e+00 5.016076823964990550e-02 4.980916021450821490e-02 5.030715055689753690e-02 3.314838428623998468e-01 3.261940240387828926e-01 3.378332261974990036e-01
8.445962402352739318e+00 4.773344994612827019e-02 4.739969915491107355e-02 4.787170480447803383e-02 3.240000216192125415e-01 3.168306938091169922e-01 3.289937188061868856e-01
8.648666073079372296e+00 4.548236710122036813e-02 4.516536560911843523e-02 4.561292762726763123e-02 3.161514322445118097e-01 3.090116230541437581e-01 3.186458546839230910e-01
8.851369743806003498e+00 4.339078521365001551e-02 4.308952290857514383e-02 4.351404672014591579e-02 3.071411000987648299e-01 3.016500009172691787e-01 3.064078767166019679e-01
9.054073414532634700e+00 4.144393421482441692e-02 4.115748940794097810e-02 4.156025702648481757e-02 2.965055361631637743e-01 2.939067027746202210e-01 2.922495601405518117e-01
9.256777085259265903e+00 3.962873588764911220e-02 3.935626697078213609e-02 3.973844792874971915e-02 2.840682911904601204e-01 2.851975513682671326e-01 2.764129466838518567e-01
9.459480755985898881e+00 3.793357487647572995e-02 3.767431292164031414e-02 3.803697401853713134e-02 2.698932446994870560e-01 2.751502297566615907e-01 2.593315212902075340e-01
9.662184426712530083e+00 3.634810542473133899e-02 3.610134762179253304e-02 3.644546159941967206e-02 2.542497261923959417e-01 2.635702243282957435e-01 2.415508187641357551e-01
9.864888097439163062e+00 3.486308755904834328e-02 3.462819139847956446e-02 3.495464464520094822e-02 2.375753153894380187e-01 2.504416519453417922e-01 2.236485823460279965e-01
1.006759176816579426e+01 3.347024766585657979e-02 3.324662578413112995e-02 3.355622516131760713e-02 2.204176013086301122e-01 2.359456482310243464e-01 2.061593463905201928e-01
1.027029543889242547e+01 3.216215937071861819e-02 3.194927498574019059e-02 3.224275386012181305e-02 2.033526459323216073e-01 2.204571177062227549e-01 1.895161645628483382e-01
1.047299910961905667e+01 3.093214139335224641e-02 3.072950426637543336e-02 3.100752782256730594e-02 1.868989785986706620e-01 2.044926915083425945e-01 1.740216373889691970e-01
1.067570278034568965e+01 2.977416965812742719e-02 2.958133252681285214e-02 2.984450242508978127e-02 1.714541496843335067e-01 1.886160068776872312e-01 1.598506298359593791e-01
1.087840645107232085e+01 2.868280142546910175e-02 2.849935686009052657e-02 2.874821529572842843e-02 1.572709584959747497e-01 1.733348420554751135e-01 1.470752549064244519e-01
1.108111012179895383e+01 2.765310960038285318e-02 2.747868724182036052e-02 2.771372045405195647e-02 1.444712435572983733e-01 1.590290769914613211e-01 1.356968498340684615e-01
1.128381379252558503e+01 2.668062569043451460e-02 2.651488983452869250e-02 2.673653110536121369e-02 1.330803181444116801e-01 1.459291773303165451e-01 1.256723800158455195e-01
1.148651746325221623e+01 2.576129014252331872e-02 2.560393764071797890e-02 2.581256981647363918e-02 1.230626013971727883e-01 1.341380205680793303e-01 1.169304176529388228e-01
1.168922113397884743e+01 2.489140899778153823e-02 2.474216744883472527e-02 2.493812501021231212e-02 1.143467596101036959e-01 1.236721261257607007e-01 1.093788574567307742e-01
1.189192480470547864e+01 2.406761597635266245e-02 2.392624218833558358e-02 2.410981288794426802e-02 1.068390224751290946e-01 1.144987871937332008e-01 1.029093857967172537e-01
1.209462847543211161e+01 2.328683924606873845e-02 2.315311795198439146e-02 2.332454403154121322e-02 1.004296598133931073e-01 1.065577630773181517e-01 9.740261061350215244e-02
1.229733214615874282e+01 2.254627224703742785e-02 2.242001506125825341e-02 2.257949405382447469e-02 9.499817702097225480e-02 9.976925075595971526e-02 9.273503165849870944e-02
1.250003581688537579e+01 2.184334804253665330e-02 2.172439264896762132e-02 2.187207776455866309e-02 9.041994566034425307e-02 9.403622340292398796e-02 8.878688598708465995e-02
1.270273948761200700e+01 2.117571674915461055e-02 2.106392631565390944e-02 2.119992640110525059e-02 8.657397568158280154e-02 8.924813615791626908e-02 8.544920055254137670e-02
1.290544315833863820e+01 2.054122566883754761e-02 2.043648848606212376e-02 2.056086754194363583e-02 8.335015343063148507e-02 8.528836266963669976e-02 8.262881265469941561e-02
1.310814682906526940e+01 1.993790180491043784e-02 1.984013115148447470e-02 1.995290737986322310e-02 8.065450013930257345e-02 8.204381606742247590e-02 8.025096776572533674e-02
1.331085049979190238e+01 1.936393649527518024e-02 1.927307073510776958e-02 1.937421508174160326e-02 7.841195301369888182e-02 7.941393866918861066e-02 7.825983524149855708e-02
1.351355417051853358e+01 1.881767194062122783e-02 1.873367486243510474e-02 1.882310900513657279e-02 7.656703287972647931e-02 7.731712587445008222e-02 7.661768902977372786e-02
1.371625784124516478e+01 1.829758944512721586e-02 1.822045085892977367e-02 1.829804457987382199e-02 7.508321589263997065e-02 7.569424222502307842e-02 7.530360946401901123e-02
1.391896151197179776e+01 1.780229922316943145e-02 1.773203583364940314e-02 1.779760369667481024e-02 7.394192397004240025e-02 7.451011222140981050e-02 7.431249668612878445e-02
1.412166518269842896e+01 1.733053165929339390e-02 1.726718824213705969e-02 1.732048547579695050e-02 7.314197594948361469e-02 7.375442755282562990e-02 7.365508211290919260e-02
1.432436885342506017e+01 1.688112994147366458e-02 1.682478085557382458e-02 1.686549831776896699e-02 7.270026926121071764e-02 7.344363783119282896e-02 7.335959602701788707e-02
1.452707252415169314e+01 1.645304402090938534e-02 1.640379509764519975e-02 1.643155316673950567e-02 7.265450374307816372e-02 7.362543421628373053e-02 7.347587379715507516e-02
1.472977619487832435e+01 1.604532588692422768e-02 1.600331674743056196e-02 1.601765794596732989e-02 7.306897115446227275e-02 7.438758973107612027e-02 7.408297378706996117e-02
1.493247986560495555e+01 1.565712618497568098e-02 1.562253304797429215e-02 1.562291315603035399e-02 7.404478257463810442e-02 7.587308381141473490e-02 7.530171823236657402e-02
1.513518353633158853e+01 1.528769225192120815e-02 1.526073130871214746e-02 1.524650866123063511e-02 7.573616364681953761e-02 7.830308646699468689e-02 7.731357034226647718e-02
1.533788720705821973e+01 1.493636769901942121e-02 1.491729914917749172e-02 1.488772173078506747e-02 7.837402227192158399e-02 8.200746610732694009e-02 8.038612539617744079e-02
1.554059087778485093e+01 1.460259374447889918e-02 1.459172660631345361e-02 1.454591645191240581e-02 8.229581823073864322e-02 8.745765584572540163e-02 8.490205013108899357e-02
1.574329454851148391e+01 1.428591259055250924e-02 1.428361042519994510e-02 1.422054469631773600e-02 8.797558021337704981e-02 9.528824270820979159e-02 9.138167227473271981e-02
1.594599821923811511e+01 1.398597326516156508e-02 1.399266098305877379e-02 1.391114890622789126e-02 9.603938191091714038e-02 1.062833022800410421e-01 1.004805788161951680e-01
1.614870188996474809e+01 1.370254051958908446e-02 1.371871247370493214e-02 1.361736708040646449e-02 1.072422289202358270e-01 1.212973443839541893e-01 1.129372631479629574e-01
1.635140556069137929e+01 1.343550761426985478e-02 1.346173722615602239e-02 1.333894049848353275e-02 1.223789997370931665e-01 1.410883573091293308e-01 1.294506239911553391e-01
1.655410923141801049e+01 1.318491416873846661e-02 1.322186538048762509e-02 1.307572494487828189e-02 1.421143252778480914e-01 1.660692323783051760e-01 1.504906947326328515e-01
1.675681290214464170e+01 1.295097075420997314e-02 1.299941164865873501e-02 1.282770651504548838e-02 1.667491327574593674e-01 1.960296359066789063e-01 1.760859032738055774e-01
1.695951657287127290e+01 1.273409265733082933e-02 1.279491163171758532e-02 1.259502356043068309e-02 1.959860032626070114e-01 2.299221282041703229e-01 2.056664805774666149e-01
1.716222024359790765e+01 1.253494639150846274e-02 1.260917128518173475e-02 1.237799704318146184e-02 2.287857883898732902e-01 2.658145646720164734e-01 2.380453176197076248e-01
1.736492391432453530e+01 1.235451434112212234e-02 1.244333485520255841e-02 1.217717267995477998e-02 2.633955919792300149e-01 3.010697079148798028e-01 2.715667863755237832e-01
1.756762758505117006e+01 1.219418588000484478e-02 1.229897936304373725e-02 1.199338003157366522e-02 2.975679543987515552e-01 3.327384740651349038e-01 3.043720700199706863e-01
1.777033125577780126e+01 1.205588836460185810e-02 1.217824826594668050e-02 1.182781666996080353e-02 3.289153936229762820e-01 3.580853784705324561e-01 3.346738131016881446e-01
1.797303492650443246e+01 1.194228056518109246e-02 1.208404480175814637e-02 1.168217080421100722e-02 3.553035755057952216e-01 3.751344632154089975e-01 3.609526118231534686e-01
1.817573859723106366e+01 1.185704876066863769e-02 1.202031999282021126e-02 1.155880558687702626e-02 3.752026396381286100e-01 3.831265906828235646e-01 3.820713767089594093e-01
1.837844226795769487e+01 1.180538174061928312e-02 1.199251868929093572e-02 1.146104780389165662e-02 3.879586334133400261e-01 3.827871619416263194e-01 3.973753985632669794e-01
1.858114593868432962e+01 1.179477729332172910e-02 1.200830651501909492e-02 1.139366367396140757e-02 3.939619824090570543e-01 3.763087094168101054e-01 4.068315285201919984e-01
1.878384960941095727e+01 1.183649711558797113e-02 1.207883122837765180e-02 1.136368783291204047e-02 3.946626475222052566e-01 3.669846029307574087e-01 4.111618899084719114e-01
1.898655328013759203e+01 1.194833876329792419e-02 1.222106439951544353e-02 1.138194473215272881e-02 3.923585108011425904e-01 3.585194976019978608e-01 4.118331511451243099e-01
1.918925695086422323e+01 1.216012278262371300e-02 1.246241187787684029e-02 1.146595805385524844e-02 3.897231094567641940e-01 3.541694317019079552e-01 4.107689521802291854e-01
1.939196062159085443e+01 1.252470187568059494e-02 1.285010685264414108e-02 1.164566160452520753e-02 3.891439912019477032e-01 3.559567044836340344e-01 4.097837338198545010e-01
1.959466429231748563e+01 1.313963955678481774e-02 1.347030748591735924e-02 1.197468039211211678e-02 3.920530357974653657e-01 3.641976458698929497e-01 4.099207876659565208e-01
1.979736796304411683e+01 1.418745007737231764e-02 1.448523986278039272e-02 1.255211024447965354e-02 3.984777849404967931e-01 3.774800310740782927e-01 4.110011759834074629e-01
2.000007163377075159e+01 1.600240541890280907e-02 1.619909635318176819e-02 1.356188015562720915e-02 4.070037352946733189e-01 3.930942095259001290e-01 4.116611765641217668e-01
2.020277530449737924e+01 1.916187843416469055e-02 1.915828453706599002e-02 1.533532410871567102e-02 4.152228863109622692e-01 4.078111453512350826e-01 4.099548343038398324e-01
2.040547897522401399e+01 2.456965028960908515e-02 2.426759926933389627e-02 1.842965408114941722e-02 4.205733123561322118e-01 4.188136996752398478e-01 4.043040047922635827e-01
2.060818264595064520e+01 3.344609816033521088e-02 3.285209707430231801e-02 2.368209153027890299e-02 4.212871179421245338e-01 4.245113681332854938e-01 3.943501133398276126e-01
2.081088631667727640e+01 4.709474260784302785e-02 4.652922373658698735e-02 3.215141382895737865e-02 4.170473716335267311e-01 4.249364003589229943e-01 3.812557740661842720e-01
2.101358998740390760e+01 6.634560973031605746e-02 6.673679069208060533e-02 4.483338817399279419e-02 4.090167928198187308e-01 4.215071226482272060e-01 3.672587109914494108e-01
2.121629365813053880e+01 9.075130483131162162e-02 9.388039399634474924e-02 6.210177383604774393e-02 3.991730435690949985e-01 4.161871526548597267e-01 3.546653568802191070e-01
2.141899732885717356e+01 1.178986525661090273e-01 1.263543205539963965e-01 8.302205696530956525e-02 3.892482622068567655e-01 4.103805716490133149e-01 3.447661288602324459e-01
2.162170099958380476e+01 1.433936104513009735e-01 1.600168674442110639e-01 1.049297258628779650e-01 3.798065038869962162e-01 4.040978215234600213e-01 3.371957842195571486e-01
2.182440467031043596e+01 1.619079857956723101e-01 1.887572493192069267e-01 1.237382391039498486e-01 3.699399196880638341e-01 3.958468785339298024e-01 3.300423962202272410e-01
2.202710834103706716e+01 1.690831308846290071e-01 2.063326149168893675e-01 1.351456886810314673e-01 3.577401798192384463e-01 3.833483681837300816e-01 3.206538216856898993e-01
2.222981201176369837e+01 1.634160586442850727e-01 2.088267745372449913e-01 1.363242137799113851e-01 3.412929236450910064e-01 3.647266317773275590e-01 3.067724784288042295e-01
2.243251568249032957e+01 1.470648964095551958e-01 1.964678401436741328e-01 1.272199174300846225e-01 3.196807528534289511e-01 3.395571748151423042e-01 2.874865883776633879e-01
2.263521935321696432e+01 1.250564041770349522e-01 1.737130180025991399e-01 1.106943058882884773e-01 2.934995868292470389e-01 3.092284074536064131e-01 2.635822264401523896e-01
2.283792302394359552e+01 1.033007835333768082e-01 1.474593337227394774e-01 9.140063344692148095e-02 2.646675590529976030e-01 2.764608347426000812e-01 2.371759020049242495e-01
2.304062669467022673e+01 8.644226687695924505e-02 1.243105600379481313e-01 7.401662402078588998e-02 2.356747708909805727e-01 2.442826156579104568e-01 2.108565272501778665e-01
2.324333036539685793e+01 7.651472273376937194e-02 1.082758754935658485e-01 6.171410379767508503e-02 2.086847959062696767e-01 2.150116004346028231e-01 1.867795978472208407e-01
2.344603403612348913e+01 7.281177069929574419e-02 9.988121774241290329e-02 5.544653992996300546e-02 1.849224008991361135e-01 1.897122822495318772e-01 1.661202206260767311e-01
2.364873770685012033e+01 7.277477332115055153e-02 9.682747840627628499e-02 5.412854147184483627e-02 1.645754644756354523e-01 1.682734174984241993e-01 1.490472507727720886e-01
2.385144137757675509e+01 7.334719774664621994e-02 9.559176129973576130e-02 5.543478689155843797e-02 1.471429697280466076e-01 1.499146238927773489e-01 1.350951024231067943e-01
2.405414504830338629e+01 7.218012789260859485e-02 9.307725696033408713e-02 5.683429489098175413e-02 1.319543418352418229e-01 1.337725714904436924e-01 1.236504617139464884e-01
2.425684871903001749e+01 6.824599635449885016e-02 8.760704496239993255e-02 5.648302292812199671e-02 1.185700936705217090e-01 1.192850552643391349e-01 1.142974706742819757e-01
2.445955238975664869e+01 6.175610684805696304e-02 7.904263704005148883e-02 5.367356508791813752e-02 1.069178430696079846e-01 1.062848608249054860e-01 1.069142008315041859e-01
2.466225606048327990e+01 5.363075450329866933e-02 6.828673041937141641e-02 4.873359970814414993e-02 9.719766029641269123e-02 9.488787105925129695e-02 1.015698091004629683e-01
2.486495973120991110e+01 4.492720153041998565e-02 5.663162481046604690e-02 4.254060596368622327e-02 8.969138892641746741e-02 8.532141741782212074e-02 9.834884525996172300e-02
2.506766340193654230e+01 3.650497178439628121e-02 4.528746669917996931e-02 3.599699887027978107e-02 8.460043430173841417e-02 7.779652530659476872e-02 9.720908905514820397e-02
2.527036707266317705e+01 2.894825578488251228e-02 3.516109732565522034e-02 2.974115995507245133e-02 8.196363635851634799e-02 7.244937569190558480e-02 9.790636637045958823e-02
2.547307074338980826e+01 2.260437943310983008e-02 2.679362988652956440e-02 2.413122366279287639e-02 8.163889508683223883e-02 6.932551017909029112e-02 9.996329595297737125e-02
2.567577441411643946e+01 1.761963429895668093e-02 2.036807063273551530e-02 1.935228795920218223e-02 8.330511172663955521e-02 6.837230451951886723e-02 1.026638726452831912e-01
2.587847808484307066e+01 1.395651695012983980e-02 1.576415260043659630e-02 1.549473925083844940e-02 8.645434061434968676e-02 6.942120827189597609e-02 1.051058332975107479e-01
2.608118175556970186e+01 1.142914518639909401e-02 1.266052974081573884e-02 1.256510316753690730e-02 9.038227838111866086e-02 7.215813417769322002e-02 1.063692937483745049e-01
2.628388542629633307e+01 9.771376755461321992e-03 1.066003710622380300e-02 1.047748402271839706e-02 9.422604305945829484e-02 7.609400924382563047e-02 1.058071735152272541e-01
2.648658909702296782e+01 8.713331751136244724e-03 9.394969845980954970e-03 9.072075681577506864e-03 9.710825565160249861e-02 8.056479356059682850e-02 1.033544362894871782e-01
2.668929276774959902e+01 8.034409712418918298e-03 8.583534883574195015e-03 8.161183966593519440e-03 9.839698782991614101e-02 8.480549488720093287e-02 9.968451717535571632e-02
2.689199643847623022e+01 7.581112955299535751e-03 8.038507539612537237e-03 7.575190689919044512e-03 9.799648152425287362e-02 8.813020861013355634e-02 9.608735119893049847e-02
2.709470010920286143e+01 7.259014022052267395e-03 7.648219921023414157e-03 7.187287395849083216e-03 9.651201403190440287e-02 9.019115814555962729e-02 9.407960779369542448e-02
2.729740377992949263e+01 7.014822029032909308e-03 7.350671146536318264e-03 6.915461371514805382e-03 9.515367771403875075e-02 9.120802888976614620e-02 9.488656195636537005e-02
2.750010745065612383e+01 6.819735779842755856e-03 7.112406868434496994e-03 6.712006259162151336e-03 9.535973520109616852e-02 9.201825627311951972e-02 9.898498381372601573e-02
2.770281112138275859e+01 6.658101037503204138e-03 6.915031933916964031e-03 6.550875833776170776e-03 9.825965141132467218e-02 9.384994852709697966e-02 1.058718613384560941e-01
2.790551479210938979e+01 6.520968229032588284e-03 6.747820824559986122e-03 6.418045851742475855e-03 1.041825085489072600e-01 9.784902176199454515e-02 1.141569103462506535e-01
2.810821846283602099e+01 6.402821019181973231e-03 6.604024915138461543e-03 6.305687928765358816e-03 1.124169669365160246e-01 1.045314135882596251e-01 1.219711289581153907e-01
2.831092213356265219e+01 6.299997801312419085e-03 6.479088881843553076e-03 6.209113521024073323e-03 1.213469665724202923e-01 1.134033480294776020e-01 1.275434245576325953e-01
2.851362580428928339e+01 6.209922865111640843e-03 6.369769008380195795e-03 6.125288034436297997e-03 1.289368806481073493e-01 1.229522094211001892e-01 1.296937136057735585e-01
2.871632947501591460e+01 6.130708909255091696e-03 6.273667116811387084e-03 6.052117091206759246e-03 1.333703839920337697e-01 1.310580001080736967e-01 1.280303024446512450e-01
2.891903314574254580e+01 6.060933631446375341e-03 6.188962785227171588e-03 5.988087726063720008e-03 1.335622975691708181e-01 1.356710513302996357e-01 1.228301067986995454e-01
2.912173681646918055e+01 5.999503807300289766e-03 6.114247545840206972e-03 5.932072894485940218e-03 1.293452146186888363e-01 1.354616492570709096e-01 1.147738802774969924e-01
2.932444048719581176e+01 5.945567342500756615e-03 6.048416211647708075e-03 5.883215606266246206e-03 1.213349131702222417e-01 1.301719619665498151e-01 1.047361962413371206e-01
2.952714415792244296e+01 5.898453768918293302e-03 5.990592641511512627e-03 5.840855394413231941e-03 1.106373616984928226e-01 1.205758209128529740e-01 9.369035328592220657e-02
2.972984782864907416e+01 5.857632647435964852e-03 5.940077449342444534e-03 5.804479271346632205e-03 9.856155039965558418e-02 1.081453711484877400e-01 8.264714912005902137e-02
2.993255149937570536e+01 5.822683756103025181e-03 5.896310284969339018e-03 5.773687825927805752e-03 8.639793826087897866e-02 9.460951528274640088e-02 7.254176995584246668e-02
3.013525517010233656e+01 5.793275304475653531e-03 5.858842105829567722e-03 5.748171157119817860e-03 7.524726293639447117e-02 8.155849398399130090e-02 6.408378534458322728e-02
3.033795884082897132e+01 5.769147768091743497e-03 5.827314480483752716e-03 5.727691443172658325e-03 6.589394392450700910e-02 7.017916891108799682e-02 5.765849310244337139e-02
3.054066251155560252e+01 5.750101752933139965e-03 5.801443953609174142e-03 5.712070124620195755e-03 5.875258163168049774e-02 6.115209383403992505e-02 5.333949737511147621e-02
3.074336618228223372e+01 5.735988811513745116e-03 5.781010127611276202e-03 5.701178379323320472e-03 5.390691985528485441e-02 5.469980226532461520e-02 5.098644602208641380e-02
3.094606985300886492e+01 5.726704463629882745e-03 5.765846523848122684e-03 5.694930001484114872e-03 5.121418592510428719e-02 5.073251157066448885e-02 5.034835962970737877e-02
3.114877352373549613e+01 5.722182895239350670e-03 5.755833559302964315e-03 5.693276074661688876e-03 5.041550985161416532e-02 4.900979039927499947e-02 5.111459641017681438e-02
3.135147719446212733e+01 5.722392959042965459e-03 5.750893161200388952e-03 5.696201012369053393e-03 5.120390074235910832e-02 4.924821717357716344e-02 5.291927035348308744e-02
3.155418086518875853e+01 5.727335204764510967e-03 5.750984672376253416e-03 5.703719664069000633e-03 5.323950254122986753e-02 5.114857050265874533e-02 5.534289695850270335e-02
3.175688453591539329e+01 5.737039741236001598e-03 5.756101792925649198e-03 5.715875270442405051e-03 5.613273053598778067e-02 5.435881341810167716e-02 5.793306028101059824e-02
3.195958820664202449e+01 5.751564786039392238e-03 5.766270370835029774e-03 5.732738112737487991e-03 5.941906862720005428e-02 5.840807344123182671e-02 6.022223277022596688e-02
3.216229187736865924e+01 5.770995798080774328e-03 5.781546903897985361e-03 5.754404745123380821e-03 6.253834358723264764e-02 6.264962335049578668e-02 6.172432696387090967e-02
3.236499554809528689e+01 5.795445118394464135e-03 5.802017652554743339e-03 5.780997731669876120e-03 6.483786389236553815e-02 6.625793883874360468e-02 6.194828368091558068e-02
3.256769921882191454e+01 5.825052067641559722e-03 5.827798292039406899e-03 5.812665834459590682e-03 6.564265145667085022e-02 6.833119445609223130e-02 6.049425933361180646e-02
3.277040288954854930e+01 5.859983467240293363e-03 5.859034054921820507e-03 5.849584618865692753e-03 6.442512339090258888e-02 6.811771007680335333e-02 5.722747311017506444e-02
3.297310656027518405e+01 5.900434566317328509e-03 5.895900333618543307e-03 5.891957457917536972e-03 6.102556316557115196e-02 6.529495502835756804e-02 5.241439921041514405e-02
3.317581023100181881e+01 5.946630369785281880e-03 5.938603728057992130e-03 5.940016931164858981e-03 5.578546163147324322e-02 6.014421493658090451e-02 4.668975793176349809e-02
3.337851390172844646e+01 5.998827374659653974e-03 5.987383537430656169e-03 5.994026625463758431e-03 4.947128497846070561e-02 5.348500886941980753e-02 4.084149310905347413e-02
3.358121757245507411e+01 6.057315732889897823e-03 6.042513707632306275e-03 6.054283356365304167e-03 4.300445425415109352e-02 4.637880168105222578e-02 3.554083794623780906e-02
3.378392124318170886e+01 6.122421870052494747e-03 6.104305258277482708e-03 6.121119839887951240e-03 3.715188958584791229e-02 3.976533889317103443e-02 3.117116861120189375e-02
3.398662491390834361e+01 6.194511600744361142e-03 6.173109225601714802e-03 6.194907855925367406e-03 3.234237128218508950e-02 3.422192367191942419e-02 2.781609658267254759e-02
3.418932858463497126e+01 6.273993793910396036e-03 6.249320170733076163e-03 6.276061956884850315e-03 2.866399268197674863e-02 2.992675779746981068e-02 2.535800481448555188e-02
3.439203225536160602e+01 6.361324655146861039e-03 6.333380317249294976e-03 6.365043788881249304e-03 2.598087739738412158e-02 2.677337077040284688e-02 2.359901754422623343e-02
3.459473592608823367e+01 6.457012708798511025e-03 6.425784398241704727e-03 6.462367108486097821e-03 2.407014728042260882e-02 2.452678195241081785e-02 2.234577851289525074e-02
3.479743959681486842e+01 6.561624581052050501e-03 6.527085311956260481e-03 6.568603596289294098e-03 2.271596328992537758e-02 2.294115803750268814e-02 2.144630020962614431e-02
3.500014326754150318e+01 6.675791706983929229e-03 6.637900707270281801e-03 6.684389590127095410e-03 2.174957762811027123e-02 2.181660471955361794e-02 2.079423128361302872e-02
3.520284693826813083e+01 6.800218110577475362e-03 6.758920646758340318e-03 6.810433886686378252e-03 2.105337330781145364e-02 2.101074094951720095e-02 2.031944709283852249e-02
3.540555060899475848e+01 6.935689438240609690e-03 6.890916527101227651e-03 6.947526791452541400e-03 2.055004926597962453e-02 2.042909581958998397e-02 1.997668105730961846e-02
3.560825427972139323e+01 7.083083464791361215e-03 7.034751475613139696e-03 7.096550635064923472e-03 2.018985502944876595e-02 2.001083732226982895e-02 1.973663893763170224e-02
3.581095795044802799e+01 7.243382338096438465e-03 7.191392489639145645e-03 7.258492020907634200e-03 1.994068939439619381e-02 1.971690609274890163e-02 1.958011846635726583e-02
3.601366162117466274e+01 7.417686886945096952e-03 7.361924645009645246e-03 7.434456126545050357e-03 1.978157592093307895e-02 1.952194096179690752e-02 1.949438556728505523e-02
3.621636529190129039e+01 7.607233389428164766e-03 7.547567773893565368e-03 7.625683453450920329e-03 1.969865484886265325e-02 1.940925490806444040e-02 1.947098718311529586e-02
3.641906896262791804e+01 7.813413290142094333e-03 7.749696105567607969e-03 7.833569509348744034e-03 1.968277073971874680e-02 1.936780928917827826e-02 1.950442332003105017e-02
3.662177263335455280e+01 8.037796469320700188e-03 7.969861481527890437e-03 8.059688020597144398e-03 1.972801199757777749e-02 1.939039280010387487e-02 1.959132795917006495e-02
3.682447630408118755e+01 8.282158812655524005e-03 8.209820906685734790e-03 8.305818415334162430e-03 1.983081311144442929e-02 1.947251049182074575e-02 1.972995716739782066e-02
3.702717997480781520e+01 8.548515016678736103e-03 8.471569391515748615e-03 8.573978500773753522e-03 1.998939630494465589e-02 1.961169633751615876e-02 1.991986922880559577e-02
3.722988364553444995e+01 8.839157804116875780e-03 8.757379290236497194e-03 8.866463492563514057e-03 2.020342544976218985e-02 1.980708660824576431e-02 2.016173029491413748e-02
3.743258731626107760e+01 9.156705034301274720e-03 9.069847667229780780e-03 9.185892857358461325e-03 2.047379912445035019e-02 2.005916112721743347e-02 2.045720668815567342e-02
3.763529098698771236e+01 9.504156600023030976e-03 9.411953655874489080e-03 9.535266824907911651e-03 2.080254036270831608e-02 2.036959877786828632e-02 2.080892118703868074e-02
3.783799465771434711e+01 9.884963538357879193e-03 9.787128350759174283e-03 9.918034945071055319e-03 2.119275864480048982e-02 2.074121639667134490e-02 2.122046057927445481e-02
3.804069832844097476e+01 1.030311249739565213e-02 1.019934055412180345e-02 1.033817975319235513e-02 2.164867084596952540e-02 2.117797402797596401e-02 2.169642832492511830e-02
3.824340199916760952e+01 1.076322966306294052e-02 1.065320276714528183e-02 1.080031952781195133e-02 2.217567533289924522e-02 2.168503860423424273e-02 2.224254092517411255e-02
3.844610566989423717e+01 1.127070956193778652e-02 1.115410330904435809e-02 1.130983536908998326e-02 2.278047900097072628e-02 2.226890478315080024e-02 2.286577051211514597e-02
3.864880934062087192e+01 1.183187596841364306e-02 1.170837257071158898e-02 1.187302952757009721e-02 2.347128189914115398e-02 2.293757737392215432e-02 2.357453992097814297e-02
3.885151301134750668e+01 1.245418468824205718e-02 1.232349450701945327e-02 1.249732426781058510e-02 2.425802901672133305e-02 2.370082558483706248e-02 2.437898061661429583e-02
3.905421668207413433e+01 1.314648162634605988e-02 1.300837912915466486e-02 1.319151385675331085e-02 2.515274455263718026e-02 2.457052624005156075e-02 2.529126886475696265e-02
3.925692035280076908e+01 1.391933486018171080e-02 1.377371904292842841e-02 1.396608697992945264e-02 2.616997140924743476e-02 2.556112241224280796e-02 2.632606212966029716e-02
3.945962402352739673e+01 1.478546742345026102e-02 1.463246508992981955e-02 1.483364373381767902e-02 2.732734892773578880e-02 2.669023752546431649e-02 2.750106676491150676e-02
3.966232769425403148e+01 1.576032994598864853e-02 1.560047746510256732e-02 1.580944150507802848e-02 2.864637682577973743e-02 2.797950615902385432e-02 2.883778102592849182e-02
3.986503136498065913e+01 1.686287269464971719e-02 1.669745075345779525e-02 1.691211955508909598e-02 3.015343589999809268e-02 2.945571725992128173e-02 3.036247644909183946e-02
4.006773503570729389e+01 1.811661264778111763e-02 1.794830724524089718e-02 1.816467667773869962e-02 3.188117140565503715e-02 3.115242277985140126e-02 3.210750926965575541e-02
4.027043870643392864e+01 1.955116296471165471e-02 1.938550612061654826e-02 1.959581730154083545e-02 3.387040165842189476e-02 3.311225661992017039e-02 3.411309773548134444e-02
4.047314237716055629e+01 2.120455859054822673e-02 2.105342433506485894e-02 2.124185595906975810e-02 3.617280478663348342e-02 3.539033113476465486e-02 3.642977085992707420e-02
4.067584604788719105e+01 2.312714866152467894e-02 2.301772414963790606e-02 2.314952415826498910e-02 3.885477001753159104e-02 3.805914358585849033e-02 3.912180491906843555e-02
4.087854971861381870e+01 2.538894995728491200e-02 2.538550543891541361e-02 2.538038877879929614e-02 4.200294805621593297e-02 4.121512123311444481e-02 4.227213469940963725e-02
4.108125338934045345e+01 2.809455452881016307e-02 2.834162860987750332e-02 2.801848395914881273e-02 4.573204616361781216e-02 4.498568901317090418e-02 4.598946022560925634e-02
4.128395706006708110e+01 3.141106977702865649e-02 3.218849987977216720e-02 3.118454139099431643e-02 5.019494893163817251e-02 4.953345245996684104e-02 5.041850217366680015e-02
4.148666073079371586e+01 3.560611830668463512e-02 3.732949152570914919e-02 3.506175333018842627e-02 5.559413989351536661e-02 5.505317414531656767e-02 5.575442730840191041e-02
4.168936440152035061e+01 4.106229987439830031e-02 4.410672251557408441e-02 3.993311172536921638e-02 6.219301229373414702e-02 6.176381225012472082e-02 6.226238682986707379e-02
4.189206807224697826e+01 4.820279167999301506e-02 5.251851792943619535e-02 4.621012547005347304e-02 7.033028268717184117e-02 6.991594238554225960e-02 7.030411498558440664e-02
4.209477174297361302e+01 5.732279767329917508e-02 6.211579601447966836e-02 5.441304237053786602e-02 8.045482171966188145e-02 7.985356017437142406e-02 8.037921370170740543e-02
4.229747541370024067e+01 6.853269463156452801e-02 7.246782819497483985e-02 6.511678943488242999e-02 9.321744092213657407e-02 9.216447044923979648e-02 9.320316977511941547e-02
4.250017908442687542e+01 8.218458947462528585e-02 8.416363205444651885e-02 7.906523787386009194e-02 1.096641153091355431e-01 1.079212251335172207e-01 1.098648107446709155e-01
4.270288275515351017e+01 1.000080086599230283e-01 9.988417660522849739e-02 9.788090887648331906e-02 1.315602765516256101e-01 1.289944029408144344e-01 1.321178828996885102e-01
4.290558642588013782e+01 1.270950621520576806e-01 1.256885938281699366e-01 1.259731296515858301e-01 1.618404566169217296e-01 1.584360410245146400e-01 1.628370483538562896e-01
4.310829009660677258e+01 1.756562135031937422e-01 1.741896827089565170e-01 1.746784178160871448e-01 2.050799725266873597e-01 2.008825152600441089e-01 2.065481743315273899e-01
4.331099376733340023e+01 2.720394224860789856e-01 2.713516007331767121e-01 2.698957589410874158e-01 2.675727832491411884e-01 2.625967959419604481e-01 2.695983679640516217e-01
4.351369743806003498e+01 4.637664910511997696e-01 4.628709187925234003e-01 4.602009745960929377e-01 3.560072839898362762e-01 3.501354238133781993e-01 3.589111208312810164e-01
4.371640110878666263e+01 8.095807488512529737e-01 8.032116722190379976e-01 8.085165644688312447e-01 4.735110998979257801e-01 4.664315822206153705e-01 4.779849596362030772e-01
4.391910477951329739e+01 1.329204313272934979e+00 1.307074142727408628e+00 1.341287421054186524e+00 6.135670953768411762e-01 6.048785631017511433e-01 6.204580688231138286e-01
4.412180845023993214e+01 1.929665268840724091e+00 1.882630776677064022e+00 1.967755391580303659e+00 7.564217502656749303e-01 7.460210058698744096e-01 7.658615538971370595e-01
4.432451212096655979e+01 2.400043463005691269e+00 2.331808886362847666e+00 2.464887392797811660e+00 8.749376649279509977e-01 8.635184546740478639e-01 8.850431615722365031e-01
4.452721579169319455e+01 2.551392440907912729e+00 2.482829343804390909e+00 2.618398868022703496e+00 9.508419732004339542e-01 9.400084216714745811e-01 9.570295211906192367e-01
4.472991946241982220e+01 2.408449353528333337e+00 2.365140585463869627e+00 2.431068588507755202e+00 9.899233214181825113e-01 9.815754169865266165e-01 9.860498390546288405e-01
4.493262313314645695e+01 2.240610863377205941e+00 2.233275432759423307e+00 2.172345246295189103e+00 1.020076524705387788e+00 1.015332294841897021e+00 1.001674285240942819e+00
4.513532680387308460e+01 2.357894417427463640e+00 2.372674229225847142e+00 2.185123844900961121e+00 1.068810999611178980e+00 1.067161692882061530e+00 1.037146537429281867e+00
4.533803047459971935e+01 2.832442579548586803e+00 2.838210792005526173e+00 2.604936160698904768e+00 1.136554182484442066e+00 1.135890512688387366e+00 1.100775382239244315e+00
4.554073414532635411e+01 3.386457521139347282e+00 3.356745490276013655e+00 3.211412030778339588e+00 1.189291025558697257e+00 1.186985400458450357e+00 1.163691399286130856e+00
4.574343781605298176e+01 3.582945348447485134e+00 3.518040945888215365e+00 3.556251858982227620e+00 1.180220862692636707e+00 1.174654756364656327e+00 1.176673411536012237e+00
4.594614148677961651e+01 3.192796903420776378e+00 3.118796143575482738e+00 3.319969763438684218e+00 1.084534366567439623e+00 1.075893961132382115e+00 1.105308055737040052e+00
4.614884515750624416e+01 2.379379356658650746e+00 2.323124008194912715e+00 2.577590133295438957e+00 9.176397214440089600e-01 9.073929058891162525e-01 9.548081762045492749e-01
4.635154882823287892e+01 1.513410545438693688e+00 1.482635221735566944e+00 1.690523146830300805e+00 7.225832537403363842e-01 7.123241833204979612e-01 7.641671710402370143e-01
4.655425249895951367e+01 8.623910514415839002e-01 8.492489954214100800e-01 9.781585599104143380e-01 5.417851219251461625e-01 5.324984561902841307e-01 5.786391953396571308e-01
4.675695616968614132e+01 4.763105330373184065e-01 4.708805589200417141e-01 5.381954381642843899e-01 3.981277319167040862e-01 3.901539519294228153e-01 4.265637633886583124e-01
4.695965984041277608e+01 2.785376915107998785e-01 2.754716160107106293e-01 3.087070173500173764e-01 2.944604604600405406e-01 2.877717211466214731e-01 3.148407466359171014e-01
4.716236351113940373e+01 1.812524233922728767e-01 1.788901753292590491e-01 1.963572886789596572e-01 2.230418731596238990e-01 2.174708867454155370e-01 2.373097106809760326e-01
4.736506718186603848e+01 1.302201131434250203e-01 1.282547687013421422e-01 1.386667295300913205e-01 1.741538997492834695e-01 1.695032293644172794e-01 1.842529186893241688e-01
4.756777085259266613e+01 1.001277130045971631e-01 9.849173643204960082e-02 1.054616647195946166e-01 1.400458717310048007e-01 1.361296901418150296e-01 1.474021028785764131e-01
4.777047452331930089e+01 8.041076575377432978e-02 7.903844628194289790e-02 8.410086289657123237e-02 1.155311124150066454e-01 1.121900430194782416e-01 1.210741493591046408e-01
4.797317819404593564e+01 6.652549461014800602e-02 6.535025143802934700e-02 6.924471874379070635e-02 9.736551889355204992e-02 9.446908210769655589e-02 1.016826734369313395e-01
4.817588186477256329e+01 5.627731888530344839e-02 5.524205376257654287e-02 5.837994791285585489e-02 8.353955206659315069e-02 8.098202957705669114e-02 8.700785377192900294e-02
4.837858553549919804e+01 4.847034795805467422e-02 4.752643967972520339e-02 5.016819140738348198e-02 7.278580950973152774e-02 7.047925021101100751e-02 7.565807624974245360e-02
4.858128920622582569e+01 4.239546875679936488e-02 4.149692216662732858e-02 4.383293677516367226e-02 6.428474607652831518e-02 6.215093550097044311e-02 6.674253541992615502e-02
4.878399287695246045e+01 3.761379535789236700e-02 3.670848898227864476e-02 3.891070442572227422e-02 5.749716476094968165e-02 5.545850374592828369e-02 5.968540960184409022e-02
4.898669654767908810e+01 3.385930377877942321e-02 3.287339123605679397e-02 3.515499554518607822e-02 5.207092328878595855e-02 5.003865105991162077e-02 5.412456234175824776e-02
4.918940021840572285e+01 3.100924963550534194e-02 2.981013026775482591e-02 3.255307484441889027e-02 4.779217037038764604e-02 4.564926006550666659e-02 4.985964340393798239e-02
4.939210388913235761e+01 2.913453342577348310e-02 2.742592310006758752e-02 3.150809516957773365e-02 4.456443968876164924e-02 4.214147988684249085e-02 4.682143950902385721e-02
4.959480755985898526e+01 2.870552959742606741e-02 2.573988793173715567e-02 3.319767266661803606e-02 4.239800991790074886e-02 3.945055891768265571e-02 4.501939943827134444e-02
4.979751123058562001e+01 3.099017189489628246e-02 2.499658476721018652e-02 3.957311999798772406e-02 4.137110943112401462e-02 3.759934825217384202e-02 4.440422517230385030e-02
5.000021490131224766e+01 3.813569712836183817e-02 2.596679517678994811e-02 5.160194187026849455e-02 4.149711572386912545e-02 3.669632951714566632e-02 4.463195310655072856e-02
5.020291857203888242e+01 5.145660070471782394e-02 3.036687517549278501e-02 6.575883331609469473e-02 4.247377806645531023e-02 3.687813109542110307e-02 4.490116455012643087e-02
5.040562224276551717e+01 6.764390851187218612e-02 4.051701756926418679e-02 7.360442918268420009e-02 4.348408706791331846e-02 3.812565975336960900e-02 4.417323043294017759e-02
5.060832591349214482e+01 7.773329031015772939e-02 5.667738095538174536e-02 6.869625938205721483e-02 4.339402231898396162e-02 3.997647239877483855e-02 4.179386600724615403e-02
5.081102958421877958e+01 7.403434281268522765e-02 7.323687026713261716e-02 5.365577777460835140e-02 4.142085801369703446e-02 4.140298007234322064e-02 3.796873958717364439e-02
5.101373325494540723e+01 5.841863660199444336e-02 8.011657213926819121e-02 3.712815938781401093e-02 3.771171074756262537e-02 4.121261362634177222e-02 3.356421755818004421e-02
5.121643692567204198e+01 4.015347864555638552e-02 7.183576599775978733e-02 2.521395942866718268e-02 3.319911718607754247e-02 3.884078488893107084e-02 2.945811122712551841e-02
5.141914059639866963e+01 2.653563963433938980e-02 5.359124223503957535e-02 1.851176123515430733e-02 2.889678963728389838e-02 3.478399027240126895e-02 2.609605498208016766e-02
5.162184426712530438e+01 1.877478600261130864e-02 3.544625383832670368e-02 1.505943607664306759e-02 2.536070884590665986e-02 3.018510056200917474e-02 2.350562294375612218e-02
5.182454793785193914e+01 1.483431107199640643e-02 2.315593235597357066e-02 1.314230069768524030e-02 2.266173014618982559e-02 2.603680589494441339e-02 2.152419177468129982e-02
5.202725160857856679e+01 1.273193093084102646e-02 1.653565598267997191e-02 1.190011946024270052e-02 2.063235648374471196e-02 2.276354910165902593e-02 1.997384121126824855e-02
5.222995527930520154e+01 1.142880699672167016e-02 1.322849706421327064e-02 1.098885760081532055e-02 1.907414471046293275e-02 2.033044692841096818e-02 1.872392628182991889e-02
5.243265895003182919e+01 1.050306601369828050e-02 1.143654078131215064e-02 1.027523711635170561e-02 1.783809304264568490e-02 1.852761169555795090e-02 1.769232226604479721e-02
5.263536262075846395e+01 9.792183955323113462e-03 1.030208921040463334e-02 9.708264273662725596e-03 1.682978905175193385e-02 1.715312071854470030e-02 1.683189959824961390e-02
5.283806629148509160e+01 9.233591048653864986e-03 9.487089414002142229e-03 9.286743807636096970e-03 1.599431670634516092e-02 1.606635072123859323e-02 1.611951098698293644e-02
5.304076996221172635e+01 8.820623756303528143e-03 8.860230099880348972e-03 9.076915240617216760e-03 1.530284315695602457e-02 1.518109638989916486e-02 1.554802032763857346e-02
5.324347363293836111e+01 8.612332138731209133e-03 8.373430184828643125e-03 9.244283587092096133e-03 1.474251625381979743e-02 1.444764951338962065e-02 1.511486111177876186e-02
5.344617730366498876e+01 8.744083671297211979e-03 8.032702945635895181e-03 9.961839605019963059e-03 1.430375553577607588e-02 1.383871899167887429e-02 1.480101565055136348e-02
5.364888097439162351e+01 9.308508027090579839e-03 7.898754259356082635e-03 1.105211278987650730e-02 1.396115857589506556e-02 1.333772736686202401e-02 1.455041197621748626e-02
5.385158464511825116e+01 1.005584841227366924e-02 8.039206352794618302e-03 1.178158102838282144e-02 1.366001219263554729e-02 1.292508796046135632e-02 1.428209748141062371e-02
5.405428831584488591e+01 1.035628699942446607e-02 8.365568994027950539e-03 1.156069755299856880e-02 1.333450490580188191e-02 1.256574882269829475e-02 1.394616912141812860e-02
5.425699198657151356e+01 9.860897002712403631e-03 8.531209600135926732e-03 1.085345323252581186e-02 1.295649338194697006e-02 1.221306881438701149e-02 1.356319204307910101e-02
5.445969565729814832e+01 9.067693557464862400e-03 8.217045074799218113e-03 1.063943328582729261e-02 1.255988057646708136e-02 1.183628518003256372e-02 1.318090195529564995e-02
5.466239932802478307e+01 8.789296268794795711e-03 7.552103014466427303e-03 1.096000825955472865e-02 1.219711741006433703e-02 1.144598256313627931e-02 1.279454032837768970e-02
5.486510299875141072e+01 9.147341303842562027e-03 7.020142681121269677e-03 1.079064859785507785e-02 1.187056045942581559e-02 1.108264046845269975e-02 1.234369032475162234e-02
5.506780666947804548e+01 9.371724389607538619e-03 6.966246449339919163e-03 9.532231221510716404e-03 1.152221834668075776e-02 1.077406740421466870e-02 1.179385378477984352e-02
5.527051034020467313e+01 8.730984536166353296e-03 7.268466259826421132e-03 7.789773623694178604e-03 1.109760752968818980e-02 1.050365886915771881e-02 1.118815526274344503e-02
5.547321401093130788e+01 7.426933059197645196e-03 7.404558579842733176e-03 6.404953286815335926e-03 1.060611783422202130e-02 1.022131629361511251e-02 1.060674497655655912e-02
5.567591768165794264e+01 6.187082012264546148e-03 6.968411585347346858e-03 5.589100597683555917e-03 1.010804089321148611e-02 9.888989661205577208e-03 1.010192151362304669e-02
5.587862135238457029e+01 5.381435311622935307e-03 6.123939411561652064e-03 5.138728488443787545e-03 9.657980589119923021e-03 9.514446689878434948e-03 9.681256789319135289e-03
5.608132502311120504e+01 4.928358784390386715e-03 5.324921545331202759e-03 4.854244762421085213e-03 9.274665138880996626e-03 9.137897460444291062e-03 9.328613428228733212e-03
5.628402869383783269e+01 4.651744713246826375e-03 4.793095073916138656e-03 4.640883774686137449e-03 8.950436430005460908e-03 8.794391934856324658e-03 9.024947848902117181e-03
5.648673236456446745e+01 4.450537640490583383e-03 4.476776994136142350e-03 4.463090206179505179e-03 8.670293700367356915e-03 8.495405275416811897e-03 8.756066291280928046e-03
5.668943603529109510e+01 4.284813404471128628e-03 4.269080040220426565e-03 4.306932754559262590e-03 8.421703093095807974e-03 8.235735265719558440e-03 8.512772035640677956e-03
5.689213970601772985e+01 4.139569370301762405e-03 4.108867839305613279e-03 4.165905413590407710e-03 8.196261215280213619e-03 8.005776331347101704e-03 8.289230256827479285e-03
5.709484337674436460e+01 4.008268282796008559e-03 3.971915180413967961e-03 4.036431164741759343e-03 7.988626810915526108e-03 7.797604391435076707e-03 8.081626172052500459e-03
5.729754704747099225e+01 3.887495546606133112e-03 3.849047880834822587e-03 3.916299998522762560e-03 7.795340170951809561e-03 7.605915421801975711e-03 7.887346343684559918e-03
5.750025071819762701e+01 3.775206555251825989e-03 3.736212226779698792e-03 3.804025790857938107e-03 7.614055643223947845e-03 7.427312652625975113e-03 7.704512410230847722e-03
5.770295438892425466e+01 3.670051909254675587e-03 3.631246729495030655e-03 3.698542358916723140e-03 7.443100605148853140e-03 7.259561417834695975e-03 7.531714358185453637e-03
5.790565805965088941e+01 3.571073874600853241e-03 3.532823287950460391e-03 3.599044930921618032e-03 7.281225479324295209e-03 7.101113876682200836e-03 7.367853386024538452e-03
5.810836173037751706e+01 3.477553512278923255e-03 3.440039791019993201e-03 3.504901083131659913e-03 7.127458534373987478e-03 6.950838708297508300e-03 7.212045909106277498e-03
5.831106540110415182e+01 3.388927010939219060e-03 3.352236752688073952e-03 3.415597637864994148e-03 6.981018445458618202e-03 6.807868690544528582e-03 7.063562724085693106e-03
5.851376907183078657e+01 3.304736798379023874e-03 3.268904755277033183e-03 3.330707391825418057e-03 6.841259589424179312e-03 6.671512284646882555e-03 6.921789084904527226e-03
5.871647274255741422e+01 3.224601388983372539e-03 3.189633580233247612e-03 3.249867362102610950e-03 6.707636533964032172e-03 6.541200287688804689e-03 6.786197635321335360e-03
5.891917641328404898e+01 3.148195909721394903e-03 3.114082297797741115e-03 3.172764022244245301e-03 6.579680175427005465e-03 6.416452295181469985e-03 6.656329497100968787e-03
5.912188008401067663e+01 3.075239007419257060e-03 3.041960663378880710e-03 3.099122945196845866e-03 6.456981182282779674e-03 6.296854767544561929e-03 6.531780684977807165e-03
5.932458375473731138e+01 3.005483728122400680e-03 2.973016974593968662e-03 3.028701319421245493e-03 6.339178163584099392e-03 6.182046145410321873e-03 6.412192096264773648e-03
5.952728742546394614e+01 2.938710959177619035e-03 2.907029803883352023e-03 2.961282395389323689e-03 6.225948982057267350e-03 6.071706397810163781e-03 6.297241960418952129e-03
5.972999109619057378e+01 2.874724578491616531e-03 2.843802156149487313e-03 2.896671264772492961e-03 6.117004216432514810e-03 5.965549450186320192e-03 6.186640021550613051e-03
5.993269476691720854e+01 2.813347774367466313e-03 2.783157201468666915e-03 2.834691582788919847e-03 6.012082129485545740e-03 5.863317540800270719e-03 6.080122968625326953e-03
6.013539843764383619e+01 2.754420189371890176e-03 2.724935065636568173e-03 2.775182973389808596e-03 5.910944715516691476e-03 5.764776905344848670e-03 5.977450782424677603e-03
6.033810210837047094e+01 2.697795658417947561e-03 2.668990353022583813e-03 2.717998939276616236e-03 5.813374538443254885e-03 5.669714400659909941e-03 5.878403768984323194e-03
6.054080577909709859e+01 2.643340384924852075e-03 2.615190190570408722e-03 2.663005152422639153e-03 5.719172160626284640e-03 5.577934808799974581e-03 5.782780116214340620e-03
6.074350944982373335e+01 2.590931446581709856e-03 2.563412652144108836e-03 2.610078036543937198e-03 5.628154021338220916e-03 5.489258645241802161e-03 5.690393855835465184e-03
6.094621312055036810e+01 2.540455553783849130e-03 2.513545466933352068e-03 2.559103577280277472e-03 5.540150663401911292e-03 5.403520348526974840e-03 5.601073144121777696e-03
6.114891679127699575e+01 2.491808005121753152e-03 2.465484944518202791e-03 2.509976312682744848e-03 5.455005233737373824e-03 5.320566764088980986e-03 5.514658796948318509e-03
6.135162046200363051e+01 2.444891798982998070e-03 2.419135068382186407e-03 2.462598468464395184e-03 5.372572202560138739e-03 5.240255858994450310e-03 5.431003030331654942e-03
6.155432413273025816e+01 2.399616870623769074e-03 2.374406722686556344e-03 2.416879210960521870e-03 5.292716259474561022e-03 5.162455620864155048e-03 5.349968369004515396e-03
6.175702780345689291e+01 2.355899431410928089e-03 2.331217026138624263e-03 2.372733996916032932e-03 5.215311354441611730e-03 5.087043105851155392e-03 5.271426693897214924e-03
6.195973147418352056e+01 2.313661392258347174e-03 2.289488753152453277e-03 2.330084003767586565e-03 5.140239858728728323e-03 5.013903608849649626e-03 5.195258405595183648e-03
6.216243514491015532e+01 2.272829857196669631e-03 2.249149827072021313e-03 2.288855627488697517e-03 5.067391826239305355e-03 4.942929935132150954e-03 5.121351685509303517e-03
6.236513881563679007e+01 2.233336675937350191e-03 2.210132873565944910e-03 2.248980037640523327e-03 4.996664339598767997e-03 4.874021757055637880e-03 5.049601840054726218e-03
6.256784248636341772e+01 2.195118046500812124e-03 2.172374824779484646e-03 2.210392781243705838e-03 4.927960928405273125e-03 4.807085042801284222e-03 4.979910715878225341e-03
6.277054615709005247e+01 2.158114160670338618e-03 2.135816566694090542e-03 2.173033428615822084e-03 4.861191049389829849e-03 4.742031546636077399e-03 4.912186176313895584e-03
6.297324982781668012e+01 2.122268886344326998e-03 2.100402623567997062e-03 2.136845255517349530e-03 4.796269620051793470e-03 4.678778352122638963e-03 4.846341630933339098e-03
6.317595349854331488e+01 2.087529481887089554e-03 2.066080874432048124e-03 2.101774956897726251e-03 4.733116598771892197e-03 4.617247461214178499e-03 4.782295611397301485e-03
6.337865716926994253e+01 2.053846338392385090e-03 2.032802297476747882e-03 2.067772388291701149e-03 4.671656605547144271e-03 4.557365423359150541e-03 4.719971387893174067e-03
6.358136083999657728e+01 2.021172746425226215e-03 2.000520738849012777e-03 2.034790331528130766e-03 4.611818578411188037e-03 4.499062999687095110e-03 4.659296621315041353e-03
6.378406451072321204e+01 1.989464684333587877e-03 1.969192702923613231e-03 2.002784281911530219e-03 4.553535461348066568e-03 4.442274858108056362e-03 4.600203047055899733e-03
6.398676818144983969e+01 1.958680625650434642e-03 1.938777161556088421e-03 1.971712254445357609e-03 4.496743920117209949e-03 4.386939295775736658e-03 4.542626186868452265e-03
6.418947185217646734e+01 1.928781363458792432e-03 1.909235380184751097e-03 1.941534607003945773e-03 4.441384082909727304e-03 4.332997985871557024e-03 4.486505085737326967e-03
6.439217552290310209e+01 1.899729849884376157e-03 1.880530758946406637e-03 1.912213878641386925e-03 4.387399303173234073e-03 4.280395746085044646e-03 4.431782071112091471e-03
6.459487919362973685e+01 1.871491049123727522e-03 1.852628687217037660e-03 1.883714641461562561e-03 4.334735942292065707e-03 4.229080326514235433e-03 4.378402532191814044e-03
6.479758286435637160e+01 1.844031802620184823e-03 1.825496410195022066e-03 1.856003364672533006e-03 4.283343170103094157e-03 4.179002215002452711e-03 4.326314717240790572e-03
6.500028653508300636e+01 1.817320705172881332e-03 1.799102906318194662e-03 1.829048289617368501e-03 4.233172781476816741e-03 4.130114458174519859e-03 4.275469547160385200e-03
6.520299020580964111e+01 1.791327990910807728e-03 1.773418774453361596e-03 1.802819314717572742e-03 4.184179027405482941e-03 4.082372496644929953e-03 4.225820443752120043e-03
6.540569387653626166e+01 1.766025428189613167e-03 1.748416129922557120e-03 1.777287889388833638e-03 4.136318459221421245e-03 4.035734013050154730e-03 4.177323171287157348e-03
6.560839754726289641e+01 1.741386222576681193e-03 1.724068508537989104e-03 1.752426916095274363e-03 4.089549784725476055e-03 3.990158791710714074e-03 4.129935690153010638e-03
