# Ho3+ 10 200
5.000000000000000000e+00 1.391442540368603153e-01 9.230586669732766536e-01 1.165772257718324795e-02 2.296098150174807548e-02
5.304564811795290602e+00 1.168505410393618077e-01 8.079538916393288472e-01 1.117762907336775427e-02 2.198212805643495749e-02
5.609129623590582092e+00 1.166344179923704955e-01 7.433658432114559345e-01 1.075720720370609840e-02 2.108144397766705327e-02
5.913694435385872694e+00 1.112009911129354517e-01 6.877181990638617792e-01 1.038548948400011551e-02 2.022210197597077569e-02
6.218259247181164184e+00 8.580829656240596126e-02 5.953190283076348344e-01 1.005417250982923102e-02 1.937118207363581340e-02
6.522824058976454786e+00 7.456590710564894864e-02 5.234495899255630080e-01 9.756814161173533659e-03 1.851532010249743593e-02
6.827388870771745388e+00 7.745369002532211111e-02 4.772162637213944736e-01 9.488319599916573283e-03 1.767979752747270150e-02
7.131953682567036878e+00 6.928484113445478043e-02 4.334799916264307496e-01 9.244595408800806990e-03 1.692685984809000344e-02
7.436518494362327480e+00 5.529157688778307822e-02 3.685962020501705738e-01 9.022308471750348571e-03 1.632394272608551911e-02
7.741083306157618082e+00 5.660664739400279866e-02 3.520662450104566910e-01 8.818713212010453190e-03 1.589981788377370364e-02
8.045648117952909573e+00 5.834728737626730666e-02 3.251254348321336307e-01 8.631525014753827635e-03 1.562343924931487542e-02
8.350212929748199286e+00 5.313608741909642275e-02 3.252134614837040028e-01 8.458825725454855587e-03 1.542262160947300946e-02
8.654777741543490777e+00 4.614333159880921326e-02 3.115770141331130616e-01 8.298991942324772386e-03 1.522173492989467580e-02
8.959342553338782267e+00 4.513045527897613374e-02 2.829498971631072002e-01 8.150639827965660764e-03 1.496690412232954542e-02
9.263907365134073757e+00 4.625574987256139692e-02 2.851913148732493908e-01 8.012582099411387840e-03 1.463037439169395833e-02
9.568472176929365247e+00 4.531439002877966221e-02 2.547588413428673593e-01 7.883794133430634121e-03 1.420590342388051812e-02
9.873036988724654961e+00 2.964126145389829950e-02 2.542767387833350101e-01 7.763386987727951237e-03 1.370545246776936829e-02
1.017760180051994467e+01 2.320193650283304890e-02 2.411570710899864356e-01 7.650585734484889253e-03 1.315621010504844195e-02
1.048216661231523616e+01 3.994832386160687698e-02 1.824516635497614170e-01 7.544711921096160234e-03 1.259324950190431926e-02
1.078673142411052766e+01 2.790591497281272662e-02 1.636605443320678921e-01 7.445169271598411909e-03 1.204912572466748828e-02
1.109129623590581915e+01 2.943149658985510717e-02 1.343253810639547519e-01 7.351431958658826218e-03 1.154680299460779380e-02
1.139586104770111064e+01 8.280918595034204160e-03 1.159438044745969149e-01 7.263034934989252497e-03 1.109918558469254538e-02
1.170042585949640035e+01 2.339776051214281782e-02 1.096822276849478833e-01 7.179565931529782730e-03 1.071217067031822456e-02
1.200499067129169184e+01 2.544189482066194080e-02 9.581942243299310102e-02 7.100658819318650394e-03 1.038686934711047574e-02
1.230955548308698155e+01 2.990973823600089065e-02 8.195290142219008311e-02 7.025988100793505858e-03 1.012024469131264301e-02
1.261412029488227304e+01 1.689193887965551033e-02 7.015536014342271809e-02 6.955264350215579691e-03 9.905875321308798762e-03
1.291868510667756453e+01 1.454397191881554550e-02 9.824307490232095375e-02 6.888230466312086561e-03 9.735706372124799945e-03
1.322324991847285602e+01 1.700568715390074828e-02 7.490468528397421777e-02 6.824658636445650461e-03 9.602104401968312997e-03
1.352781473026814574e+01 3.178145800859970976e-02 6.162025566349876859e-02 6.764347943409124674e-03 9.499321874137916372e-03
1.383237954206343723e+01 4.120205057341367813e-03 8.114487220871066664e-02 6.707122575822304159e-03 9.424150911218502624e-03
1.413694435385872872e+01 1.372969843434854523e-02 7.648369797862092367e-02 6.652830633654585601e-03 9.376094686055174224e-03
1.444150916565401843e+01 1.778461633562714375e-02 6.307422306687550384e-02 6.601343554642652087e-03 9.357548008095909614e-03
1.474607397744930992e+01 1.039575630541110518e-02 6.206870711439668731e-02 6.552556229306432528e-03 9.374478279051901702e-03
1.505063878924460141e+01 9.080280670242916324e-03 7.900515825913730084e-02 6.506387927643774924e-03 9.438131394965866214e-03
1.535520360103989113e+01 1.179096512878280781e-02 7.176280865922381180e-02 6.462784238237025657e-03 9.568220055707333388e-03
1.565976841283518262e+01 1.396593417902689330e-02 8.368578306900670283e-02 6.421720334637181365e-03 9.797024163851465045e-03
1.596433322463047411e+01 1.807859335441063670e-02 8.895093674294049513e-02 6.383206058229772342e-03 1.017040359629947655e-02
1.626889803642576382e+01 5.705649094344549671e-03 1.266810409196064968e-01 6.347293582400482387e-03 1.073716885482039682e-02
1.657346284822105531e+01 1.675592910962969348e-02 1.501106377360258981e-01 6.314088873496926518e-03 1.152177069016991143e-02
1.687802766001634680e+01 1.373013994425528739e-02 1.758040665591481533e-01 6.283768928139461460e-03 1.249377372811033213e-02
1.718259247181163829e+01 1.347294292733219358e-02 2.341939123310746995e-01 6.256608116883087718e-03 1.356074584731265832e-02
1.748715728360692623e+01 1.876425388882728765e-02 2.663409741005268727e-01 6.233019478268521374e-03 1.459421836941303049e-02
1.779172209540222127e+01 1.041041732540520966e-02 3.596912629486801460e-01 6.213621831334744869e-03 1.547072232970809688e-02
1.809628690719750921e+01 1.707157028017893333e-02 3.747201236977638628e-01 6.199354698036894581e-03 1.610415337585159590e-02
1.840085171899280070e+01 1.293570162473928892e-02 3.846956578360070655e-01 6.191691166064874560e-03 1.646218752811992592e-02
1.870541653078809219e+01 1.250086847754895009e-02 3.661325801913293265e-01 6.193079240632912673e-03 1.657491015892652297e-02
1.900998134258338368e+01 7.725832578203468796e-03 3.925266381534173177e-01 6.207984264981482661e-03 1.653704680010683464e-02
1.931454615437867517e+01 4.467717634623582373e-03 3.964866488685073187e-01 6.245597259200623939e-03 1.648500648211853950e-02
1.961911096617396311e+01 9.592609769526361241e-03 3.825820675617507827e-01 6.326842428206246559e-03 1.653354581346058033e-02
1.992367577796925815e+01 3.457830266546407100e-02 4.012022344678482511e-01 6.499443140817505807e-03 1.670227308099560964e-02
2.022824058976454609e+01 2.232584038139053331e-02 4.065191264217830058e-01 6.855230584521370893e-03 1.690038315148034015e-02
2.053280540155983758e+01 1.858195268280529375e-02 4.469460948747392415e-01 7.511372829781836659e-03 1.699721046348786485e-02
2.083737021335512907e+01 3.546933009070967618e-02 3.969967476522344163e-01 8.520791309789204487e-03 1.692272535208677597e-02
2.114193502515042056e+01 8.151326504463644873e-02 4.416090398339130862e-01 9.779379306207577893e-03 1.671404972117127019e-02
2.144649983694571205e+01 1.097516144296348667e-01 3.650525615694099058e-01 1.102068753623507494e-02 1.646534940597173258e-02
2.175106464874099998e+01 1.695455563016881606e-01 3.709190276371711614e-01 1.190385356982028540e-02 1.622074284436470643e-02
2.205562946053629148e+01 1.651432874698516573e-01 3.475333149423271428e-01 1.216044500380905440e-02 1.591904998818740105e-02
2.236019427233158297e+01 1.442539657334685754e-01 3.263173701395378767e-01 1.173655310428548329e-02 1.545262352406933173e-02
2.266475908412687446e+01 1.326948038349935466e-01 2.834518389800030347e-01 1.085505298343420431e-02 1.477338100226560126e-02
2.296932389592216595e+01 9.565144300769282126e-02 2.578978961665411296e-01 9.950561166000338603e-03 1.394199923144250931e-02
2.327388870771745744e+01 6.581977047549758542e-02 2.300731515680885242e-01 9.432525355693922864e-03 1.308568307178101242e-02
2.357845351951274537e+01 6.488906739138079749e-02 1.730771610277116734e-01 9.344096523154266087e-03 1.230723177164847262e-02
2.388301833130803686e+01 9.075528871496005290e-02 1.458622565257688408e-01 9.373525990227881202e-03 1.162999410206935411e-02
2.418758314310332835e+01 5.640540380578128871e-02 1.343562008498240534e-01 9.239044115169719323e-03 1.102821488348116295e-02
2.449214795489861984e+01 6.045257388577238850e-02 1.017508522494097456e-01 8.868503447071133389e-03 1.049403328842590973e-02
2.479671276669391133e+01 4.954759262667651765e-02 9.778626916543466108e-02 8.328076930607369172e-03 1.006329539479706124e-02
2.510127757848920282e+01 3.469506927314783967e-02 8.567381584220426505e-02 7.714311128796865272e-03 9.788674688111355035e-03
2.540584239028449431e+01 1.524964617643170817e-02 8.400699971235145447e-02 7.110299619267216112e-03 9.698937178389245573e-03
2.571040720207978225e+01 1.954064547946852970e-02 7.503038500206843375e-02 6.588708490778929193e-03 9.776800728301995522e-03
2.601497201387507374e+01 1.804219055587169551e-02 8.911583910427021971e-02 6.202687673412136081e-03 9.959462993014903467e-03
2.631953682567036523e+01 3.200159333231030606e-03 1.064200566548743065e-01 5.959556522960925834e-03 1.015302235026571340e-02
2.662410163746565672e+01 1.191112218972351436e-02 8.495758237073018637e-02 5.822135174874801256e-03 1.026372310227252962e-02
2.692866644926094821e+01 9.939550556573193904e-03 1.062816234823078243e-01 5.743957096092359819e-03 1.024966392572804544e-02
2.723323126105623970e+01 9.606853668446269090e-03 8.120091038969091957e-02 5.694411040936259508e-03 1.016725941444385217e-02
2.753779607285152764e+01 2.289778375821728898e-03 8.514168587846346337e-02 5.658968373330178735e-03 1.015947293289087491e-02
2.784236088464681913e+01 6.037039641534095932e-03 1.103964154379782209e-01 5.631535584716124490e-03 1.035036745861139459e-02
2.814692569644211062e+01 -1.179131614768477374e-03 1.064278276026306008e-01 5.609404137178857809e-03 1.071772779184582310e-02
2.845149050823740211e+01 7.567083539398385822e-03 1.324782071555464236e-01 5.591168822086440247e-03 1.109661951012833048e-02
2.875605532003269360e+01 1.460565795159107609e-02 1.527961740751678232e-01 5.575993899807707085e-03 1.130639159483329964e-02
2.906062013182798509e+01 4.433721144823886233e-03 1.426961365985953967e-01 5.563339279549545449e-03 1.125220166484634451e-02
2.936518494362327658e+01 8.317756333498923724e-03 1.150789264368057147e-01 5.552839310490579813e-03 1.093843795011541567e-02
2.966974975541856452e+01 -5.555798491775554120e-03 9.498161959699259749e-02 5.544240000467069718e-03 1.043315160345927722e-02
2.997431456721385601e+01 4.454358744147822631e-03 8.525606003501821906e-02 5.537363012667541502e-03 9.836554509682373520e-03
3.027887937900914750e+01 9.930132538037131709e-03 6.870590125355802158e-02 5.532083649114644119e-03 9.262778367491099341e-03
3.058344419080443899e+01 1.608447350562382944e-02 6.440829792981131452e-02 5.528316785398756580e-03 8.814405109013934148e-03
3.088800900259973048e+01 1.117003495415956789e-02 5.247516171458350281e-02 5.526007604912664545e-03 8.551321839931628338e-03
3.119257381439502197e+01 1.191725610168535565e-02 5.117304230094633921e-02 5.525125370580854720e-03 8.479146820477333549e-03
3.149713862619030991e+01 6.046573657247637790e-03 4.646368488263873109e-02 5.525659198707612470e-03 8.562301353131355347e-03
3.180170343798560140e+01 -1.260144986053941991e-03 6.375085978011790777e-02 5.527615203122393517e-03 8.741452924782004696e-03
3.210626824978089644e+01 3.561802879119396834e-03 6.615202076164364287e-02 5.531014613119056289e-03 8.944346207179564023e-03
3.241083306157618438e+01 3.471683974247276316e-03 8.000245893525508023e-02 5.535892611823071963e-03 9.090444811959023930e-03
3.271539787337147231e+01 6.289177766034173556e-03 7.367659458735108247e-02 5.542297732198653987e-03 9.098264624753275159e-03
3.301996268516676736e+01 1.199898695937417700e-02 5.368156484536937278e-02 5.550291707603483352e-03 8.914260933016164568e-03
3.332452749696205530e+01 1.519260029775120098e-02 5.664484651807347171e-02 5.559949715004989038e-03 8.553233584235941239e-03
3.362909230875735034e+01 5.307636000941472719e-03 4.715930236812766740e-02 5.571360979086696294e-03 8.103825141256550124e-03
3.393365712055263828e+01 -1.346973568500432067e-03 4.016867953032533106e-02 5.584629729131951673e-03 7.678859212352985575e-03
3.423822193234792621e+01 -4.734149593692976721e-04 3.021732201689284955e-02 5.599876520870098948e-03 7.350975920885418312e-03
3.454278674414322126e+01 1.111840636882042294e-02 2.254383478359445886e-02 5.617239954662450220e-03 7.130431821801375657e-03
3.484735155593851630e+01 4.350278784848933197e-03 1.896848722904235715e-02 5.636878841346052403e-03 6.991363709044019249e-03
3.515191636773380424e+01 1.476832547197624683e-02 2.678578787411057746e-02 5.658974889498684553e-03 6.904530703888988631e-03
3.545648117952909217e+01 8.033087199323125233e-03 3.746611745497192142e-03 5.683736014750128199e-03 6.850163819734307602e-03
3.576104599132438011e+01 2.679048967101087426e-03 4.566810883187322895e-03 5.711400405365680416e-03 6.817125284142086863e-03
3.606561080311967515e+01 4.568372494287310098e-04 9.356707395054304072e-03 5.742241521714291051e-03 6.799387707878740486e-03
3.637017561491497020e+01 4.341617367247021728e-03 1.516897226332312998e-02 5.776574264604814220e-03 6.793638456860704930e-03
3.667474042671025813e+01 4.684236802658142684e-03 1.937672482844386354e-02 5.814762624817539083e-03 6.798040423275674912e-03
3.697930523850554607e+01 4.894317535929140067e-04 1.475263403764538045e-02 5.857229232239095397e-03 6.811621569425307596e-03
3.728387005030084111e+01 1.565814863217456984e-02 2.364197026631231074e-02 5.904467370955015885e-03 6.833966804978726384e-03
3.758843486209612905e+01 8.720327673968452167e-03 2.014576545432925775e-02 5.957056236586547732e-03 6.865058669235809402e-03
3.789299967389142410e+01 3.055798455378261336e-03 2.191177574102993672e-02 6.015680515692483320e-03 6.905197148662115675e-03
3.819756448568671203e+01 1.960382144604599572e-02 2.789207262103262155e-02 6.081155815305532703e-03 6.954966304435463743e-03
3.850212929748199997e+01 9.707959952354509869e-03 2.333109867840117702e-02 6.154462149125169979e-03 7.015232819175624621e-03
3.880669410927729501e+01 1.142448585826249911e-02 1.863168709311258456e-02 6.236788744679639188e-03 7.087170690868387080e-03
3.911125892107258295e+01 1.487845900189103607e-02 1.986320746851853031e-02 6.329595147583183881e-03 7.172312110808389506e-03
3.941582373286787799e+01 1.730907826579339281e-02 1.308433955504808947e-02 6.434696509193809678e-03 7.272629586995949316e-03
3.972038854466316593e+01 1.859057181732234887e-02 2.919631621475279881e-02 6.554386249219957758e-03 7.390660486398080084e-03
4.002495335645846097e+01 1.181286576036269693e-02 4.357216640734791480e-02 6.691620063808857190e-03 7.529694790117353459e-03
4.032951816825374891e+01 1.103183663479173973e-02 3.245350465645860383e-02 6.850311662489208878e-03 7.694064528744822690e-03
4.063408298004903685e+01 3.731162526676728985e-02 4.703796224471534781e-02 7.035877939808055440e-03 7.889607370419939383e-03
4.093864779184433189e+01 2.688954868810057922e-02 4.195679943247014598e-02 7.256528031678265850e-03 8.124427878777033818e-03
4.124321260363961983e+01 1.569549956312596417e-02 5.706368819673376253e-02 7.526854438475894839e-03 8.410054249666650342e-03
4.154777741543491487e+01 3.743496867057347077e-02 5.602332265540006795e-02 7.874827202443774460e-03 8.762643972383118984e-03
4.185234222723020281e+01 5.566241886412731654e-02 7.224129020349630281e-02 8.339877060057333119e-03 9.203212437324612832e-03
4.215690703902549075e+01 7.378351642876554428e-02 8.479983334731303057e-02 8.938512717351854153e-03 9.758293439118961160e-03
4.246147185082078579e+01 7.027351404405368651e-02 1.114579992329163410e-01 9.652826672710224098e-03 1.047022377500334521e-02
4.276603666261607373e+01 1.231201101248534657e-01 1.343111579895405472e-01 1.056490076043226610e-02 1.142507125474094207e-02
4.307060147441136877e+01 1.696089967699519196e-01 1.795562919374347755e-01 1.210546158096027780e-02 1.278083561432184073e-02
4.337516628620665671e+01 3.194769480630175740e-01 2.767300547276825284e-01 1.525264939377778996e-02 1.473589325819273446e-02
4.367973109800195175e+01 7.378727962307425337e-01 4.575898135308181236e-01 2.098324069231471273e-02 1.734030184631777521e-02
4.398429590979723969e+01 1.513707919091899834e+00 6.566379680728268164e-01 2.847260271159786707e-02 2.020069325908150845e-02
4.428886072159252763e+01 2.369117507853147231e+00 8.742302992375097226e-01 3.443359974416305980e-02 2.250633938583999905e-02
4.459342553338782267e+01 2.515979016839725801e+00 9.227460953034309910e-01 3.581132223337367415e-02 2.369554048189246795e-02
4.489799034518311061e+01 2.279417452577134906e+00 9.946644146849908941e-01 3.416216054109603995e-02 2.418842827518926167e-02
4.520255515697840565e+01 2.461536801651207806e+00 1.085557998907200838e+00 3.558028156628686989e-02 2.493393823808750034e-02
4.550711996877369359e+01 3.361046783475794886e+00 1.200449166519651722e+00 4.035209749739104845e-02 2.582172622635467082e-02
4.581168478056898863e+01 3.525407765076463029e+00 1.093546154924397884e+00 4.147615253011814607e-02 2.559014122963512369e-02
4.611624959236427657e+01 2.462972922858518210e+00 9.620592143934693086e-01 3.579849554240453757e-02 2.352737957351448347e-02
4.642081440415956450e+01 1.280934377378259548e+00 6.966144936479526928e-01 2.653423720314116233e-02 2.024793026707276053e-02
4.672537921595485955e+01 5.389599419778557943e-01 4.074340984596760973e-01 1.854704596380217854e-02 1.692997376225855582e-02
4.702994402775014748e+01 2.549714951365248394e-01 2.594067552795689124e-01 1.382791119137462797e-02 1.431295578438775661e-02
4.733450883954544253e+01 1.249723704667625723e-01 1.723796250627921967e-01 1.145514054350875791e-02 1.247615951790851004e-02
4.763907365134073046e+01 8.604167833685763545e-02 1.390059987787917173e-01 1.013812902823504544e-02 1.120541753827610995e-02
4.794363846313601840e+01 7.000903405881445107e-02 1.149745193906982904e-01 9.278534255647279128e-03 1.029521267443652202e-02
4.824820327493131344e+01 4.396439984205414986e-02 8.355011644397487836e-02 8.661179736934967663e-03 9.616437533749952471e-03
4.855276808672660138e+01 4.499504403577737899e-02 6.770196494421060196e-02 8.196040469484258684e-03 9.095164971139275967e-03
4.885733289852189642e+01 4.053228713743001199e-02 5.626157500348751006e-02 7.839607377648287814e-03 8.689742212253206630e-03
4.916189771031718436e+01 3.255014299626855095e-02 4.819893803210080485e-02 7.575389113954349510e-03 8.379608646019495038e-03
4.946646252211247941e+01 2.412927544473725261e-02 3.976889474737366204e-02 7.425593346503064386e-03 8.163215900083477944e-03
4.977102733390776734e+01 2.886597213180261065e-02 4.551287506956542411e-02 7.525739024777298308e-03 8.058589073079269749e-03
5.007559214570305528e+01 4.508556452425340616e-02 3.229929448238018364e-02 8.150897688245169886e-03 8.079382986685479384e-03
5.038015695749835032e+01 6.338304451106899218e-02 4.312328620246921179e-02 9.142318416756084476e-03 8.159392667610041588e-03
5.068472176929363826e+01 5.737281297232771360e-02 4.937924053961459392e-02 9.578404310309256153e-03 8.133365196789411194e-03
5.098928658108893330e+01 7.056230423549261777e-02 4.012855004319440533e-02 8.903959967894316263e-03 7.897257272967504044e-03
5.129385139288422124e+01 2.628601267460477925e-02 3.033151977539032956e-02 7.691339175494507976e-03 7.532885271936710578e-03
5.159841620467951628e+01 1.350586568481891570e-02 2.633526551341797486e-02 6.797053025521245656e-03 7.191560928627454934e-03
5.190298101647480422e+01 1.214678309035099532e-02 1.889268804553517062e-03 6.372628222111043073e-03 6.938718615361845650e-03
5.220754582827009216e+01 9.991599894355666228e-03 2.455452510401532826e-02 6.167131160575815840e-03 6.759936406569222976e-03
5.251211064006538720e+01 9.332010632293552543e-03 1.981751828088560222e-02 6.037951308781482757e-03 6.627409620639004503e-03
5.281667545186067514e+01 8.265588727005617961e-03 1.559054455463097441e-02 5.944828749174904496e-03 6.524498613543613587e-03
5.312124026365597018e+01 4.635581823935613910e-07 1.383083894472851919e-02 5.884156779773629976e-03 6.444567340585612668e-03
5.342580507545125812e+01 9.668585583704326566e-03 1.475758060265019295e-02 5.886092531517745502e-03 6.386367951861465081e-03
5.373036988724655316e+01 4.961276986842304629e-03 1.408152046007019390e-02 5.982808809477180648e-03 6.345592414078247111e-03
5.403493469904184110e+01 9.924499920971691092e-03 6.429214918382546162e-03 6.057378332066067766e-03 6.306481322525730147e-03
5.433949951083712904e+01 3.793858194202439499e-03 1.034419758636784953e-02 5.972945651142031256e-03 6.256793467204565043e-03
5.464406432263242408e+01 8.760779599829526115e-03 1.036009507689968773e-02 5.897906496222748290e-03 6.206572343273375481e-03
5.494862913442771202e+01 5.565703174807147026e-03 5.564225596889815252e-03 5.952582902427921985e-03 6.161657942879577438e-03
5.525319394622300706e+01 4.367535706269895512e-03 6.241530950902805623e-03 5.894177452975782328e-03 6.105055532097344341e-03
5.555775875801829500e+01 8.159572285247499585e-03 3.843390866000527713e-03 5.669637347859811209e-03 6.032187972908319498e-03
5.586232356981358294e+01 -9.740925680999509492e-04 1.128839590997184755e-02 5.486569242481869821e-03 5.961103778740433831e-03
5.616688838160887798e+01 6.465430223346449283e-03 6.281001704493239385e-03 5.398129181749916974e-03 5.903067141082812656e-03
5.647145319340416592e+01 -3.891994931251293276e-03 1.084318038376281580e-02 5.348688145132713886e-03 5.856287725918367902e-03
5.677601800519946096e+01 1.041505455527615056e-03 1.211346732865159481e-02 5.311334319214155997e-03 5.816517565719466279e-03
5.708058281699474890e+01 -1.412947491830102154e-03 1.135427012175094577e-02 5.279249428724810608e-03 5.781150233024969637e-03
5.738514762879004394e+01 7.360765099999963187e-03 3.987086084253288303e-03 5.250356024596280168e-03 5.748851038093184991e-03
5.768971244058533188e+01 3.558264036713902536e-03 8.697853106254194860e-03 5.223761882724879679e-03 5.718897711584856706e-03
5.799427725238061981e+01 1.150689485204674581e-02 9.632421789400515827e-03 5.198988216953481095e-03 5.690855887368105950e-03
5.829884206417591486e+01 1.044434169870605417e-02 1.072568249920993408e-02 5.175737782923002170e-03 5.664437517085445239e-03
5.860340687597120279e+01 5.998656618084937178e-03 1.084605556223052804e-02 5.153805981440160930e-03 5.639435960114996121e-03
5.890797168776649784e+01 -8.141216619546649824e-03 7.017562122689126845e-03 5.133041058770434345e-03 5.615693779889462632e-03
5.921253649956178577e+01 -3.903893955672089935e-03 1.256690055888858362e-02 5.113324177161385209e-03 5.593085495492834507e-03
5.951710131135708082e+01 2.600857100183292907e-03 9.139593084467998244e-03 5.094558519759762906e-03 5.571507686084008898e-03
5.982166612315236875e+01 2.848940290255323141e-03 1.060643087595835449e-02 5.076662888001176079e-03 5.550872957065241392e-03
6.012623093494765669e+01 3.810872349397896770e-03 2.449589838079296780e-03 5.059567701087561327e-03 5.531106057007730177e-03
6.043079574674295174e+01 -1.296377903171249193e-03 8.949157746915374287e-03 5.043212360598577949e-03 5.512141256620517286e-03
6.073536055853823967e+01 -2.705762481227485822e-03 8.570452984631963742e-03 5.027543432827468947e-03 5.493920503748082537e-03
6.103992537033353472e+01 2.723914636857621349e-03 8.432765067237290441e-03 5.012513344118266559e-03 5.476392076114405642e-03
6.134449018212882265e+01 -4.481547984589362085e-03 8.626367934604159057e-03 4.998079411553764916e-03 5.459509565753832214e-03
6.164905499392411059e+01 -1.215259966315310105e-03 7.552053822123575358e-03 4.984203101098243910e-03 5.443231092251806652e-03
6.195361980571940563e+01 -7.639498192191665135e-03 7.578888635850928104e-03 4.970849445211638663e-03 5.427518678840967913e-03
6.225818461751469357e+01 1.696333323872198547e-03 3.966571386339465093e-03 4.957986575649203816e-03 5.412337747718448493e-03
6.256274942930998861e+01 7.576298147570480548e-03 1.713517710663765587e-03 4.945585341707095517e-03 5.397656704868495844e-03
6.286731424110527655e+01 8.936904989942567878e-03 -4.070081849241445095e-03 4.933618993378540742e-03 5.383446593605695912e-03
6.317187905290057159e+01 -2.942366777202689871e-03 -2.536364384791260640e-04 4.922062914873461328e-03 5.369680801939270137e-03
6.347644386469585953e+01 1.334032176122248049e-03 3.454326781692046780e-03 4.910894397951903051e-03 5.356334812833926824e-03
6.378100867649114747e+01 3.100423351698365030e-04 -1.491740491909387435e-03 4.900092447254367212e-03 5.343385989190122150e-03
6.408557348828644251e+01 1.613124567341595733e-02 8.136774641512896020e-03 4.889637611722236731e-03 5.330813387306820514e-03
6.439013830008173045e+01 -2.462513943294365303e-03 4.198668877899563827e-03 4.879511837564397617e-03 5.318597593987696263e-03
6.469470311187703260e+01 1.682375933355283529e-03 5.830645527913798365e-04 4.869698339217414136e-03 5.306720583477863261e-03
6.499926792367230632e+01 6.648334941722961432e-03 -4.117130885163411413e-04 4.860181485480644277e-03 5.295165591184779197e-03
6.530383273546760847e+01 8.268159056407244079e-03 5.876693241427030819e-03 4.850946698560195010e-03 5.283917001718561879e-03
6.560839754726289641e+01 -3.283102544320391693e-03 1.323850487007629563e-02 4.841980364178087928e-03 5.272960249235307019e-03
