# Nd3+ 10 200
5.000000000000000000e+00 1.033285406699468861e-01 2.433838938783453310e-01 1.053986680865474923e-02 1.356954578212589760e-02
5.572719971875110367e+00 6.529131333991364250e-02 1.674464979570392531e-01 9.359460207938555265e-03 1.243651309718348148e-02
6.145439943750220735e+00 5.826596059297795005e-02 1.516273239305184484e-01 8.599117834695347434e-03 1.166382110309159559e-02
6.718159915625331102e+00 4.911853855548672237e-02 1.057311874923328177e-01 8.076666961033231867e-03 1.118419144657085279e-02
7.290879887500441470e+00 2.843482070428175051e-02 1.441568445880055394e-01 7.688718075830592441e-03 1.097546155403919879e-02
7.863599859375551837e+00 3.456611089821566563e-02 1.284061021205082087e-01 7.382887470164669654e-03 1.105734690849232912e-02
8.436319831250662205e+00 1.380890872765581055e-02 1.424841205095748464e-01 7.132480957129006330e-03 1.146740772122885506e-02
9.009039803125773460e+00 2.140249041748575054e-02 1.587200321468791864e-01 6.922613838752913681e-03 1.221474532727328047e-02
9.581759775000882939e+00 1.986357771107503598e-02 2.315280476677818999e-01 6.744024541985334589e-03 1.323315047083838125e-02
1.015447974687599242e+01 1.638187025147492051e-02 2.791223751962289557e-01 6.590446339766720639e-03 1.436747542639015517e-02
1.072719971875110367e+01 1.616569354258620000e-02 3.182387975287783166e-01 6.457412065057525387e-03 1.540262718132690695e-02
1.129991969062621493e+01 6.820407849534025277e-03 3.600817220925949802e-01 6.341639696726740147e-03 1.612020072407312904e-02
1.187263966250132441e+01 1.296120458878693288e-02 3.836359452250253654e-01 6.240680100006655920e-03 1.636272092285867563e-02
1.244535963437643389e+01 1.231167116432229508e-02 3.605462881585010937e-01 6.152700984593291109e-03 1.608530480571438576e-02
1.301807960625154514e+01 1.179073937509991267e-02 3.313832707005425759e-01 6.076351042875496357e-03 1.537685951643888438e-02
1.359079957812665640e+01 1.647569122622605936e-02 2.581234283607925506e-01 6.010676746434334000e-03 1.444067207192534404e-02
1.416351955000176588e+01 1.490591058758610268e-03 2.266732664602894298e-01 5.955078236523069293e-03 1.353155445428470133e-02
1.473623952187687536e+01 6.919316393898557876e-03 2.039469267354401261e-01 5.909299360608698953e-03 1.285379805962246803e-02
1.530895949375198661e+01 2.278327079089446060e-03 1.745431459310611277e-01 5.873454286685042200e-03 1.245890883183586526e-02
1.588167946562709787e+01 1.020196223613713954e-02 1.393536519970694776e-01 5.848102593807437237e-03 1.223160983839912189e-02
1.645439943750220735e+01 9.961286612430926904e-03 1.647688767158971834e-01 5.834402125019541412e-03 1.199129184675400486e-02
1.702711940937731683e+01 1.894510394702624695e-02 1.401995539153123027e-01 5.834411083183943525e-03 1.160918712423233273e-02
1.759983938125242986e+01 1.057104739940830859e-02 1.196314405137858111e-01 5.851737192143673452e-03 1.105852404045119808e-02
1.817255935312753934e+01 1.655235855354615301e-02 9.230952729619398833e-02 5.893139514712701643e-03 1.040248072777285281e-02
1.874527932500264882e+01 1.438372359621215013e-02 7.030807780603891277e-02 5.972831679331219376e-03 9.753012036102518684e-03
1.931799929687775830e+01 1.078487846399854219e-02 6.999224049953990667e-02 6.123106572906317560e-03 9.226676258996596366e-03
1.989071926875286778e+01 1.776956976266633528e-02 7.733616871822057703e-02 6.412612872374444210e-03 8.914603209232437042e-03
2.046343924062798081e+01 3.155194040884112122e-03 6.621412117590184943e-02 6.953688940577141750e-03 8.872702662731955792e-03
2.103615921250309029e+01 3.181248140688849174e-02 6.572623890707610106e-02 7.858217757308964477e-03 9.121104243393421407e-03
2.160887918437819977e+01 7.065740647737635272e-02 7.205524772748161944e-02 9.151237492236893173e-03 9.634428724690329016e-03
2.218159915625331280e+01 9.865395269201784889e-02 9.568166880299458499e-02 1.071339459664860314e-02 1.032628335156954291e-02
2.275431912812842228e+01 1.628961569935458154e-01 1.371392028064571389e-01 1.228368779815493771e-02 1.105218789732791487e-02
2.332703910000353176e+01 2.179560321394967415e-01 1.439311227508180968e-01 1.352118274306545256e-02 1.164284399891010388e-02
2.389975907187864124e+01 2.471879633060885817e-01 1.409674889318905111e-01 1.411601101137641839e-02 1.195838024624108070e-02
2.447247904375375072e+01 2.576992294038498721e-01 1.577804633553075708e-01 1.390868909665823883e-02 1.194352022231802944e-02
2.504519901562886375e+01 2.047366959632941352e-01 1.274369255964038217e-01 1.295688755170565712e-02 1.166077431768281977e-02
2.561791898750397323e+01 1.349275314044286467e-01 1.110615535491910610e-01 1.151157634911579609e-02 1.128054728112183602e-02
2.619063895937908271e+01 7.066336364163029737e-02 1.307427986531100039e-01 9.916709424710352938e-03 1.100954924969956006e-02
2.676335893125419574e+01 3.934410559804921853e-02 1.089379059623365731e-01 8.487640091903388834e-03 1.096482618881167333e-02
2.733607890312930522e+01 2.185132223283116348e-02 1.198948023185750777e-01 7.422289447091478740e-03 1.108649619209518648e-02
2.790879887500441470e+01 5.260018707085135220e-03 1.233004563830905481e-01 6.766398991779613153e-03 1.119367369502751938e-02
2.848151884687952418e+01 8.349192930514658453e-03 1.360183698857574397e-01 6.439543011239813597e-03 1.112020763128638949e-02
2.905423881875463366e+01 1.377553594930872906e-02 1.167125222883521884e-01 6.320348218204928890e-03 1.080456124643240298e-02
2.962695879062974669e+01 1.776767259510543193e-02 9.326368707903759381e-02 6.323695090904121741e-03 1.030415530197720947e-02
3.019967876250485617e+01 1.346526484880938672e-02 7.959698533336720394e-02 6.415252802371967239e-03 9.759199192958513402e-03
3.077239873437996565e+01 1.131334486690249025e-02 6.961478461902717574e-02 6.598931582265533252e-03 9.334893640861544745e-03
3.134511870625507868e+01 9.991627173455213187e-03 5.454797994134425593e-02 6.919674052743771814e-03 9.169185178793323732e-03
3.191783867813018816e+01 3.625204441959120616e-02 8.695792547127438599e-02 7.493407816285230921e-03 9.351145562293289998e-03
3.249055865000529764e+01 4.316220215518121878e-02 9.353761704613006156e-02 8.532255046978350771e-03 9.933383952502865266e-03
3.306327862188040712e+01 7.822395825221521715e-02 1.112322119062867098e-01 1.027289702608063723e-02 1.093769965913866070e-02
3.363599859375551659e+01 1.919460321804526415e-01 1.739346795673376300e-01 1.279174640206362859e-02 1.231666487099056587e-02
3.420871856563063318e+01 3.634098978443869865e-01 2.533356935295680845e-01 1.584589776438331127e-02 1.390118276970216289e-02
3.478143853750573555e+01 5.694749555003477681e-01 3.100357988813768895e-01 1.885014695009254448e-02 1.539583479982811580e-02
3.535415850938085214e+01 7.179643490009740558e-01 3.785278535124575461e-01 2.103270549394874872e-02 1.645011193871248611e-02
3.592687848125596162e+01 7.760852734875870462e-01 4.061279089994379587e-01 2.174138277482891984e-02 1.678259921222321344e-02
3.649959845313107110e+01 7.412669418857107395e-01 4.042730314345839848e-01 2.075014764583953814e-02 1.629653792979746801e-02
3.707231842500618058e+01 5.117701641351635189e-01 3.127966757637621331e-01 1.837277264383724990e-02 1.512080608130410807e-02
3.764503839688129005e+01 3.162053319741329194e-01 2.229482057008523865e-01 1.530573541849452289e-02 1.355104860930746863e-02
3.821775836875639953e+01 1.870593490146900961e-01 1.367178748055687398e-01 1.230707310012897626e-02 1.192534642428840289e-02
3.879047834063150901e+01 1.026965395662412101e-01 1.018357821627493692e-01 9.908349693771301148e-03 1.050284513892847139e-02
3.936319831250662560e+01 4.265898978180120843e-02 8.017040009636938747e-02 8.290590565878257906e-03 9.402377013000741066e-03
3.993591828438173508e+01 3.359192044622791307e-02 4.651045039438252149e-02 7.335313081704366786e-03 8.617264653001289673e-03
4.050863825625684456e+01 1.154236612920603658e-02 5.414891916987243925e-02 6.798202292307332570e-03 8.077335721789518502e-03
4.108135822813195404e+01 1.872453688453587159e-02 4.403462062958441586e-02 6.480377725035024912e-03 7.707164363236370525e-03
4.165407820000706351e+01 2.629286503779321160e-02 2.384685168208567144e-02 6.276184914634537135e-03 7.451734484663740353e-03
4.222679817188217299e+01 7.246076200870173525e-03 3.858409044914828945e-02 6.139280280881883288e-03 7.277125683959646471e-03
4.279951814375728247e+01 1.215877504670839424e-02 2.091595908507423718e-02 6.049126166082868100e-03 7.163723907684385432e-03
4.337223811563239195e+01 7.479508367628185869e-03 1.878814106019389626e-02 5.995705307043145728e-03 7.100568473602582309e-03
4.394495808750750143e+01 1.766370305312042061e-02 2.097876536000936251e-02 5.974017939115254180e-03 7.082125964591520252e-03
4.451767805938261802e+01 5.959868959482476219e-04 1.665714032717764345e-02 5.982127824277067019e-03 7.106742867711125268e-03
4.509039803125772750e+01 9.195703801947027398e-03 1.819849018286127593e-02 6.020507110310265725e-03 7.176123922434595251e-03
4.566311800313283698e+01 1.264865976414055598e-02 1.256570618748462619e-02 6.092055940680794410e-03 7.295581827175474585e-03
4.623583797500794645e+01 8.886310207536310748e-03 3.138730853646434088e-02 6.202755880496342404e-03 7.475155761122570172e-03
4.680855794688305593e+01 6.100494772771207844e-03 4.366425244958679897e-02 6.363370841710179124e-03 7.732088277628857212e-03
4.738127791875816541e+01 1.448502852547112023e-02 3.951963345412819878e-02 6.593739795211554094e-03 8.095583867174238613e-03
4.795399789063327489e+01 2.789595689589506600e-02 4.914798234855517756e-02 6.935201907251463405e-03 8.614413515790940792e-03
4.852671786250839148e+01 3.286519454764890574e-02 6.994701903196791359e-02 7.486846393279409165e-03 9.363910856922575895e-03
4.909943783438350096e+01 5.741259031679172425e-02 1.129252946242791378e-01 8.477795773065401400e-03 1.043864318386316520e-02
4.967215780625861044e+01 9.811299412814970811e-02 1.717049839647782350e-01 1.028417823947960427e-02 1.190986623076324344e-02
5.024487777813371991e+01 2.271377048599407811e-01 2.490237434116298054e-01 1.318984802325981302e-02 1.374535105566195535e-02
5.081759775000882939e+01 4.354751452207825113e-01 3.532129793921115479e-01 1.698860239655877735e-02 1.573159276525883804e-02
5.139031772188393887e+01 6.820290084051837676e-01 4.407958658979825306e-01 2.080775717098911140e-02 1.746710016969426835e-02
5.196303769375904835e+01 9.380931752194519024e-01 4.966694500324507766e-01 2.337549474787019299e-02 1.847844509160642690e-02
5.253575766563415783e+01 9.665146406305525906e-01 5.087354242097997803e-01 2.367887612498220315e-02 1.843311560421292267e-02
5.310847763750926731e+01 7.945276612303542318e-01 4.206617204745135008e-01 2.159052127540707008e-02 1.732398706882329331e-02
5.368119760938438390e+01 5.213660563517912294e-01 3.103442839672854725e-01 1.795166639972830408e-02 1.548581795428684640e-02
5.425391758125949337e+01 2.499732676827857158e-01 2.291659559479374275e-01 1.403871683136393399e-02 1.342138193404366145e-02
5.482663755313460285e+01 1.354282732042538240e-01 1.373078766866938361e-01 1.086160573502394089e-02 1.156060329103351068e-02
5.539935752500971233e+01 3.717697789590876378e-02 1.059840819613487584e-01 8.784592512564153369e-03 1.011209860160789190e-02
5.597207749688482181e+01 2.617361099678731928e-02 7.283976235926159504e-02 7.608866613567619175e-03 9.074564668929609862e-03
5.654479746875993129e+01 2.254259579236460309e-02 4.921322466410412572e-02 6.948951884276083867e-03 8.346944477646854599e-03
5.711751744063504077e+01 1.748717861500406756e-02 2.151297878893840970e-02 6.535170725729568322e-03 7.825294032698002292e-03
5.769023741251015736e+01 6.973924108016448485e-03 3.192382775811208884e-02 6.243569262760806197e-03 7.437505772524709638e-03
5.826295738438526683e+01 -1.425539307524040927e-03 1.357746724204220330e-02 6.022574045394460049e-03 7.139908819325257311e-03
5.883567735626037631e+01 1.554208142853336777e-02 2.135622956007413725e-02 5.847781351363720917e-03 6.906470566132472122e-03
5.940839732813548579e+01 1.369701580691860127e-03 2.149369006556023712e-02 5.705538528940801331e-03 6.721243710365715912e-03
5.998111730001059527e+01 8.821984003841140676e-03 2.096800142789744664e-02 5.587311471336447490e-03 6.574261983486007557e-03
6.055383727188570475e+01 1.879433878463647803e-02 7.436319824052879147e-03 5.487395542676423710e-03 6.459436576043935466e-03
6.112655724376081423e+01 1.380153833178311782e-03 1.440460692692779529e-02 5.401799992721697911e-03 6.373530629836247907e-03
6.169927721563592371e+01 1.090976515343361312e-02 1.548354143298531251e-02 5.327636156769791770e-03 6.315796661239151365e-03
6.227199718751103319e+01 7.556672458410573778e-03 4.185795789206955830e-03 5.262755731716575389e-03 6.288166054545917677e-03
6.284471715938614977e+01 -2.402507203943800122e-04 1.137045427702645418e-02 5.205525127729534324e-03 6.296124567932505876e-03
6.341743713126125925e+01 -6.219273679120185423e-04 8.795505667000057953e-03 5.154678749501790704e-03 6.350747919207220225e-03
6.399015710313636873e+01 -3.798144734892993507e-03 1.945089803096180375e-02 5.109220345228679232e-03 6.472879926869158640e-03
6.456287707501147111e+01 6.575479923769002658e-03 8.916191490506176001e-03 5.068354796799888831e-03 6.700098101354108951e-03
6.513559704688658769e+01 3.983997809918713232e-03 2.489498935991702258e-02 5.031439824560632844e-03 7.090368493346378177e-03
6.570831701876170428e+01 1.277383441261504583e-02 4.104579002155010065e-02 4.997951084048530765e-03 7.697240691177055852e-03
6.628103699063680665e+01 3.447810997378756778e-04 6.233577931993209559e-02 4.967456485142036221e-03 8.493691782525823047e-03
6.685375696251192323e+01 1.076124918335672441e-02 7.834724936953074703e-02 4.939596995717580527e-03 9.299778162385009816e-03
6.742647693438703982e+01 7.422444005067293203e-03 6.274839068088471083e-02 4.914072089387521054e-03 9.824523849252734045e-03
6.799919690626214219e+01 2.159897928365243219e-03 1.006724709692483621e-01 4.890628574342669073e-03 9.835000142674004547e-03
6.857191687813724457e+01 1.655439732312629676e-03 5.816796102942611846e-02 4.869051920503304764e-03 9.319825652172507302e-03
6.914463685001236115e+01 -1.141417043897140736e-03 5.620804284930992073e-02 4.849159457661366725e-03 8.495397578377998291e-03
6.971735682188747774e+01 6.522036611335182282e-04 4.402539876592087564e-02 4.830794992163389007e-03 7.649554097266358411e-03
7.029007679376258011e+01 5.503125469529570810e-03 2.254422589127484319e-02 4.813824511383386559e-03 6.970025046246719480e-03
7.086279676563769669e+01 1.467864042366029062e-02 1.685732077662928374e-02 4.798132731226791882e-03 6.494402344421879719e-03
7.143551673751279907e+01 3.036327847278524374e-04 1.583666008127471853e-02 4.783620303519147028e-03 6.175435659545086900e-03
7.200823670938791565e+01 -6.504074271666625273e-03 3.906656819532148411e-03 4.770201544849557787e-03 5.956523600304261187e-03
7.258095668126301803e+01 -6.176424885934591984e-03 6.866154703799851045e-03 4.757802581283785207e-03 5.799299953307106813e-03
7.315367665313813461e+01 3.722904912158044814e-03 1.406810361592224570e-04 4.746359827760639888e-03 5.681568215322461805e-03
7.372639662501325120e+01 -1.105374388674479650e-03 3.409908461320144968e-04 4.735818739306358466e-03 5.590591769556388889e-03
7.429911659688835357e+01 5.361962730649747801e-03 4.110427395061309885e-03 4.726132785103630621e-03 5.518810955714374689e-03
7.487183656876347015e+01 6.916958535245047897e-03 -3.161359600510893486e-04 4.717262607111577001e-03 5.461669448793317339e-03
7.544455654063857253e+01 -5.168028795486841187e-04 3.271051814590823260e-03 4.709175333194847921e-03 5.416604704736751805e-03
7.601727651251368911e+01 -1.293931468109930276e-03 6.916180807988700323e-03 4.701844021197667048e-03 5.382765255817859376e-03
7.658999648438879149e+01 9.025313863921687746e-03 -7.092237962843667143e-04 4.695247215543484585e-03 5.361449360813209941e-03
7.716271645626390807e+01 -2.040455710440452174e-03 -1.033600503609149145e-03 4.689368602089271851e-03 5.357380543981641978e-03
7.773543642813901045e+01 -9.075845997297380015e-05 8.030682625129193994e-03 4.684196750370199849e-03 5.379188954388793714e-03
7.830815640001412703e+01 -3.264160299914073936e-03 5.488465336264873248e-03 4.679724935232178716e-03 5.431923643516502198e-03
7.888087637188924361e+01 6.735234205007753494e-03 1.438345200634236556e-02 4.675951032322251885e-03 5.497701591168085641e-03
7.945359634376434599e+01 5.141538457324242896e-03 8.450159845693179170e-03 4.672877484117511464e-03 5.531270307603378122e-03
8.002631631563946257e+01 5.106760418262322465e-03 -1.966683853360175378e-03 4.670511335231325792e-03 5.497707284361537036e-03
8.059903628751456495e+01 -2.181410286578555971e-03 6.790232986254305866e-03 4.668864337739695586e-03 5.410532843101433301e-03
8.117175625938968153e+01 7.352223910954817400e-04 4.449225863402005501e-03 4.667953129315801850e-03 5.315420624011428855e-03
8.174447623126478391e+01 -6.204241748761823907e-04 1.810005670578789059e-03 4.667799489145657392e-03 5.244174405689160101e-03
8.231719620313990049e+01 -4.308354446522234468e-03 -1.717234918020614162e-03 4.668430679030563003e-03 5.199761884511300801e-03
8.288991617501500286e+01 5.388706457735509270e-03 1.241874813966275040e-03 4.669879879889482499e-03 5.173187176273846312e-03
8.346263614689011945e+01 3.979746050959367303e-04 6.304732788792614950e-03 4.672186737210510567e-03 5.156927274779813872e-03
8.403535611876523603e+01 -1.466129323693500866e-03 1.143649869961706460e-03 4.675398033060002533e-03 5.146948921693702411e-03
8.460807609064033841e+01 2.867038386468712639e-03 -7.882091521147446302e-04 4.679568507292294378e-03 5.141290545818071912e-03
8.518079606251545499e+01 4.348762755433555061e-03 6.672677424451985834e-03 4.684761856944367857e-03 5.138979802175973333e-03
8.575351603439055737e+01 2.181087546159107479e-03 -3.513260714518073868e-03 4.691051950893408186e-03 5.139523505833324887e-03
8.632623600626567395e+01 4.264161061467128949e-03 1.643449037658837805e-03 4.698524307305642668e-03 5.142681764165111039e-03
8.689895597814077632e+01 -3.313521724654813847e-04 -9.422385343526417517e-04 4.707277895043526436e-03 5.148363549843980660e-03
8.747167595001589291e+01 5.908939678914370240e-03 1.690541883678792299e-03 4.717427338182325625e-03 5.156575925285534004e-03
8.804439592189100949e+01 4.445559706912469503e-03 3.856821002900676087e-03 4.729105626745092397e-03 5.167398893510361316e-03
8.861711589376611187e+01 1.314315628796281247e-03 4.031882536037691318e-03 4.742467469018077190e-03 5.180973647384381521e-03
8.918983586564122845e+01 1.773339144119680244e-04 -2.672996780019325138e-03 4.757693464705696137e-03 5.197498613131129250e-03
8.976255583751633083e+01 -9.426423277587405933e-03 6.993887069164945319e-03 4.774995338623051234e-03 5.217230687813784878e-03
9.033527580939144741e+01 5.618957230671092415e-03 5.060264186381923865e-03 4.794622558868923481e-03 5.240490567999614782e-03
9.090799578126654978e+01 -3.702954881283894873e-03 3.768990791721640345e-04 4.816870782413684195e-03 5.267671918939957794e-03
9.148071575314166637e+01 5.247003650486760894e-03 9.666107210955939520e-04 4.842092741524887597e-03 5.299254724682633116e-03
9.205343572501678295e+01 1.849059968243380340e-03 9.041670289359326346e-03 4.870712432544600096e-03 5.335823687634595920e-03
9.262615569689188533e+01 4.118014285801734412e-03 6.834035717994940001e-04 4.903243835713557222e-03 5.378093142428545109e-03
9.319887566876700191e+01 4.094219780554881651e-03 -7.945595562867400000e-04 4.940315948353731293e-03 5.426940737092144154e-03
9.377159564064210429e+01 2.460455862091804474e-03 5.470217979307296155e-03 4.982706765685126354e-03 5.483453272832300267e-03
9.434431561251722087e+01 1.276435802323374821e-02 7.001533914160643773e-03 5.031390184717451572e-03 5.548989824211945053e-03
9.491703558439232324e+01 2.224578458977322787e-03 -2.500407646575161097e-03 5.087601972028761056e-03 5.625269986968025986e-03
9.548975555626743983e+01 -3.590690554790190031e-04 2.420893807949776877e-03 5.152934533216040405e-03 5.714499525491110316e-03
9.606247552814254220e+01 9.665865979481325088e-03 -3.668508874774469020e-03 5.229476392730109113e-03 5.819553094849278484e-03
9.663519550001765879e+01 9.019792779555921985e-03 1.322460880604249198e-02 5.320023278013192441e-03 5.944246501317414048e-03
9.720791547189277537e+01 -1.912147156958129979e-03 7.669758492168883383e-03 5.428408112833714612e-03 6.093753853622726688e-03
9.778063544376787775e+01 1.367493286766335511e-02 1.054384862474441742e-02 5.560037108323933469e-03 6.275267561976422166e-03
9.835335541564299433e+01 1.399446978179379013e-03 1.509708026951941603e-02 5.722801921535401390e-03 6.499081991903742604e-03
9.892607538751809670e+01 5.527853990672052312e-03 2.432591818617279786e-02 5.928722875957373462e-03 6.780450558538855289e-03
9.949879535939321329e+01 7.503196742136545097e-03 2.836627649302339571e-02 6.197132511532621978e-03 7.142927815488806995e-03
1.000715153312683157e+02 1.010131652832177082e-02 3.965155279378767411e-02 6.561472785278471206e-03 7.624711192706110779e-03
1.006442353031434322e+02 1.917162546960406513e-02 4.455737031921202379e-02 7.085995617274412454e-03 8.291219646502458185e-03
1.012169552750185346e+02 3.087781896899051068e-02 5.195426348173186326e-02 7.917373272449569968e-03 9.259314974039374591e-03
1.017896752468936512e+02 5.932615245269139137e-02 1.197303899688228063e-01 9.497438148533165342e-03 1.072515801232667987e-02
1.023623952187687678e+02 1.927094551705674508e-01 2.230420167274801690e-01 1.312898316009687531e-02 1.287042981678946513e-02
1.029351151906438702e+02 5.947463464209252759e-01 3.414431439486528275e-01 1.960232259323702736e-02 1.534207420410220804e-02
1.035078351625189867e+02 1.040390538103478146e+00 4.286311977060811018e-01 2.439745564773176598e-02 1.679472698141767917e-02
1.040805551343940891e+02 8.007249217024255961e-01 3.831077265000868981e-01 2.190820885441232060e-02 1.606505045447324115e-02
1.046532751062692057e+02 3.159866556933436099e-01 2.557011836828866347e-01 1.520838657871876991e-02 1.376662190320193137e-02
1.052259950781443081e+02 1.233222399040041217e-01 1.578013239661378853e-01 1.046130490507447483e-02 1.141056008419439639e-02
1.057987150500194247e+02 3.924986778052898945e-02 8.978151995995309331e-02 8.351801320813596885e-03 9.709463127891553025e-03
1.063714350218945413e+02 3.097219478870138001e-02 5.072770573068953459e-02 7.332470693621960869e-03 8.587436921104271356e-03
1.069441549937696436e+02 1.117684876004932000e-02 3.779944230516044806e-02 6.721225147121066140e-03 7.827050180594511894e-03
1.075168749656447602e+02 2.550575071231634197e-02 2.186179945526381743e-02 6.307789867743385237e-03 7.284984241460377291e-03
1.080895949375198626e+02 -1.357990171855987666e-03 1.848037037055363582e-02 6.008003650913846735e-03 6.880967045971356916e-03
1.086623149093949792e+02 7.519195657972900342e-03 4.126856900264192982e-03 5.780234759538313734e-03 6.568997745775684294e-03
1.092350348812700815e+02 4.450925400204632995e-03 1.867137629426782880e-02 5.601192571448474974e-03 6.321253087291206149e-03
1.098077548531451981e+02 1.278855096663914122e-02 1.615512209164346458e-02 5.456732593440828324e-03 6.120015622751544260e-03
1.103804748250203147e+02 -2.422368023977661267e-03 1.739729414932668014e-02 5.337733993531810529e-03 5.953496732520028104e-03
1.109531947968954171e+02 -7.062978607462206543e-05 8.870204921698597242e-03 5.238037280029190015e-03 5.813558593037840110e-03
1.115259147687705337e+02 -1.632380450464833953e-03 1.503065179082354458e-03 5.153326491002513561e-03 5.694406936174980366e-03
1.120986347406456360e+02 5.353318569968751155e-03 2.784403134901771576e-03 5.080484568680064539e-03 5.591806309586872144e-03
1.126713547125207526e+02 4.900159297138651643e-03 1.461296559401748310e-02 5.017202649761311715e-03 5.502590196082451403e-03
1.132440746843958550e+02 -5.577884055774615796e-03 4.507639213080908737e-03 4.961733345877089411e-03 5.424344648222085598e-03
1.138167946562709716e+02 3.484081943489720362e-03 4.109400469466793597e-03 4.912729486272730643e-03 5.355197852569868779e-03
1.143895146281460740e+02 -1.147829064408861441e-03 6.680630343495787271e-03 4.869135570297656451e-03 5.293676482739557293e-03
1.149622346000211905e+02 8.268959756172216194e-03 2.687443908373776669e-05 4.830112815259363611e-03 5.238605377325293751e-03
1.155349545718963071e+02 2.548677165172866764e-03 1.458146756712403250e-03 4.794986235509631975e-03 5.189036039373586158e-03
1.161076745437714095e+02 7.924144753862306934e-03 8.468461526628758007e-03 4.763206534408723734e-03 5.144194744879684346e-03
1.166803945156465261e+02 1.599436561905966288e-03 6.724477655518937280e-03 4.734322178159060431e-03 5.103444263974583894e-03
1.172531144875216285e+02 3.401931010507360572e-03 2.537268300497829820e-03 4.707958607385473448e-03 5.066255205255820564e-03
1.178258344593967450e+02 -3.559900208047928234e-03 4.270238355275412373e-03 4.683802541600332221e-03 5.032184275732249842e-03
1.183985544312718474e+02 -4.887869940209276301e-03 7.605585642272766865e-03 4.661589975915903482e-03 5.000857585526488451e-03
1.189712744031469640e+02 -1.025601373213852517e-03 1.801442345275963523e-03 4.641096893587571062e-03 4.971957683217119971e-03
