# [0.         0.         5.79806031], [0.         0.         5.58613796], [0.         0.         5.91218323]
5.000000000000000000e+00 1.041839802562032069e-01 9.206826109480041598e-02 1.095125999333224631e-01 2.284221816838526431e-01 2.053419900384955421e-01 2.392737891759557645e-01
5.381174830779755780e+00 7.885248504291414440e-02 7.003126103235005062e-02 8.254782484510927998e-02 1.919504111274263625e-01 1.733351794211200336e-01 2.004360273192365149e-01
5.762349661559511560e+00 6.242667207977168481e-02 5.564307277338108315e-02 6.516891192814242006e-02 1.655681819348482353e-01 1.501097031250758496e-01 1.723662444345129552e-01
6.143524492339267340e+00 5.132960498022243190e-02 4.586519382140159112e-02 5.349006682749624098e-02 1.466870986491877471e-01 1.334804705051131080e-01 1.522379913540047869e-01
6.524699323119023120e+00 4.344894520040029628e-02 3.889136794803869923e-02 4.522930009645267924e-02 1.336019243049902105e-01 1.220019777633363639e-01 1.381868271974175111e-01
6.905874153898778900e+00 3.757102922011314183e-02 3.367610162371103416e-02 3.908369298223907107e-02 1.253253249273988956e-01 1.148381757187264263e-01 1.291216868435439147e-01
7.287048984678534680e+00 3.300115309453570400e-02 2.961623607006133932e-02 3.431247596848362169e-02 1.214517969855908874e-01 1.116515612850075834e-01 1.245728893531456299e-01
7.668223815458290460e+00 2.933312259709436667e-02 2.635639985246105224e-02 3.048539589339436390e-02 1.220541914687185148e-01 1.125145775781910135e-01 1.245815539321381282e-01
8.049398646238046240e+00 2.631907497205181537e-02 2.367831730142251970e-02 2.734142624589726289e-02 1.275866436460805498e-01 1.178213610344169548e-01 1.296034874665500380e-01
8.430573477017802020e+00 2.379926246577027463e-02 2.144063072895803154e-02 2.471306317088361668e-02 1.387497975973345510e-01 1.281631317652321134e-01 1.403806223968863953e-01
8.811748307797557800e+00 2.166490522496709870e-02 1.954679574392288732e-02 2.248656163571658220e-02 1.562720638332087408e-01 1.441300172517207823e-01 1.577282301595252789e-01
9.192923138577313580e+00 1.983835773333520944e-02 1.792779600930145475e-02 2.058085777928834667e-02 1.805823730426425744e-01 1.660224624856020958e-01 1.822051545008644968e-01
9.574097969357069360e+00 1.826213287198237903e-02 1.653250602931109758e-02 1.893598044523895491e-02 2.114006373511723991e-01 1.934998974694843721e-01 2.136844704673336315e-01
9.955272800136825140e+00 1.689249016308777551e-02 1.532202913792506289e-02 1.750631607279319255e-02 2.473431411374811817e-01 2.252540438126321154e-01 2.509171695287288339e-01
1.033644763091658092e+01 1.569546063161216323e-02 1.426617420972662101e-02 1.625644728898978375e-02 2.857016946134960933e-01 2.588430050375019054e-01 2.912530358306500422e-01
1.071762246169633670e+01 1.464424609990119808e-02 1.334114613105299302e-02 1.515843571503018572e-02 3.225639494270424179e-01 2.908237778014930441e-01 3.307042289573985383e-01
1.109879729247609248e+01 1.371744290692432366e-02 1.252796738594400688e-02 1.418996807008751811e-02 3.533644515628313609e-01 3.172494353900292552e-01 3.644678020929001394e-01
1.147997212325584826e+01 1.289778884991119208e-02 1.181136492938131624e-02 1.333304909264916745e-02 3.737991866069017566e-01 3.344626468402243646e-01 3.878630814918844205e-01
1.186114695403560404e+01 1.217125795612511788e-02 1.117896702317452626e-02 1.257305762147653029e-02 3.808617130860539324e-01 3.399730771230814463e-01 3.974470798875194277e-01
1.224232178481535982e+01 1.152639519939231694e-02 1.062071436945902572e-02 1.189805309412172302e-02 3.736580658738084537e-01 3.331287051071331606e-01 3.919441365636438523e-01
1.262349661559511560e+01 1.095382191934113347e-02 1.012842418696666830e-02 1.129826019018284784e-02 3.536989261784609373e-01 3.153339282226222395e-01 3.726470271508447452e-01
1.300467144637486960e+01 1.044586618869597881e-02 9.695466817591291350e-03 1.076568390591124517e-02 3.245472555791973357e-01 2.897228545454243465e-01 3.431246740825900088e-01
1.338584627715462538e+01 9.996287431559830808e-03 9.316527954421239752e-03 1.029382308642144694e-02 2.909356810451545483e-01 2.603934687524354086e-01 3.083269607341234675e-01
1.376702110793438116e+01 9.600074768450364213e-03 8.987438799460791342e-03 9.877461084573321143e-03 2.576474795230332404e-01 2.314540470132566696e-01 2.733872861874610538e-01
1.414819593871413694e+01 9.253305884956607857e-03 8.705063220692784223e-03 9.512519894975798862e-03 2.285024053914301023e-01 2.061674042626956693e-01 2.424967726901840481e-01
1.452937076949389272e+01 8.953058989706623796e-03 8.467236484178722669e-03 9.195970195982099832e-03 2.057051279326893023e-01 1.864054652319638850e-01 2.181497695497776890e-01
1.491054560027364850e+01 8.697375626421845196e-03 8.272755338956019194e-03 8.925795267933481214e-03 1.896632705728616697e-01 1.725003756178876690e-01 2.009004488873960825e-01
1.529172043105340428e+01 8.485277697579292344e-03 8.121425124918082647e-03 8.701012788237975915e-03 1.792388998604476091e-01 1.634604047941909666e-01 1.896072603707806281e-01
1.567289526183316006e+01 8.316849335796629508e-03 8.014177561108925749e-03 8.521766470800181889e-03 1.723040565904410404e-01 1.574426527350241134e-01 1.820282916347669422e-01
1.605407009261291762e+01 8.193405487483547411e-03 7.953285469856066423e-03 8.389511997612539990e-03 1.664297043802205334e-01 1.523405553631670128e-01 1.755756512708507577e-01
1.643524492339267340e+01 8.117788998514823690e-03 7.942723177302371193e-03 8.307344203553316056e-03 1.595335667695392257e-01 1.463399013945312632e-01 1.680288354706963305e-01
1.681641975417242918e+01 8.094877653555038535e-03 7.988765861661832265e-03 8.280558069764099374e-03 1.503382203876256484e-01 1.383169758584540943e-01 1.580374420936786761e-01
1.719759458495218496e+01 8.132468689481890320e-03 8.101016754310928769e-03 8.317636602378327554e-03 1.385483405177150573e-01 1.279991752659904447e-01 1.453117168067779019e-01
1.757876941573194074e+01 8.242903638635442481e-03 8.294265721617798820e-03 8.432089414865891891e-03 1.247402238824572573e-01 1.158788487490169938e-01 1.304962761125680326e-01
1.795994424651169652e+01 8.446236696467121149e-03 8.592062124028085682e-03 8.646088648502190874e-03 1.100438023636130247e-01 1.029456270962313125e-01 1.148194107097954414e-01
1.834111907729145230e+01 8.776683803462127093e-03 9.033895356368506005e-03 8.997955985285657071e-03 9.575253835931614443e-02 9.035146303588630079e-02 9.966922888808227299e-02
1.872229390807120808e+01 9.295848275158186819e-03 9.689773666366604740e-03 9.557620165995789341e-03 8.299660182136157915e-02 7.912526430329486216e-02 8.624464481813672034e-02
1.910346873885096386e+01 1.011892054375915923e-02 1.068890918446196298e-02 1.045727173846683171e-02 7.256444177622840830e-02 7.001307141483119334e-02 7.537138981869107024e-02
1.948464356963071964e+01 1.146275653968893173e-02 1.227216865323438842e-02 1.194736550687685618e-02 6.488654756956016567e-02 6.345906516156686605e-02 6.749428417904439204e-02
1.986581840041047542e+01 1.372404009546664833e-02 1.487730472358402868e-02 1.448670507203150479e-02 6.013647869087558606e-02 5.969081248239770099e-02 6.279369369802710599e-02
2.024699323119023120e+01 1.758481516382787158e-02 1.925441584325360972e-02 1.886163823900351144e-02 5.837664103124168280e-02 5.884562759421033823e-02 6.134552540387189223e-02
2.062816806196998698e+01 2.411371963759896542e-02 2.657802111571012232e-02 2.629492463531409724e-02 5.967801385418752824e-02 6.107339950078648910e-02 6.324721550904238709e-02
2.100934289274973921e+01 3.478444114947446680e-02 3.847128907825941163e-02 3.845147177410415673e-02 6.416151638562123116e-02 6.656520290395680217e-02 6.865299727832532839e-02
2.139051772352949499e+01 5.129032529144537250e-02 5.681042779588903885e-02 5.720365059486055143e-02 7.193430010075457792e-02 7.547940229266110468e-02 7.769056264711143855e-02
2.177169255430925077e+01 7.504546522398899966e-02 8.318653619990162840e-02 8.404125065181874965e-02 8.292641396330992232e-02 8.776832752676376470e-02 9.026833945988363417e-02
2.215286738508900655e+01 1.063819827990994255e-01 1.180282111461885275e-01 1.191578781991997626e-01 9.667463134527325141e-02 1.029513258135265341e-01 1.058305416924915504e-01
2.253404221586876233e+01 1.436800102685575897e-01 1.596341073828145274e-01 1.605055515785696330e-01 1.121438887418440833e-01 1.199262457138578764e-01 1.231662909190057859e-01
2.291521704664851811e+01 1.828905555554416473e-01 2.036147665278681684e-01 2.033456293060035280e-01 1.276995611387438945e-01 1.369366595419327925e-01 1.404012543577320693e-01
2.329639187742827389e+01 2.179352397786460394e-01 2.432834435974382259e-01 2.408148400507531817e-01 1.413161678285300704e-01 1.517853778356208772e-01 1.552622507564464516e-01
2.367756670820802967e+01 2.421493160696521485e-01 2.712038594297545013e-01 2.656316221891305562e-01 1.510196292254189776e-01 1.622943865356276938e-01 1.655990208041540901e-01
2.405874153898778545e+01 2.503633729920994311e-01 2.814807359518471941e-01 2.724223293070075491e-01 1.554412309278725979e-01 1.668875680852501542e-01 1.700125019930692483e-01
2.443991636976754123e+01 2.407380966698709768e-01 2.718333538010633266e-01 2.596521152092616802e-01 1.542766410099518370e-01 1.650822010176196397e-01 1.683510823697177139e-01
2.482109120054729701e+01 2.154531253696214677e-01 2.444447546211273858e-01 2.302029897223270838e-01 1.484516557112062762e-01 1.576811098219270957e-01 1.618582386972971521e-01
2.520226603132705279e+01 1.798939613656035663e-01 2.051498856795334891e-01 1.902987785455085012e-01 1.399051013182802949e-01 1.465698752155764895e-01 1.528862386211022883e-01
2.558344086210680857e+01 1.407563112414678130e-01 1.613805228574040629e-01 1.473309153072323019e-01 1.310527951769848432e-01 1.341860340244678262e-01 1.442615152242052723e-01
2.596461569288656435e+01 1.039894178241568407e-01 1.198675914685887606e-01 1.076327833457300098e-01 1.241139771219341437e-01 1.228526697095302239e-01 1.385084820414523021e-01
2.634579052366632013e+01 7.343653847999181972e-02 8.506879483155040111e-02 7.510728924602133594e-02 1.205138124700785573e-01 1.141996083683453622e-01 1.371642895524219363e-01
2.672696535444607591e+01 5.052508830541745100e-02 5.875122036779883289e-02 5.101927461482133608e-02 1.205299918560893829e-01 1.088360459701824962e-01 1.403663297551238642e-01
2.710814018522583169e+01 3.479917588367576614e-02 4.053325749969786951e-02 3.466411374876122303e-02 1.232690836120637068e-01 1.063372976682805254e-01 1.468145444132694932e-01
2.748931501600558747e+01 2.479998475205004438e-02 2.884938579897297281e-02 2.435195263928702919e-02 1.269713944601044420e-01 1.055134327375857883e-01 1.541270557741046265e-01
2.787048984678534325e+01 1.884835605661928579e-02 2.183433350660976546e-02 1.823803654787322162e-02 1.295595403270758950e-01 1.048593446516297850e-01 1.595136211006303872e-01
2.825166467756509903e+01 1.551512633676528294e-02 1.787097736212550636e-02 1.479559062774827953e-02 1.292705182032258260e-01 1.030459085493101584e-01 1.605858925877683141e-01
2.863283950834485481e+01 1.378494456822898680e-02 1.579427925680753145e-02 1.296055505200832160e-02 1.251699001250681231e-01 9.930499980751826550e-02 1.560467428094625963e-01
2.901401433912461059e+01 1.302818082176935253e-02 1.487284762702060364e-02 1.208167041884043204e-02 1.173771542146861691e-01 9.359862557681992989e-02 1.460172635701029731e-01
2.939518916990436637e+01 1.290011864192379919e-02 1.470144146108145512e-02 1.180368953080430244e-02 1.069415433302100815e-01 8.654304593857914396e-02 1.318952827659104765e-01
2.977636400068412215e+01 1.324266282451664473e-02 1.509152890515915932e-02 1.195971483361149730e-02 9.545257230213743949e-02 7.915309894987426764e-02 1.158373625351694913e-01
3.015753883146387793e+01 1.401955764781013213e-02 1.599754693597177022e-02 1.250099399337429099e-02 8.457018433853298600e-02 7.253417661043679021e-02 1.001074416097593595e-01
3.053871366224363371e+01 1.529244902116125467e-02 1.748886218304873674e-02 1.346813163980595598e-02 7.566511120158436743e-02 6.764946670373273019e-02 8.655658370403118695e-02
3.091988849302338949e+01 1.724304556753177703e-02 1.977388928436263349e-02 1.500539055903855196e-02 6.967866007060417866e-02 6.523614778719494245e-02 7.639377212954072405e-02
3.130106332380314527e+01 2.026028979716022749e-02 2.329703371655778010e-02 1.743246350401953665e-02 6.720243869174821749e-02 6.587327724231860360e-02 7.025625339339112985e-02
3.168223815458290105e+01 2.513221666980819044e-02 2.895108855387355101e-02 2.140749789646017448e-02 6.870107944001700717e-02 7.015202567889003427e-02 6.847644169594686858e-02
3.206341298536266038e+01 3.339056849817319955e-02 3.845550618634826362e-02 2.822447330723815845e-02 7.477461094643503281e-02 7.887586837709625875e-02 7.140635869819046688e-02
3.244458781614241616e+01 4.780945829883717635e-02 5.489786240203881063e-02 4.025016914003227281e-02 8.636033745879735657e-02 9.320880111384663436e-02 7.967621970272142917e-02
3.282576264692217194e+01 7.289875891003008701e-02 8.325931165580688353e-02 6.136846007582982127e-02 1.047750512026592168e-01 1.146744994397698031e-01 9.428580518178267256e-02
3.320693747770192772e+01 1.149466326171232067e-01 1.304351401340392014e-01 9.704835389380778166e-02 1.314918760230655015e-01 1.448937579205298309e-01 1.164362235483633046e-01
3.358811230848168350e+01 1.809054189493966569e-01 2.039864800194363670e-01 1.534147617798681529e-01 1.675703415884652325e-01 1.849735857105127557e-01 1.470346681943231482e-01
3.396928713926143928e+01 2.755511084157540314e-01 3.090192710171593138e-01 2.348015273984747908e-01 2.127729732960781939e-01 2.345857256687679249e-01 1.859030284533500221e-01
3.435046197004119506e+01 3.972511098023017162e-01 4.435766666133104663e-01 3.400430365280938116e-01 2.646235475251750291e-01 2.910046627880353287e-01 2.309160013064079087e-01
3.473163680082095084e+01 5.341943920826890402e-01 5.945731218705287979e-01 4.591006302635523006e-01 3.178959722322511894e-01 3.486120191835760940e-01 2.775068578746617831e-01
3.511281163160070662e+01 6.640117329580657035e-01 7.374407809216225740e-01 5.726035847072690199e-01 3.650659880482229891e-01 3.994087267370028393e-01 3.190274613370828183e-01
3.549398646238046240e+01 7.588937995256724856e-01 8.417476172231254106e-01 6.562185428011261257e-01 3.979379713697688281e-01 4.347388945283432449e-01 3.481709454640951606e-01
3.587516129316021818e+01 7.952429071916452541e-01 8.817143617955113255e-01 6.890824629050731343e-01 4.100360208873927714e-01 4.477888524759775501e-01 3.591049912434582381e-01
3.625633612393997396e+01 7.633755025514031844e-01 8.467614844922263240e-01 6.623971584974959192e-01 3.987819627757747676e-01 4.358504806907229634e-01 3.494418524003631288e-01
3.663751095471972974e+01 6.717906323631114285e-01 7.461487581007193448e-01 5.833214654137144350e-01 3.664145806157586005e-01 4.012751571918424798e-01 3.210938345433708707e-01
3.701868578549947841e+01 5.434152959274634043e-01 6.049052109568220370e-01 4.717932865216036831e-01 3.191796575965654137e-01 3.506363040360980232e-01 2.795730466277853710e-01
3.739986061627923419e+01 4.061088771160407673e-01 4.535129157118016896e-01 3.522211787394721183e-01 2.652043485617824325e-01 2.925232711725112011e-01 2.320953139788733688e-01
3.778103544705898997e+01 2.828351008323182203e-01 3.171969491919553463e-01 2.448040056830456668e-01 2.120810227082554067e-01 2.350186111991172666e-01 1.854105105551073773e-01
3.816221027783874575e+01 1.861625988657046593e-01 2.098856522061618435e-01 1.606303223126575863e-01 1.651614555115215599e-01 1.838939941187028027e-01 1.442672585491687198e-01
3.854338510861850153e+01 1.183147600940878258e-01 1.341972509250140000e-01 1.016802622754244961e-01 1.270166362250911007e-01 1.420079961776188893e-01 1.109277513297916989e-01
3.892455993939825731e+01 7.480613661725976637e-02 8.535493364488105916e-02 6.401669965560471964e-02 9.788436310807144269e-02 1.097387098278978512e-01 8.557314614234619310e-02
3.930573477017801309e+01 4.871964143138052261e-02 5.584169703625711800e-02 4.155885109080135337e-02 7.658238856624578761e-02 8.592082554729595090e-02 6.712651775898320627e-02
3.968690960095776887e+01 3.366684557603615707e-02 3.865313908556109596e-02 2.869678672660157248e-02 6.139108818406142920e-02 6.877181771515709918e-02 5.404472916462632615e-02
4.006808443173752465e+01 2.500624324071355764e-02 2.866166967954334940e-02 2.136498327525601301e-02 5.064388520316265990e-02 5.652603079787898305e-02 4.484417540692151732e-02
4.044925926251728043e+01 1.985467538062259119e-02 2.265683319444758773e-02 1.704828550693095884e-02 4.299789925129376966e-02 4.773729929282450463e-02 3.833793651402790659e-02
4.083043409329703621e+01 1.660593869708906073e-02 1.883401882333356550e-02 1.435362224511730830e-02 3.748208878694182095e-02 4.134451326867357585e-02 3.367400071960138797e-02
4.121160892407679199e+01 1.442336142582461081e-02 1.624361789639804446e-02 1.256096010483026375e-02 3.343825723442190451e-02 3.661850833520038234e-02 3.027925019404066956e-02
4.159278375485654777e+01 1.288092428745659171e-02 1.439675046870748584e-02 1.130717656782447879e-02 3.043495439870947880e-02 3.307513690631582598e-02 2.778097166594778455e-02
4.197395858563630355e+01 1.175676824615728110e-02 1.303600229827673283e-02 1.040519106935407397e-02 2.819237257005775127e-02 3.039662602170417269e-02 2.593944443496707525e-02
4.235513341641605933e+01 1.092865703019662259e-02 1.201808633041695842e-02 9.753063397324788705e-03 2.652850053817308248e-02 2.837384586877418971e-02 2.460016415212753702e-02
4.273630824719581511e+01 1.032469831278291610e-02 1.125787684978965184e-02 9.291535261947678898e-03 2.532423632899717322e-02 2.686818034627065643e-02 2.366321574086823268e-02
4.311748307797557089e+01 9.900528762684542711e-03 1.070217708793623837e-02 8.984589223232846561e-03 2.450195701882981747e-02 2.578769925865991366e-02 2.306466468270266038e-02
4.349865790875532667e+01 9.628449280123796417e-03 1.031706732160059606e-02 8.810308601922943114e-03 2.401272351473205530e-02 2.507268456412809279e-02 2.276559039376319787e-02
4.387983273953508245e+01 9.491992240806568573e-03 1.008148384094502588e-02 8.756381725198823449e-03 2.382885323259092622e-02 2.468704333551387589e-02 2.274584813255984064e-02
4.426100757031483823e+01 9.483148547402106554e-03 9.983857626554040049e-03 8.817874296149707039e-03 2.393991895686398141e-02 2.461348864687129545e-02 2.300085871845363936e-02
4.464218240109459401e+01 9.601092553963880283e-03 1.002045819535508052e-02 8.996292393200005025e-03 2.435114195967711531e-02 2.485132242487405468e-02 2.354054917667570621e-02
4.502335723187434979e+01 9.851940952620869343e-03 1.019487935832778108e-02 9.299563083207755196e-03 2.508375505999025507e-02 2.541629512724828677e-02 2.439012041515996668e-02
4.540453206265410557e+01 1.024943496853218151e-02 1.051849733886150301e-02 9.742870868110285743e-03 2.617737681496447658e-02 2.634249722390725676e-02 2.559275417301783845e-02
4.578570689343386135e+01 1.081669619762272959e-02 1.101200667296620660e-02 1.035053023996777670e-02 2.769491233526206325e-02 2.768670239711925815e-02 2.721483734820242043e-02
4.616688172421361713e+01 1.158952785825225970e-02 1.170845562066100826e-02 1.115938983075907658e-02 2.973113874617155927e-02 2.953617867045225942e-02 2.935494006476456127e-02
4.654805655499337291e+01 1.262231642720636204e-02 1.265875270449084121e-02 1.222485427526413988e-02 3.242713997684927574e-02 3.202187611670790496e-02 3.215884716323175879e-02
4.692923138577312869e+01 1.399890864611371549e-02 1.394183062004265838e-02 1.363197171710963003e-02 3.599433534110142718e-02 3.534023768663883264e-02 3.584465935747877668e-02
4.731040621655288447e+01 1.585420533028427531e-02 1.568469476807995977e-02 1.551755996671160334e-02 4.075402085936893209e-02 3.978860392979025745e-02 4.074443588776330283e-02
4.769158104733264025e+01 1.842105306065890472e-02 1.810544709535958502e-02 1.811872286250593503e-02 4.720035385923070093e-02 4.582051405038972680e-02 4.737133742977631123e-02
4.807275587811239603e+01 2.213863313973452387e-02 2.161138056642336255e-02 2.188629763456730742e-02 5.609388610008941844e-02 5.412575328872038655e-02 5.652095419784293473e-02
4.845393070889215181e+01 2.790229401341497162e-02 2.702237374743770432e-02 2.774913521917412446e-02 6.858318498735378743e-02 6.573088286984588025e-02 6.940595539632721245e-02
4.883510553967190759e+01 3.759326406991961300e-02 3.604047133938318576e-02 3.767912257075956700e-02 8.632471256156860895e-02 8.209227389752864201e-02 8.779386274529045464e-02
4.921628037045166337e+01 5.502323455894788523e-02 5.208312699407061791e-02 5.570478012002091917e-02 1.115182834379934707e-01 1.051102716450404567e-01 1.140589623398246266e-01
4.959745520123141915e+01 8.716102474298352554e-02 8.136442371013964669e-02 8.923329911325737773e-02 1.467037356503529955e-01 1.369368018385236363e-01 1.509772266988007594e-01
4.997863003201117493e+01 1.447502290382395862e-01 1.334472177892220557e-01 1.497210015576961317e-01 1.941168332384079209e-01 1.794144949824891255e-01 2.010355417138599277e-01
5.035980486279093071e+01 2.404024202523741272e-01 2.195874247991890793e-01 2.506255756747629015e-01 2.544741124933384002e-01 2.330484743146000737e-01 2.651024602886875581e-01
5.074097969357068649e+01 3.822212478776947919e-01 3.471394826635652020e-01 4.005515290218960578e-01 3.253589091075841933e-01 2.956600326011382118e-01 3.406452923072061378e-01
5.112215452435044227e+01 5.637478187597494417e-01 5.106489917902271580e-01 5.924736049188945586e-01 3.999024785875240906e-01 3.612953175781508652e-01 4.202644420573901640e-01
5.150332935513019805e+01 7.562046637275160466e-01 6.848184482890208313e-01 7.955168982613738393e-01 4.668795093309417443e-01 4.203102147609135142e-01 4.917920448039196368e-01
5.188450418590995383e+01 9.119533846009753031e-01 8.272469811135502171e-01 9.588605744945136733e-01 5.130971143301665816e-01 4.613639884567070082e-01 5.409271478603262517e-01
5.226567901668970961e+01 9.828011348524999802e-01 8.944055116498997871e-01 1.031510549285963529e+00 5.277446527952285305e-01 4.750690255222581038e-01 5.560203656864783905e-01
5.264685384746946539e+01 9.444476597630411252e-01 8.634680547539578255e-01 9.883730699857937729e-01 5.067865083393588987e-01 4.577295863653245145e-01 5.328643251847446916e-01
5.302802867824922117e+01 8.101889730300348980e-01 7.450866127215404200e-01 8.444875578386396020e-01 4.548767080195628143e-01 4.130622933613541381e-01 4.767108815823172807e-01
5.340920350902897695e+01 6.233234435496641801e-01 5.773351881930389728e-01 6.464028975929264620e-01 3.835172648800116990e-01 3.507681446703775352e-01 4.001563639953095719e-01
5.379037833980873273e+01 4.341814718568469122e-01 4.055277859959613429e-01 4.474426607274477052e-01 3.065104366020006688e-01 2.827491710113840262e-01 3.181193442249823367e-01
5.417155317058848851e+01 2.784148560639397307e-01 2.625311379608427087e-01 2.847863017233392968e-01 2.353020200493406433e-01 2.191094897814512554e-01 2.427955856930565925e-01
5.455272800136824429e+01 1.688624569643454310e-01 1.608813179603677535e-01 1.712725329238775906e-01 1.764268347607611809e-01 1.658451801638767820e-01 1.809799876404559471e-01
5.493390283214800007e+01 1.007625681699791526e-01 9.698379461177764060e-02 1.013086687799976127e-01 1.315592286682097101e-01 1.247406415225200960e-01 1.342326189550748228e-01
5.531507766292775585e+01 6.198087609231599238e-02 6.017079845298492491e-02 6.183334724455340214e-02 9.917320232878971964e-02 9.470206048238585805e-02 1.007451130903593145e-01
5.569625249370751163e+01 4.081643090860601064e-02 3.985263271312209504e-02 4.049438903718429600e-02 7.644646087983902882e-02 7.338141784575567816e-02 7.740950423934833680e-02
5.607742732448726741e+01 2.913422826861888915e-02 2.853014686742866290e-02 2.881595150222732160e-02 6.057196511901695446e-02 5.834475110340265475e-02 6.120613978914624109e-02
5.645860215526702319e+01 2.228101934545131599e-02 2.184590659331818799e-02 2.200669236515621907e-02 4.933349810515558903e-02 4.761946442707342547e-02 4.978734924829238129e-02
5.683977698604677897e+01 1.790206067962432299e-02 1.756245315467727316e-02 1.766982296665180197e-02 4.118380483360279537e-02 3.979977336566293405e-02 4.153414811872981754e-02
5.722095181682653475e+01 1.487134506039165631e-02 1.459571452090630689e-02 1.467176234311267161e-02 3.510998364053800891e-02 3.394971969702355319e-02 3.539740550672355879e-02
5.760212664760629053e+01 1.264402732842591706e-02 1.241573974328300488e-02 1.246899492787776134e-02 3.046447299808927381e-02 2.946283530737747389e-02 3.071181189895241803e-02
5.798330147838604631e+01 1.093762247918924312e-02 1.074610010026462795e-02 1.078139017530145918e-02 2.683144614708493636e-02 2.594573517095792245e-02 2.705272157582393894e-02
5.836447630916580209e+01 9.591290960038873631e-03 9.429055055271027760e-03 9.449874092577151274e-03 2.393830025860288480e-02 2.313867086525428149e-02 2.414293932513532359e-02
5.874565113994555787e+01 8.505325030560523941e-03 8.366812561181227736e-03 8.375898028734358319e-03 2.160146478371505890e-02 2.086583527487037917e-02 2.179636625230306143e-02
5.912682597072531365e+01 7.613850379127222803e-03 7.494807470472098811e-03 7.494344504909545603e-03 1.969405731224757247e-02 1.900523230150183776e-02 1.988467621914067479e-02
5.950800080150506943e+01 6.871324601627600004e-03 6.768436130052221666e-03 6.760179809294200939e-03 1.812647731353346503e-02 1.747039262738740717e-02 1.831745546396908869e-02
5.988917563228482521e+01 6.245187035148386939e-03 6.155830051439234972e-03 6.141196813835936817e-03 1.683453590686435908e-02 1.619909554998245210e-02 1.703011480880730830e-02
6.027035046306458099e+01 5.711538070676895271e-03 5.633610498385840243e-03 5.613749056064030497e-03 1.577204776411420678e-02 1.514627934406191472e-02 1.597637872328333541e-02
6.065152529384433677e+01 5.252452852330802627e-03 5.184251220053301933e-03 5.160097613514669397e-03 1.490616573744127545e-02 1.427953769059448277e-02 1.512358108404584893e-02
6.103270012462409255e+01 4.854240133750214146e-03 4.794370456550035679e-03 4.766690814224249298e-03 1.421450064801970010e-02 1.357629655276309036e-02 1.444979055243756326e-02
6.141387495540384833e+01 4.506276353101168995e-03 4.453588013583079618e-03 4.423011874224750881e-03 1.368351042958483067e-02 1.302217326058905354e-02 1.394224650662410740e-02
6.179504978618360411e+01 4.200203733249529246e-03 4.153739661664280700e-03 4.120786079027682382e-03 1.330792720334020296e-02 1.261027975266392973e-02 1.359688317391783210e-02
6.217622461696335989e+01 3.929366119116078221e-03 3.888324736921704942e-03 3.853422855617114930e-03 1.309121836788795790e-02 1.234143342136895943e-02 1.341896217538161504e-02
6.255739944774311567e+01 3.688404219546974946e-03 3.652110010848574288e-03 3.615615388611486281e-03 1.304732841359309420e-02 1.222544958492880439e-02 1.342510972884104412e-02
6.293857427852287145e+01 3.472960175166970101e-03 3.440840677874956819e-03 3.403048316477306264e-03 1.320431566358844407e-02 1.228398269145570404e-02 1.364747185051420376e-02
6.331974910930262723e+01 3.279458602259738894e-03 3.251026238141966392e-03 3.212181051210765380e-03 1.361111616865598103e-02 1.255585392296090612e-02 1.414142043348835115e-02
6.370092394008238301e+01 3.104942077001525674e-03 3.079779672078800535e-03 3.040084943759354709e-03 1.434967771497613551e-02 1.310653055649748169e-02 1.499945431122627973e-02
6.408209877086213169e+01 2.946945984368105984e-03 2.924695133946242712e-03 2.884319392258893975e-03 1.555596086539445116e-02 1.404422148574489479e-02 1.637552674606873940e-02
6.446327360164190168e+01 2.803402234886016864e-03 2.783753882886649995e-03 2.742836514161863058e-03 1.745329099661458924e-02 1.554466697666706879e-02 1.852431799730176049e-02
6.484444843242164325e+01 2.672564424109433873e-03 2.655251181624337931e-03 2.613907038988417912e-03 2.039523199134354869e-02 1.788132534225649398e-02 2.185305580204537079e-02
6.522562326320141324e+01 2.552949106765087760e-03 2.537738948093933109e-03 2.496062151346751818e-03 2.489307528466299865e-02 2.144072550958071172e-02 2.695780389641262709e-02
6.560679809398115481e+01 2.443289312040309788e-03 2.429980370155423227e-03 2.388047451957058930e-03 3.156043095258623254e-02 2.667221614665636620e-02 3.456489797891682675e-02
6.598797292476092480e+01 2.342497450021835577e-03 2.330913695850497010e-03 2.288786216571660030e-03 4.087213172229096914e-02 3.389950145215958610e-02 4.525325595194037293e-02
6.636914775554066637e+01 2.249635489118675079e-03 2.239623126092407396e-03 2.197349854531012274e-03 5.268995872231595212e-02 4.296805961712693578e-02 5.889486200145727796e-02
6.675032258632043636e+01 2.163890811066509004e-03 2.155315252174268975e-03 2.112933989789463930e-03 6.573017492257053618e-02 5.286656785658796348e-02 7.401540506107398554e-02
6.713149741710017793e+01 2.084556534610533356e-03 2.077299856640982875e-03 2.034838967665999598e-03 7.743069936222701788e-02 6.165614446454287939e-02 8.762174611819911751e-02
6.751267224787994792e+01 2.011015382560378453e-03 2.004974173438887029e-03 1.962453871205742818e-03 8.465821016481520078e-02 6.701161481533265962e-02 9.603099966282263589e-02
6.789384707865968949e+01 1.942726378125975931e-03 1.937809909780502209e-03 1.895243340073171027e-03 8.512166653297899288e-02 6.725830273502399204e-02 9.654938430144893724e-02
6.827502190943945948e+01 1.879213815181714252e-03 1.875342487336569431e-03 1.832736642018465692e-03 7.861400141758292937e-02 6.226469125811096017e-02 8.894864551176151490e-02
6.865619674021920105e+01 1.820058067424327455e-03 1.817162077957735307e-03 1.774518566064589402e-03 6.713029623352273489e-02 5.351591060272957445e-02 7.559781555768965711e-02
6.903737157099895683e+01 1.764887893315456686e-03 1.762906098950725716e-03 1.720221797572474938e-03 5.376655148606637041e-02 4.330932124941596489e-02 6.014243033387264847e-02
6.941854640177871261e+01 1.713373964462935536e-03 1.712252902064383955e-03 1.669520505407334115e-03 4.125802914048635334e-02 3.368965809853481652e-02 4.576999698136613448e-02
6.979972123255846839e+01 1.665223399953537050e-03 1.664916443924258907e-03 1.622124925752259752e-03 3.111723874373443707e-02 2.581217737690677874e-02 3.420742036796726310e-02
7.018089606333822417e+01 1.620175131965355050e-03 1.620641767467395329e-03 1.577776769516566271e-03 2.364392181211003030e-02 1.993552006045282154e-02 2.575821910940957055e-02
7.056207089411797995e+01 1.577995961616351873e-03 1.579201156764903054e-03 1.536245313592048047e-03 1.842684598683490965e-02 1.577879786617806396e-02 1.991025726918966426e-02
7.094324572489773573e+01 1.538477190578304557e-03 1.540390853562828479e-03 1.497324062530001106e-03 1.484920410654662869e-02 1.289207959450578388e-02 1.593144093617000420e-02
7.132442055567749151e+01 1.501431735103775063e-03 1.504028244487144207e-03 1.460827888130387204e-03 1.237052793394950549e-02 1.087021777023693646e-02 1.319285958141512560e-02
7.170559538645724729e+01 1.466691645989715497e-03 1.469949444330976001e-03 1.426590571151748442e-03 1.060655646054368961e-02 9.418997324713407338e-03 1.125383878749340941e-02
7.208677021723700307e+01 1.434105971558521106e-03 1.438007214073855691e-03 1.394462682780521750e-03 9.309739898015680082e-03 8.345388499565219512e-03 9.833865865068054310e-03
7.246794504801675885e+01 1.403538911683537222e-03 1.408069162965644308e-03 1.364309754342316007e-03 8.326138371820815745e-03 7.527529432944391960e-03 8.760168320648431886e-03
7.284911987879651463e+01 1.374868219767766929e-03 1.380016192675417907e-03 1.336010692536378826e-03 7.559671905573116940e-03 6.888495647781225049e-03 7.925685387352363748e-03
7.323029470957627041e+01 1.347983816825445037e-03 1.353741148572182437e-03 1.309456404647612584e-03 6.948933806122626136e-03 6.378765041274647545e-03 7.262342717561282718e-03
7.361146954035602619e+01 1.322786587747239173e-03 1.329147648992784351e-03 1.284548604065724898e-03 6.453490427660595399e-03 5.965632362159938550e-03 6.725480790190639310e-03
7.399264437113578197e+01 1.299187334710598255e-03 1.306149068116398528e-03 1.261198771275485802e-03 6.045977056152508980e-03 5.627015131545495819e-03 6.284961378074532985e-03
7.437381920191553775e+01 1.277105866731960892e-03 1.284667652004442377e-03 1.239327249478338298e-03 5.707499716502411648e-03 5.347831619356153109e-03 5.920031005383907807e-03
7.475499403269529353e+01 1.256470207709628126e-03 1.264633750638255363e-03 1.218862457324693983e-03 5.424922456136444145e-03 5.117886410212497961e-03 5.616307389836408016e-03
7.513616886347504931e+01 1.237215908104421797e-03 1.245985151520836477e-03 1.199740204006196622e-03 5.189281163490117726e-03 4.930695095063606856e-03 5.364027467016703465e-03
7.551734369425480509e+01 1.219285447753653238e-03 1.228666502704709677e-03 1.181903094280886257e-03 4.994943988961521135e-03 4.782982417567976582e-03 5.157131143975843962e-03
7.589851852503456087e+01 1.202627719295923337e-03 1.212628815047199103e-03 1.165300012964209974e-03 4.839372630265851433e-03 4.674793130465441406e-03 4.993024182247678307e-03
7.627969335581431665e+01 1.187197583367693640e-03 1.197829035143374403e-03 1.149885680082319032e-03 4.723506919952193996e-03 4.610309740432179913e-03 4.873066526373279715e-03
7.666086818659407243e+01 1.172955488172645585e-03 1.184229681799688723e-03 1.135620269305751473e-03 4.652876179140357296e-03 4.599501211791034126e-03 4.803962573789390296e-03
7.704204301737382821e+01 1.159867147267054860e-03 1.171798540132408138e-03 1.122469083506248211e-03 4.639278652669500194e-03 4.660252382456436457e-03 4.800013413767042006e-03
7.742321784815358399e+01 1.147903270486399152e-03 1.160508408441286634e-03 1.110402282344447435e-03 4.701635471948405719e-03 4.818857930382760592e-03 4.884846731522751208e-03
7.780439267893333977e+01 1.137039343891743919e-03 1.150336893951528104e-03 1.099394657732484645e-03 4.861993838843745551e-03 5.103449112342953869e-03 5.087961702782047187e-03
7.818556750971309555e+01 1.127255455465941839e-03 1.141266254362400439e-03 1.089425453849574227e-03 5.130770458893292064e-03 5.523346268233045309e-03 5.428190207503478214e-03
7.856674234049285133e+01 1.118536164062301774e-03 1.133283282911689855e-03 1.080478229143067752e-03 5.480875021918836174e-03 6.035900394052433338e-03 5.881199116384327671e-03
7.894791717127260711e+01 1.110870409822618896e-03 1.126379235381751685e-03 1.072540758442143589e-03 5.827500582710906651e-03 6.524329025099820378e-03 6.349138813746427711e-03
7.932909200205236289e+01 1.104251464955414552e-03 1.120549798153544540e-03 1.065604973963990131e-03 6.043967170623805799e-03 6.823880028902359722e-03 6.672177981754772585e-03
7.971026683283211867e+01 1.098676924415956579e-03 1.115795097076784700e-03 1.059666944619547854e-03 6.023856686188499426e-03 6.803851602230764906e-03 6.703134261571698678e-03
8.009144166361187445e+01 1.094148736673330492e-03 1.112119747583750068e-03 1.054726893643119544e-03 5.748910629163186264e-03 6.450330461627243155e-03 6.400715782656832102e-03
8.047261649439163023e+01 1.090673275402460939e-03 1.109532947147746180e-03 1.050789255192912915e-03 5.301316631788782242e-03 5.875343800930249091e-03 5.858090165050645719e-03
8.085379132517138601e+01 1.088261453617137215e-03 1.108048611891879762e-03 1.047862771213411591e-03 4.808316575597813315e-03 5.243580298225673612e-03 5.238534473256137823e-03
8.123496615595114179e+01 1.086928882481127045e-03 1.107685559907778091e-03 1.045960630531994531e-03 4.371335308736237595e-03 4.684109300512692524e-03 4.680190569659399384e-03
8.161614098673089757e+01 1.086696077817589888e-03 1.108467744667396239e-03 1.045100652899438268e-03 4.033811786624102655e-03 4.252052158619501303e-03 4.246654409678233058e-03
8.199731581751065335e+01 1.087588718203688371e-03 1.110424542826740635e-03 1.045305521496973705e-03 3.792831974567116658e-03 3.944061221360321140e-03 3.937900128428370623e-03
8.237849064829040913e+01 1.089637959512338578e-03 1.113591101754605106e-03 1.046603068344675305e-03 3.625947054287097845e-03 3.731901709098193933e-03 3.725467389078906347e-03
8.275966547907016491e+01 1.092880811875493333e-03 1.118008753303108456e-03 1.049026618084104726e-03 3.510070201437173916e-03 3.586116287197651381e-03 3.578839068699937558e-03
8.314084030984992069e+01 1.097360586327737796e-03 1.123725501706942381e-03 1.052615396804561232e-03 3.428264947730955223e-03 3.484750155885315941e-03 3.475426675979306160e-03
8.352201514062967647e+01 1.103127419887014668e-03 1.130796595099368973e-03 1.057415013975646296e-03 3.369722834096091583e-03 3.413555178545903297e-03 3.400854250116633164e-03
8.390318997140943225e+01 1.110238889591642474e-03 1.139285192019427783e-03 1.063478027186221019e-03 3.327876285920741087e-03 3.363735964183497875e-03 3.346451511280208561e-03
8.428436480218918803e+01 1.118760728101682355e-03 1.149263136523404755e-03 1.070864601328897414e-03 3.298739506940964218e-03 3.329881451512117438e-03 3.306995326213073988e-03
8.466553963296894381e+01 1.128767655965061487e-03 1.160811858186817274e-03 1.079643276181242945e-03 3.279849838504578750e-03 3.308608067960206681e-03 3.279270673286394881e-03
8.504671446374869959e+01 1.140344348640374983e-03 1.174023416493929790e-03 1.089891859108562885e-03 3.269658625194269558e-03 3.297761224608183796e-03 3.261250233534491484e-03
8.542788929452845537e+01 1.153586559978722528e-03 1.189001712988702227e-03 1.101698462959336145e-03 3.267187498180236602e-03 3.295956459382235002e-03 3.251636478048177022e-03
8.580906412530821115e+01 1.168602428246926558e-03 1.205863899266154107e-03 1.115162713282667577e-03 3.271831359246840393e-03 3.302312558506883492e-03 3.249601643161679262e-03
8.619023895608796693e+01 1.185513996114853164e-03 1.224742014621389404e-03 1.130397153944006847e-03 3.283242513060361575e-03 3.316292638725109893e-03 3.254635740668680548e-03
8.657141378686772271e+01 1.204458982572688842e-03 1.245784894205775178e-03 1.147528886275420547e-03 3.301260965791888609e-03 3.337607354608548935e-03 3.266455262844742639e-03
8.695258861764747849e+01 1.225592852800326624e-03 1.269160397199664515e-03 1.166701484356963414e-03 3.325872015042541981e-03 3.366155082174607845e-03 3.284947325564723485e-03
8.733376344842723427e+01 1.249091241979381327e-03 1.295058015227687357e-03 1.188077238255553147e-03 3.357180684624359347e-03 3.401984972782261252e-03 3.310135390915375231e-03
8.771493827920699005e+01 1.275152801434870824e-03 1.323691934571059750e-03 1.211839788524627683e-03 3.395397071879890580e-03 3.445274770167139171e-03 3.342158739487430079e-03
8.809611310998674583e+01 1.304002550989671059e-03 1.355304642393718832e-03 1.238197229613125514e-03 3.440829177081934902e-03 3.496318640724445283e-03 3.381261164936741337e-03
8.847728794076650161e+01 1.335895840889235985e-03 1.390171188140677241e-03 1.267385777859013959e-03 3.493881227218960991e-03 3.555522213640195574e-03 3.427786244443709572e-03
8.885846277154625739e+01 1.371123051264424696e-03 1.428604237733050245e-03 1.299674122521780493e-03 3.555056377970091872e-03 3.623403203221892306e-03 3.482177657674582691e-03
8.923963760232601317e+01 1.410015188381585427e-03 1.470960091826000252e-03 1.335368607260083986e-03 3.624963235866665318e-03 3.700596732958888035e-03 3.544983728169107725e-03
8.962081243310576895e+01 1.452950576931035442e-03 1.517645882418516704e-03 1.374819426481298408e-03 3.704326029522899723e-03 3.787864988959109645e-03 3.616865831817405678e-03
9.000198726388552473e+01 1.500362899084643417e-03 1.569128217473318146e-03 1.418428068629232078e-03 3.793998556712775087e-03 3.886111209256649587e-03 3.698610663749316973e-03
9.038316209466528051e+01 1.552750897747249030e-03 1.625943614941740244e-03 1.466656300191242083e-03 3.894982294383056952e-03 3.996398332849594205e-03 3.791146642196231535e-03
9.076433692544503629e+01 1.610690148441158145e-03 1.688711161185726950e-03 1.520037064718998947e-03 4.008449317364515610e-03 4.119972934306017492e-03 3.895564998908128754e-03
9.114551175622479207e+01 1.674847418634738778e-03 1.758147951818296107e-03 1.579187776976072148e-03 4.135770957977079158e-03 4.258295392437886490e-03 4.013146393755860804e-03
9.152668658700454785e+01 1.745998284840805798e-03 1.835088035974043099e-03 1.644826632499843356e-03 4.278553481655953013e-03 4.413077618405961480e-03 4.145394226664297736e-03
9.190786141778430363e+01 1.825048880206570079e-03 1.920505802755415178e-03 1.717792740098972011e-03 4.438682485926571768e-03 4.586330136346729487e-03 4.294076236002963669e-03
9.228903624856405941e+01 1.913062918079644738e-03 2.015545042045656984e-03 1.799071137117507413e-03 4.618378293097927245e-03 4.780420913475929082e-03 4.461276509566667638e-03
9.267021107934381519e+01 2.011295508098981041e-03 2.121555311096074477e-03 1.889824090510138247e-03 4.820265357134783345e-03 4.998149136914313562e-03 4.649460746255934009e-03
9.305138591012357097e+01 2.121235791237592334e-03 2.240137786879359966e-03 1.991430558342696493e-03 5.047459721232322796e-03 5.242838215183925898e-03 4.861558568670731363e-03
9.343256074090332675e+01 2.244661128392076276e-03 2.373203546158142094e-03 2.105536341238053305e-03 5.303679958188094352e-03 5.518453763722760801e-03 5.101068006803353289e-03
9.381373557168308253e+01 2.383706572046135914e-03 2.523048285762922397e-03 2.234118373308316766e-03 5.593388967058801446e-03 5.829754391605007462e-03 5.372189108481798502e-03
9.419491040246283831e+01 2.540954765709019843e-03 2.692449018356054061e-03 2.379567910614733325e-03 5.921976734286565382e-03 6.182486001945127277e-03 5.679996217657333653e-03
9.457608523324259409e+01 2.719553455699337628e-03 2.884790474019074784e-03 2.544799261123699419e-03 6.295998069334981899e-03 6.583634444864606625e-03 6.030662151358326915e-03
9.495726006402234987e+01 2.923370782760982556e-03 3.104232147965053142e-03 2.733393457657687115e-03 6.723484967388687443e-03 7.041757322306180927e-03 6.431752843953640261e-03
9.533843489480210565e+01 3.157202951547473206e-03 3.355931702612016242e-03 2.949790370698835221e-03 7.214361528863907393e-03 7.567424476617110041e-03 6.892618861658049260e-03
9.571960972558186143e+01 3.427055569580273603e-03 3.646347635725861579e-03 3.199548944413721247e-03 7.781001695118220859e-03 8.173809684642711210e-03 7.424921867591488360e-03
9.610078455636161721e+01 3.740530249637974512e-03 3.983655213723880616e-03 3.489704760138317464e-03 8.438988731812183466e-03 8.877495719182858236e-03 8.043351815670283719e-03
9.648195938714137299e+01 4.107364253924329113e-03 4.378327087041167243e-03 3.829269086613800929e-03 9.208164178438196096e-03 9.699585162161860480e-03 8.766617962229777614e-03
9.686313421792112877e+01 4.540196964386825421e-03 4.843957992347853493e-03 4.229937604186402751e-03 1.011409923353760384e-02 1.066725675549026059e-02 9.618839762436463478e-03
9.724430904870088455e+01 5.055679815590152261e-03 5.398459063158428557e-03 4.707116578285994515e-03 1.119019419367494120e-02 1.181598297404650930e-02 1.063153281181588444e-02
9.762548387948064033e+01 5.676118954169856803e-03 6.065825427639679260e-03 5.281441345924060664e-03 1.248073091309191869e-02 1.319274878976261015e-02 1.184649869069400244e-02
9.800665871026039611e+01 6.431966961074345873e-03 6.878817508391907309e-03 5.981079347689240502e-03 1.404540430241105024e-02 1.486082012692096881e-02 1.332011949902878710e-02
9.838783354104015189e+01 7.365710521632613111e-03 7.883144487995910957e-03 6.845322863389800665e-03 1.596620695052164071e-02 1.690696971544719887e-02 1.512989102086197482e-02
9.876900837181990767e+01 8.538137117028518283e-03 9.144207603965330555e-03 7.930379433351878241e-03 1.835816161811786029e-02 1.945270445733813386e-02 1.738462456717791357e-02
9.915018320259966345e+01 1.003883059162358378e-02 1.075839301146877362e-02 9.319068424012727503e-03 2.138653854704723398e-02 2.267219962373351674e-02 2.024084959176911114e-02
9.953135803337941923e+01 1.200457190983560303e-02 1.287286697961346517e-02 1.113781909454221106e-02 2.529536565963979439e-02 2.682182668092258568e-02 2.393005734592709363e-02
9.991253286415917501e+01 1.465345679482306547e-02 1.572226699146971052e-02 1.358818595857722543e-02 3.045629287425910547e-02 3.229036296552622448e-02 2.880559413106334107e-02
1.002937076949389308e+02 1.835280085534386416e-02 1.970168216458787619e-02 1.700958128355449517e-02 3.745536478013596071e-02 3.968714204264377210e-02 3.542645797622399895e-02
1.006748825257186866e+02 2.376767038867998519e-02 2.552606154899789495e-02 2.201656857296699007e-02 4.725192184210921797e-02 5.000070787686211604e-02 4.471225047331352925e-02
1.010560573564984423e+02 3.223237494009194987e-02 3.462736229810058769e-02 2.984305165753411981e-02 6.147214647689357159e-02 6.488385415065386908e-02 5.823404749449617723e-02
1.014372321872781981e+02 4.686607849758737954e-02 5.033317317120697409e-02 4.338507250389980752e-02 8.291794692662594890e-02 8.712406345473061586e-02 7.873326255391395467e-02
1.018184070180579539e+02 7.642551039077673247e-02 8.183141095268044174e-02 7.088154812151792328e-02 1.162136597193206833e-01 1.211725584793081900e-01 1.108267461941978976e-01
1.021995818488377097e+02 1.468109237291324587e-01 1.555368068348687016e-01 1.373037874963456695e-01 1.676195443784585515e-01 1.727367103994288111e-01 1.609794748451044977e-01
1.025807566796174655e+02 3.156561574271981030e-01 3.281674429533498749e-01 3.000228401228469677e-01 2.410166773677655250e-01 2.447157990900969970e-01 2.336617645059845538e-01
1.029619315103972212e+02 6.297809978097844708e-01 6.421818268885917114e-01 6.091114740142534734e-01 3.274708611381323964e-01 3.276307016096297597e-01 3.206285095488220493e-01
1.033431063411769770e+02 9.734880211672267691e-01 9.791758629841230688e-01 9.539284015434580377e-01 3.969384958512637840e-01 3.929360940448444750e-01 3.916447145469219016e-01
1.037242811719567328e+02 1.062596916157529936e+00 1.062397867909599558e+00 1.048339724049248689e+00 4.126960854796421496e-01 4.070528913685882433e-01 4.086150227643448041e-01
1.041054560027364886e+02 8.059315533643774954e-01 8.077408691785987749e-01 7.947878950344237081e-01 3.650637616291755871e-01 3.615966684951172350e-01 3.609055520271785555e-01
1.044866308335162444e+02 4.482149252574192944e-01 4.544127619194633927e-01 4.382451831713069512e-01 2.818042589448408464e-01 2.821559880842915424e-01 2.769407878201562978e-01
1.048678056642960001e+02 2.103116397187629605e-01 2.172352764033371464e-01 2.024201119525805559e-01 1.997977741256314888e-01 2.028842003932185833e-01 1.946970793788541931e-01
1.052489804950757559e+02 1.020258889346830206e-01 1.072705425318653538e-01 9.663397273501986295e-02 1.379182206757769147e-01 1.419386798210369172e-01 1.332778226155051926e-01
1.056301553258555117e+02 5.804469278496240947e-02 6.161868435361086277e-02 5.447726181369302173e-02 9.679135987572468069e-02 1.006348933665290463e-01 9.292916996212370606e-02
1.060113301566352675e+02 3.805386063079393283e-02 4.054460848790628069e-02 3.558647175975934718e-02 7.039439389053689378e-02 7.368594725652821698e-02 6.729289210289463030e-02
1.063925049874150233e+02 2.723609086234647994e-02 2.906062149930550148e-02 2.543171797292088920e-02 5.316336251949866504e-02 5.588457966073247241e-02 5.068293017696323677e-02
1.067736798181947790e+02 2.059836628358820837e-02 2.199318110183805589e-02 1.921880954138810091e-02 4.150112219770071831e-02 4.373954984163590937e-02 3.949812857329879773e-02
1.071548546489745348e+02 1.618740805021848597e-02 1.728922886101838877e-02 1.509666887435287888e-02 3.330088758018683037e-02 3.515383680490798135e-02 3.166071483130451086e-02
1.075360294797542906e+02 1.309130211038377241e-02 1.398412004220147241e-02 1.220627225590084630e-02 2.733435136277717961e-02 2.888357768488081581e-02 2.597190741887977355e-02
1.079172043105340464e+02 1.082801320158870324e-02 1.156632790125856555e-02 1.009491832698733091e-02 2.286418150701215179e-02 2.417334454360904258e-02 2.171724615597341382e-02
1.082983791413138022e+02 9.120245208697487158e-03 9.741019623110178105e-03 8.502677593349704591e-03 1.943095103311395788e-02 2.054862146336007556e-02 1.845378618215232427e-02
1.086795539720935579e+02 7.798264969293112851e-03 8.327484837332758266e-03 7.270658576106829064e-03 1.673780422989440755e-02 1.770102453435488596e-02 1.589636135844896964e-02
1.090607288028733137e+02 6.753046945851077544e-03 7.209530946990130862e-03 6.296901742076280346e-03 1.458653010348093422e-02 1.542375934209977775e-02 1.385508488494105808e-02
1.094419036336530695e+02 5.911784861435473958e-03 6.309505435375695540e-03 5.513372775491955265e-03 1.284089045913543170e-02 1.357422022770416771e-02 1.219971514448498634e-02
1.098230784644328253e+02 5.224270261190729243e-03 5.573824588311320459e-03 4.873183737439206603e-03 1.140482715191191813e-02 1.205159994683278543e-02 1.083857536756474040e-02
1.102042532952125811e+02 4.654925830765624557e-03 4.964500118038154067e-03 4.343127575425818551e-03 1.020907563948399675e-02 1.078305918203141707e-02 9.705649573788570697e-03
1.105854281259923368e+02 4.177948321811349175e-03 4.453968477717477545e-03 3.899130718331882475e-03 9.202690886500889539e-03 9.714933223200458365e-03 8.752436064737169341e-03
1.109666029567720926e+02 3.774241498000884681e-03 4.021823351795031365e-03 3.523383700927527548e-03 8.347535597411670158e-03 8.806992721301172902e-03 7.942660324067572081e-03
1.113477777875518484e+02 3.429420120591858846e-03 3.652687872274771024e-03 3.202474962269150505e-03 7.614606890823203723e-03 8.028607974943787265e-03 7.248757742512049011e-03
1.117289526183316042e+02 3.132476435459219822e-03 3.334792328535250705e-03 2.926144722328584413e-03 6.981534023595846808e-03 7.356129952300219897e-03 6.649481222935035504e-03
1.121101274491113600e+02 2.874868487153297777e-03 3.059001350466893782e-03 2.686433433149449258e-03 6.430839845577196630e-03 6.771067115693362413e-03 6.128241074146309302e-03
1.124913022798911157e+02 2.649883944214886412e-03 2.818134812356839266e-03 2.477087805963229528e-03 5.948711101663904481e-03 6.258793733520777447e-03 5.671932057684207426e-03
1.128724771106708715e+02 2.452187985400262893e-03 2.606485051371304311e-03 2.293138838160941814e-03 5.524114410809602589e-03 5.807619981856652382e-03 5.270090942663520003e-03
1.132536519414506273e+02 2.277496663743829811e-03 2.419467970271929006e-03 2.130597048450159816e-03 5.148151269573755795e-03 5.408112646151520819e-03 4.914282339915570369e-03
1.136348267722303831e+02 2.122337383622584402e-03 2.253367121664917334e-03 1.986229054613538464e-03 4.813581031103113077e-03 5.052592196948193712e-03 4.597644803843197424e-03
1.140160016030101389e+02 1.983870862231020080e-03 2.105143439011785550e-03 1.857391544517585005e-03 4.514463695829345341e-03 4.734755831794832011e-03 4.314551150651206590e-03
1.143971764337898946e+02 1.859757143736570899e-03 1.972292015632774644e-03 1.741906356688841754e-03 4.245889336231874894e-03 4.449391705567925723e-03 4.060351302484134332e-03
1.147783512645696504e+02 1.748053613355618095e-03 1.852733067965509376e-03 1.637965415143936062e-03 4.003770960714824780e-03 4.192160002273716268e-03 3.831175521974864839e-03
1.151595260953494062e+02 1.647136551550207198e-03 1.744728051492567015e-03 1.544057620718924549e-03 3.784684377427665475e-03 3.959423571855318416e-03 3.623782361315640473e-03
1.155407009261291620e+02 1.555640207824224470e-03 1.646814500246230857e-03 1.458912079862937153e-03 3.585743258290494638e-03 3.748115717969558152e-03 3.435440081922932522e-03
1.159218757569089178e+02 1.472409054570852222e-03 1.557754954764999002e-03 1.381453621722805334e-03 3.404500833181286525e-03 3.555636111906504068e-03 3.263833383504099409e-03
1.163030505876886735e+02 1.396460055921676987e-03 1.476496597151667409e-03 1.310767650913260800e-03 3.238871921216744318e-03 3.379768199944996766e-03 3.106989453101162164e-03
1.166842254184684293e+02 1.326952617728422183e-03 1.402139099379042051e-03 1.246072159204582438e-03 3.087070630429269904e-03 3.218613179673002547e-03 2.963218892977630744e-03
1.170654002492481851e+02 1.263164480054500055e-03 1.333908826704888976e-03 1.186695274845082221e-03 2.947560228824818145e-03 3.070536854095645349e-03 2.831068202348961324e-03
1.174465750800279409e+02 1.204472244580668486e-03 1.271137998482263108e-03 1.132057130386780481e-03 2.819012543750057213e-03 2.934126571938932421e-03 2.709281300973362134e-03
1.178277499108076967e+02 1.150335544686629076e-03 1.213247745579932408e-03 1.081655124055794876e-03 2.700274874944192088e-03 2.808156125087410068e-03 2.596768180649114757e-03
1.182089247415874524e+02 1.100284098944398882e-03 1.159734252580393605e-03 1.035051866993348148e-03 2.590342873392822293e-03 2.691556966482883204e-03 2.492579214613772909e-03
1.185900995723672082e+02 1.053907062442999967e-03 1.110157358548607975e-03 9.918652706529585729e-04 2.488338187744319752e-03 2.583394480896442601e-03 2.395883987270171992e-03
1.189712744031469640e+02 1.010844220957918304e-03 1.064131129758555741e-03 9.517603503987444790e-04 2.393489944109115919e-03 2.482848319887436591e-03 2.305953757627321899e-03
