# Pm3+ 10 200
5.000000000000000000e+00 -1.969070520253287347e-03 4.383875093062547003e-03 4.218951179669721240e-03 4.379196408839072102e-03
7.521024430701208630e+00 -3.297012692395973228e-03 1.377738024911353892e-03 4.221107648865447468e-03 4.382930411219925458e-03
1.004204886140241726e+01 -4.290718673018929438e-03 -4.934104049442450922e-03 4.223307164763915982e-03 4.386738927932258211e-03
1.256307329210362411e+01 3.623929891936627980e-03 3.965109080530881090e-03 4.225551033659286429e-03 4.390624219252585794e-03
1.508409772280483274e+01 1.911788628219099123e-03 -2.798744630261024071e-03 4.227840615420547926e-03 4.394588638108821478e-03
1.760512215350604137e+01 -2.338400918827475070e-03 3.851629122947677723e-03 4.230177326276014782e-03 4.398634634892610931e-03
2.012614658420724822e+01 2.190674298903905193e-04 4.133249644395287428e-03 4.232562641773915738e-03 4.402764762575769007e-03
2.264717101490845863e+01 -1.454931845263300778e-03 -8.732652875941947918e-05 4.234998099932250210e-03 4.406981682153549712e-03
2.516819544560966548e+01 5.278784843004986037e-03 1.910055307839319703e-03 4.237485304592242090e-03 4.411288168439459617e-03
2.768921987631087234e+01 1.987597976224600904e-04 7.564966532254031872e-04 4.240025928990954172e-03 4.415687116238473445e-03
3.021024430701208274e+01 7.027231825094524056e-03 -3.353043088448787786e-03 4.242621719570020128e-03 4.420181546927913138e-03
3.273126873771329315e+01 6.249935141160616915e-03 8.970759919260225257e-03 4.245274500038989651e-03 4.424774615477849483e-03
3.525229316841449645e+01 -2.468948412169585677e-03 -2.763465435682954229e-04 4.247986175713421714e-03 4.429469617945804016e-03
3.777331759911570686e+01 1.431294671278511349e-03 -5.123107380944375878e-03 4.250758738149748237e-03 4.434269999483682681e-03
4.029434202981691726e+01 -3.134637097069117081e-03 1.458460829397343088e-03 4.253594270100957524e-03 4.439179362898437557e-03
4.281536646051812056e+01 -3.711819325454407664e-03 4.175815301267735841e-03 4.256494950819414945e-03 4.444201477811817076e-03
4.533639089121933097e+01 5.195519929836855955e-03 6.097280116251132913e-03 4.259463061735652839e-03 4.449340290468894142e-03
4.785741532192054137e+01 3.857386557436138022e-03 1.332842872682646947e-03 4.262500992544715483e-03 4.454599934249864161e-03
5.037843975262174467e+01 3.482120629216463661e-03 2.764588532402988130e-03 4.265611247734774417e-03 4.459984740944875070e-03
5.289946418332295508e+01 3.841323714604767941e-03 -2.909216881335858953e-04 4.268796453596116446e-03 4.465499252857608493e-03
5.542048861402416549e+01 -7.872060280293680795e-03 3.906339277798537638e-03 4.272059365752449954e-03 4.471148235809861531e-03
5.794151304472536879e+01 1.113146312764475314e-03 -1.339312870616459839e-03 4.275402877260733002e-03 4.476936693126728692e-03
6.046253747542657919e+01 4.331920530167619396e-03 5.392061054006968245e-03 4.278830027330465975e-03 4.482869880690141043e-03
6.298356190612778960e+01 3.497106399898728757e-04 9.513488268427182024e-03 4.282344010718706732e-03 4.488953323157671149e-03
6.550458633682899290e+01 -2.097123664893740867e-04 8.674627166994453714e-03 4.285948187863024977e-03 4.495192831453719527e-03
6.802561076753019620e+01 1.003782490919700662e-02 -2.681149511081818652e-04 4.289646095821247895e-03 4.501594521651663093e-03
7.054663519823141371e+01 1.066233415499627957e-03 -7.668202995386806664e-03 4.293441460094364788e-03 4.508164835378425557e-03
7.306765962893261701e+01 -2.339516245425723399e-03 3.856855720237161865e-04 4.297338207417352764e-03 4.514910561887352201e-03
7.558868405963383452e+01 5.396177598855720486e-03 6.629871270830871906e-05 4.301340479612160601e-03 4.521838861961609973e-03
7.810970849033503782e+01 -3.880886929640592429e-03 1.712959354979965787e-03 4.305452648607802427e-03 4.528957293828655972e-03
8.063073292103624112e+01 1.427968342949234712e-03 4.698267875752316913e-03 4.309679332744577838e-03 4.536273841287099401e-03
8.315175735173745863e+01 4.783257201684139835e-04 1.070428466783844568e-02 4.314025414493118625e-03 4.543796944270785815e-03
8.567278178243866193e+01 -1.989399473166312323e-03 3.939428802163537011e-03 4.318496059734500125e-03 4.551535532101535358e-03
8.819380621313986524e+01 5.665102320957191365e-03 9.861718124622156564e-03 4.323096738765274012e-03 4.559499059712287042e-03
9.071483064384108275e+01 -9.719275667260101215e-04 1.657083774461800630e-03 4.327833249211355225e-03 4.567697547156795469e-03
9.323585507454228605e+01 -9.069408146268837043e-05 -3.720873670125426046e-03 4.332711741057620157e-03 4.576141622761369099e-03
9.575687950524348935e+01 -1.264670507438068634e-03 3.514464719334071605e-03 4.337738744026252771e-03 4.584842570318999055e-03
9.827790393594470686e+01 1.159206018310590973e-03 2.493369912605599217e-03 4.342921197566865232e-03 4.593812380777695034e-03
1.007989283666459102e+02 1.832520851436277628e-03 -6.713525520957622228e-03 4.348266483755881644e-03 4.603063808933821957e-03
1.033199527973471135e+02 -3.063660111025415592e-03 1.348620851038656240e-03 4.353782463442308452e-03 4.612610435709183637e-03
1.058409772280483310e+02 -7.598997928454328307e-04 4.191641007636760438e-03 4.359477516022719837e-03 4.622466736668847005e-03
1.083620016587495343e+02 3.470996628575951769e-03 3.215959796121121723e-04 4.365360583281186792e-03 4.632648157527212256e-03
1.108830260894507376e+02 1.004324884724719065e-03 2.849313916271259406e-03 4.371441217791125627e-03 4.643171197494685293e-03
1.134040505201519551e+02 1.655881297056921051e-03 2.033072266485587420e-03 4.377729636447291912e-03 4.654053501439115934e-03
1.159250749508531584e+02 5.748137738342582771e-03 9.078212977361090064e-03 4.384236779779142855e-03 4.665313961978051829e-03
1.184460993815543617e+02 -4.452073407808162207e-03 1.888971008797528600e-03 4.390974377793802064e-03 4.676972832783629110e-03
1.209671238122555792e+02 -5.948020700598544500e-03 -5.386710260294760855e-03 4.397955023210553538e-03 4.689051854576035440e-03
1.234881482429567825e+02 4.822322569795156784e-03 1.008410285874951351e-02 4.405192253082463455e-03 4.701574395509694471e-03
1.260091726736579858e+02 -1.297124851443710869e-03 -5.651872633871114077e-03 4.412700639958399076e-03 4.714565607925196716e-03
1.285301971043592175e+02 -2.360837166775440858e-03 -4.534312583979802427e-03 4.420495893925236765e-03 4.728052603758025295e-03
1.310512215350603924e+02 2.631706074016029566e-03 -3.944268140268582246e-03 4.428594977091537127e-03 4.742064651272472411e-03
1.335722459657616241e+02 -4.736833533352942729e-03 2.447232866486215817e-03 4.437016232337920828e-03 4.756633396238453201e-03
1.360932703964628274e+02 -6.878727344448345125e-03 3.852933074933478919e-03 4.445779528475002872e-03 4.771793111205931484e-03
1.386142948271640307e+02 2.445253699378604605e-03 2.344725759169545131e-03 4.454906424328802794e-03 4.787580977175983840e-03
1.411353192578652340e+02 -4.620786058966246806e-03 -9.682346441562518849e-04 4.464420354730496039e-03 4.804037402743622023e-03
1.436563436885664373e+02 -3.811848779664331853e-05 1.401602712883850532e-04 4.474346841940665329e-03 4.821206386726405863e-03
1.461773681192676690e+02 4.545554317432441704e-03 -3.111574286453015585e-03 4.484713736711163842e-03 4.839135931433656383e-03
1.486983925499688723e+02 2.819033576505243586e-03 2.704837097389086679e-03 4.495551494009986972e-03 4.857878515123663712e-03
1.512194169806700756e+02 3.941150849882863773e-03 -5.365327628176968372e-03 4.506893489444385725e-03 4.877491633904473475e-03
1.537404414113712789e+02 2.249809627189952067e-03 8.687079082907120733e-03 4.518776383663986387e-03 4.898038425439946685e-03
1.562614658420724822e+02 -1.541641870735472285e-03 -6.044735936268863519e-03 4.531240543572936409e-03 4.919588389433533944e-03
1.587824902727736855e+02 -6.838929930584659346e-04 1.188461329678614474e-02 4.544330531111689421e-03 4.942218223116841801e-03
1.613035147034749173e+02 2.210660576345997979e-03 2.490392243032340906e-03 4.558095672795284617e-03 4.966012794051959285e-03
1.638245391341761206e+02 -1.507327902580107154e-03 1.119252302181411585e-02 4.572590726262319022e-03 4.991066277708266705e-03
1.663455635648773239e+02 4.044142563910964501e-03 -6.380212827660847533e-05 4.587876663993409147e-03 5.017483493820486772e-03
1.688665879955785272e+02 -1.620074510622957972e-03 2.451093098737502224e-04 4.604021599364639325e-03 5.045381483911717813e-03
1.713876124262797305e+02 -1.487762795426884194e-03 4.719234919452390195e-03 4.621101886671643080e-03 5.074891383166910304e-03
1.739086368569809622e+02 4.171431891543285128e-03 -4.096456475295733382e-03 4.639203435190811936e-03 5.106160653883319231e-03
1.764296612876821655e+02 -5.994899961848031492e-03 -7.913814615487093501e-03 4.658423288427911840e-03 5.139355766134474403e-03
1.789506857183833688e+02 -5.299993428345761010e-03 -2.166282542095366703e-03 4.678871534415283973e-03 5.174665435646230195e-03
1.814717101490845721e+02 -2.289931830014543031e-03 -1.262585038888886999e-04 4.700673632644972698e-03 5.212304561442820255e-03
1.839927345797857754e+02 4.680726998581785474e-03 -5.366343960799520654e-04 4.723973269970571306e-03 5.252519049802096239e-03
1.865137590104869787e+02 4.722897436430084986e-03 -3.866264411474060018e-03 4.748935894510379965e-03 5.295591771157241029e-03
1.890347834411882104e+02 -4.086887885841708999e-03 3.765969553576244827e-04 4.775753127604621950e-03 5.341849979734407394e-03
1.915558078718894137e+02 9.339770769526311222e-04 -1.983322990989916899e-03 4.804648325826292067e-03 5.391674642338882550e-03
1.940768323025906170e+02 -2.663098772150477266e-05 1.369894712014567504e-03 4.835883668103972341e-03 5.445512288715951763e-03
1.965978567332918203e+02 -7.817266502572094850e-03 7.869784031098612728e-03 4.869769293219572241e-03 5.503890236120743615e-03
1.991188811639930236e+02 7.151333173587529068e-03 4.724225427898815638e-03 4.906675236127721641e-03 5.567436394617912392e-03
2.016399055946942269e+02 9.368415476764006475e-03 7.132020258354769202e-03 4.947047250435025571e-03 5.636905391566193746e-03
2.041609300253954586e+02 3.041504827677322075e-03 1.197765929832625073e-02 4.991428131794937821e-03 5.713213571516622194e-03
2.066819544560966619e+02 6.265464417201917213e-03 9.124896606128826346e-03 5.040487001387391683e-03 5.797486717448298819e-03
2.092029788867978652e+02 8.598548264965783818e-04 -1.759074384489675569e-05 5.095060406150157990e-03 5.891126433515339947e-03
2.117240033174990685e+02 -3.082550148412499177e-03 1.115580822266032217e-02 5.156211498746128552e-03 5.995904647409802668e-03
2.142450277482002718e+02 6.831499122265694522e-03 1.374665572938648522e-02 5.225317910690686213e-03 6.114101840252969891e-03
2.167660521789014751e+02 1.223093039072813137e-02 1.244829339074284696e-02 5.304207306233381554e-03 6.248715885569758322e-03
2.192870766096027069e+02 3.166270534890051197e-03 1.438039304357209905e-02 5.395377183832424789e-03 6.403790245298116371e-03
2.218081010403039102e+02 1.245430709429089233e-02 1.570610746707680125e-02 5.502377701231934634e-03 6.584955401848980282e-03
2.243291254710051135e+02 6.557643608902135463e-03 2.424859978038993932e-02 5.630561814851190935e-03 6.800374708762199627e-03
2.268501499017063168e+02 1.445889536439920811e-03 3.459026188463006773e-02 5.788872028842220741e-03 7.062483144371183019e-03
2.293711743324075201e+02 1.117649639933044822e-02 1.582165575410966751e-02 5.994996711399421842e-03 7.391156337033549795e-03
2.318921987631087234e+02 7.953541620956197655e-03 4.318051825373202951e-02 6.289424040081174547e-03 7.818533518165585866e-03
2.344132231938099551e+02 5.667423849697728402e-03 4.159491653355195523e-02 6.757709569334183729e-03 8.392746747166446308e-03
2.369342476245111584e+02 3.803424148966912804e-02 6.269441555784524556e-02 7.523023697601012756e-03 9.173488588374516250e-03
2.394552720552123617e+02 5.296647825857880854e-02 9.025326700159404247e-02 8.682961600888026293e-03 1.021834838670617612e-02
2.419762964859135650e+02 1.096840908527437625e-01 1.270417421016051263e-01 1.031880843846180382e-02 1.157066939829321482e-02
2.444973209166147683e+02 1.483380343246807620e-01 2.131298850386638688e-01 1.258400315736383189e-02 1.322784253909848468e-02
2.470183453473159716e+02 3.411254413292815202e-01 3.172418886884763589e-01 1.545641242305492019e-02 1.503793854757163977e-02
2.495393697780172033e+02 5.046238252600484531e-01 4.050939014210103717e-01 1.823416983869241559e-02 1.660537776970679238e-02
2.520603942087184066e+02 6.087382386619634156e-01 4.460855258799304446e-01 1.969717215934135152e-02 1.741447811974406595e-02
2.545814186394196099e+02 5.528033487964923998e-01 4.409578294791833830e-01 1.902806522295180658e-02 1.717158226515450720e-02
2.571024430701207848e+02 3.670072984590218024e-01 3.837564146213052751e-01 1.653972084540957649e-02 1.608017640014974825e-02
2.596234675008220165e+02 2.231689310888566591e-01 2.787346060722304397e-01 1.354155650781877981e-02 1.481254609166754790e-02
2.621444919315232482e+02 1.476841877531344105e-01 2.688271135924903965e-01 1.172696966895701853e-02 1.421001194291324037e-02
2.646655163622244231e+02 1.965702090062884100e-01 2.864835288756749088e-01 1.253285993435525152e-02 1.483715409973011302e-02
2.671865407929256548e+02 3.453557857722762137e-01 3.848472637684672293e-01 1.586214670955795464e-02 1.658892666574220826e-02
2.697075652236268866e+02 6.820672575812471994e-01 5.304376826349890273e-01 2.014883710455698043e-02 1.871747169436371178e-02
2.722285896543280614e+02 9.185289488520768098e-01 6.571510593773074449e-01 2.328763671471290389e-02 2.020696063112759761e-02
2.747496140850292932e+02 9.529872362977724887e-01 6.789881423556903828e-01 2.355987181426260138e-02 2.027763154351413730e-02
2.772706385157304680e+02 7.292247948955307146e-01 5.430795980280340718e-01 2.077933523933386817e-02 1.881956021689005359e-02
2.797916629464316998e+02 3.754162635865165298e-01 3.713264784264245222e-01 1.638963633294516706e-02 1.641067764917877869e-02
2.823126873771328746e+02 1.521419875423214163e-01 2.240837279480304978e-01 1.227161801994518589e-02 1.387648546044043842e-02
2.848337118078341064e+02 8.153950544748532481e-02 1.503169605665894137e-01 9.481371766603480938e-03 1.178680229373274546e-02
2.873547362385353381e+02 4.696739460670839444e-02 9.057999937308500171e-02 7.960609272691496555e-03 1.028396775154179904e-02
2.898757606692365130e+02 3.533490677514970063e-02 8.238065342456737938e-02 7.157839518016569785e-03 9.248486467146526530e-03
2.923967850999377447e+02 1.279654121000643394e-02 5.850436082196888710e-02 6.672162386634480219e-03 8.518068733780304047e-03
2.949178095306389196e+02 2.140682182044637699e-02 4.524977607038863786e-02 6.335106778978221408e-03 7.978356365488940144e-03
2.974388339613401513e+02 6.607123154459249546e-03 3.611523146940276430e-02 6.081903711229893171e-03 7.562053094905650183e-03
2.999598583920413830e+02 6.811309161567480515e-03 3.295053617075615476e-02 5.882699398095232908e-03 7.229945044829816717e-03
3.024808828227425579e+02 1.322533700253654063e-02 8.000050324448747252e-03 5.721003006653601827e-03 6.958034715035598533e-03
3.050019072534437896e+02 4.224500827345807272e-03 2.068461231739943118e-02 5.586666717458261752e-03 6.730807294009055058e-03
3.075229316841449645e+02 1.004117356609886789e-02 8.112003708723468376e-03 5.473012186162420738e-03 6.537753209645510467e-03
3.100439561148461962e+02 2.121778984712475134e-03 2.182670982642685720e-02 5.375429619872622126e-03 6.371478187317425323e-03
3.125649805455473711e+02 2.611634144307689760e-03 4.296433514421521549e-03 5.290618332176663316e-03 6.226615484516776974e-03
3.150860049762486028e+02 1.028007236942168716e-02 5.474042158863955121e-03 5.216144470734384447e-03 6.099167660846236197e-03
3.176070294069498345e+02 1.278904499665102241e-03 1.121910959920953063e-02 5.150169264991620241e-03 5.986091148988756903e-03
3.201280538376510094e+02 -3.291772022776360759e-03 1.691604891146515285e-02 5.091274798414157504e-03 5.885024594806656170e-03
3.226490782683522411e+02 5.713685336405505480e-03 1.007620355136382845e-02 5.038348340345893614e-03 5.794105753649783988e-03
3.251701026990534160e+02 -2.414280512344621141e-05 1.539765971923139076e-02 4.990503268982539667e-03 5.711844809100271800e-03
3.276911271297546477e+02 5.373934690199772685e-03 1.936685887208616091e-02 4.947023635217021389e-03 5.637034707787758059e-03
3.302121515604558795e+02 -4.375820848720005617e-03 3.015075587756702123e-03 4.907324443140841097e-03 5.568686407882713491e-03
3.327331759911570543e+02 -8.782442632087633649e-03 1.059746293855443749e-02 4.870922641433638595e-03 5.505981278504904972e-03
3.352542004218582861e+02 -1.625434896597641220e-03 4.235636093796954667e-03 4.837415574895576748e-03 5.448235545474468602e-03
3.377752248525594609e+02 4.318907912971870280e-03 3.085975662344951805e-03 4.806464733273508629e-03 5.394873351625558214e-03
3.402962492832606927e+02 1.295370321562488557e-03 8.299703552911636903e-03 4.777783327084043734e-03 5.345406078240454509e-03
3.428172737139619244e+02 6.648227571405629886e-03 1.017106449128376763e-02 4.751126671541313490e-03 5.299416284490021320e-03
3.453382981446630993e+02 3.491616773012236156e-03 1.293315364395450015e-02 4.726284660197106920e-03 5.256545098909264080e-03
3.478593225753643310e+02 1.327495688487513072e-02 3.762433189080815598e-03 4.703075813783150379e-03 5.216482223185301553e-03
3.503803470060655059e+02 3.253228096689153581e-03 3.523938592625249552e-03 4.681342530480051174e-03 5.178957935255440459e-03
3.529013714367667376e+02 -4.912278453123473596e-03 -3.942436542331913436e-04 4.660947262523110375e-03 5.143736638630595770e-03
3.554223958674679125e+02 3.143870834765475492e-03 1.026136985493909110e-02 4.641769414261552595e-03 5.110611619216991197e-03
3.579434202981691442e+02 7.057870203078177480e-03 -1.277922927604569023e-03 4.623702807403600075e-03 5.079400753734782462e-03
3.604644447288703759e+02 1.661078783768434345e-03 5.795013134078417540e-03 4.606653596127156802e-03 5.049942974538754355e-03
3.629854691595715508e+02 5.238960636700542954e-03 -6.558536094159640381e-03 4.590538542021726891e-03 5.022095340642579106e-03
3.655064935902727825e+02 4.031584842470556374e-03 3.072860024094189492e-03 4.575283579203025253e-03 4.995730598460118577e-03
3.680275180209739574e+02 2.499179261083016128e-03 7.315044115876197239e-03 4.560822615322705949e-03 4.970735141301342586e-03
3.705485424516751891e+02 -5.024387666536779496e-04 2.371902837975439857e-03 4.547096525933452642e-03 4.947007296191468714e-03
3.730695668823764208e+02 4.625959103051542794e-03 -2.118771022888992113e-04 4.534052308730862277e-03 4.924455881696711626e-03
3.755905913130775957e+02 -9.570495670416472381e-03 -4.167252145135971579e-04 4.521642371280207295e-03 4.902998992287511265e-03
3.781116157437788274e+02 5.774390551366428113e-03 -2.613055663411635067e-03 4.509823931467172101e-03 4.882562974202891114e-03
3.806326401744800023e+02 7.552505624877141506e-03 1.505731049354569473e-02 4.498558514480015605e-03 4.863081565445394501e-03
3.831536646051812340e+02 3.498686101694676535e-03 6.246106652063398469e-03 4.487811533944723041e-03 4.844495178944096397e-03
3.856746890358824089e+02 5.377124291856501259e-03 -2.732914158203800237e-03 4.477551948149842247e-03 4.826750313496206736e-03
3.881957134665836406e+02 2.164381780251141418e-03 3.243843831681565357e-04 4.467751985342318863e-03 4.809799082213751450e-03
3.907167378972848724e+02 -8.042942995354089488e-05 1.165085255500611285e-04 4.458386935077135460e-03 4.793598853236206124e-03
3.932377623279860472e+02 3.691417650490371426e-03 5.615923696759843493e-03 4.449435005815875407e-03 4.778112002840469337e-03
3.957587867586872790e+02 -5.001920829037688086e-04 -1.806068630077550113e-03 4.440877252710684168e-03 4.763305787306210473e-03
3.982798111893884538e+02 6.334699333530804596e-03 7.326361972315141580e-03 4.432697584215799201e-03 4.749152347683923726e-03
4.008008356200896856e+02 -3.300715240132320351e-03 -3.134895488890994050e-03 4.424882862475302756e-03 4.735628871990333645e-03
4.033218600507909173e+02 1.767894339596989307e-03 5.960065497521594303e-04 4.417423121316751966e-03 4.722717953877950126e-03
4.058428844814920922e+02 -2.650165637682663083e-03 -5.841686866321174100e-03 4.410311938678546442e-03 4.710408207938008955e-03
4.083639089121933239e+02 3.520326206126179330e-03 3.496066748698707129e-03 4.403547019927493526e-03 4.698695233446791540e-03
4.108849333428944988e+02 1.706513187193127315e-03 -5.531046137292653340e-03 4.397131078985249200e-03 4.687583067088011736e-03
4.134059577735957305e+02 5.940896814272842927e-03 3.964701727740168637e-03 4.391073152690486668e-03 4.677086342055741808e-03
4.159269822042969622e+02 1.049419360733618977e-03 -8.828652168977593404e-05 4.385390563094331874e-03 4.667233495220273441e-03
4.184480066349981371e+02 -7.716052463347642960e-04 -9.960412430569691097e-05 4.380111875506646248e-03 4.658071570101896854e-03
4.209690310656993688e+02 -3.169521879535173656e-03 -7.003694906092797125e-04 4.375281430367777835e-03 4.649673514412910706e-03
4.234900554964005437e+02 -2.929461985113559694e-03 1.914675573694768138e-03 4.370966438552952200e-03 4.642149486668207398e-03
4.260110799271017754e+02 -7.119366050340944756e-05 6.740486808734656027e-03 4.367268392848867690e-03 4.635664801901263551e-03
4.285321043578029503e+02 -2.484806041396800478e-03 -2.727011380455345285e-03 4.364342024270485149e-03 4.630469241079343892e-03
4.310531287885041820e+02 5.163442809790731725e-03 6.546514290639588590e-03 4.362428029025357430e-03 4.626946540992945590e-03
4.335741532192054137e+02 -4.118292030137042994e-03 -1.230827543394384833e-02 4.361912238826442037e-03 4.625701237035928504e-03
4.360951776499065886e+02 -1.504589206990258454e-03 -3.864864849940116524e-04 4.363438774760955777e-03 4.627717939680733340e-03
4.386162020806078203e+02 -1.719903706880898816e-04 4.942980368123340434e-03 4.368142134225162440e-03 4.634668524661474630e-03
4.411372265113089952e+02 4.584976960779359872e-03 -3.774952498512498464e-03 4.378168738093071895e-03 4.649538193524259053e-03
4.436582509420102269e+02 1.236040589543641217e-03 3.631100400007477615e-04 4.398009560391855782e-03 4.677969066120168072e-03
4.461792753727114587e+02 7.079006501346772791e-03 5.397666695668463122e-04 4.438688877388289288e-03 4.731154801085064171e-03
4.487002998034126335e+02 -6.186545802424859089e-03 -3.041974464001231775e-03 4.535992308457705534e-03 4.830417072263217156e-03
4.512213242341138653e+02 2.075722916069908195e-03 7.712676379581904010e-03 4.813124494955136126e-03 5.000017056897201190e-03
4.537423486648150401e+02 1.535461914084194565e-02 2.459174234618207409e-03 5.346673330828896967e-03 5.203744454478416437e-03
4.562633730955162719e+02 1.066118729789017512e-02 5.349494234041758840e-03 5.634860158516987946e-03 5.291208255283667838e-03
4.587843975262174467e+02 2.829132743941872342e-03 -1.476428975078309877e-04 5.262131594449165860e-03 5.169941271658022412e-03
4.613054219569186785e+02 4.286164723423926959e-03 1.419224949376575364e-03 4.746603802551903686e-03 4.955096525352661527e-03
4.638264463876199102e+02 -3.045853003827478540e-03 2.111245406762457359e-03 4.500254981577532336e-03 4.784157909575452103e-03
4.663474708183210851e+02 4.495284009372294172e-03 4.843661476288051507e-03 4.407278196152880113e-03 4.679393604411311372e-03
4.688684952490223168e+02 -8.897825378685468231e-03 -1.223565206833232208e-03 4.362021730720110936e-03 4.616044294485532884e-03
4.713895196797234917e+02 1.643074450042352407e-04 -5.371125093414580789e-03 4.335177399257561862e-03 4.575026939173778943e-03
4.739105441104247234e+02 3.855516567742895903e-03 4.018528543233416093e-03 4.317271074535877599e-03 4.546428548853485158e-03
4.764315685411259551e+02 6.630336765871183008e-05 8.157575447706247318e-04 4.304306550548166882e-03 4.525180941553587875e-03
4.789525929718271300e+02 4.691460133953270946e-03 2.324560642647233426e-03 4.294322736879877152e-03 4.508548907639653783e-03
4.814736174025283617e+02 -2.018519949191009948e-03 2.773901105260803170e-03 4.286257656255385018e-03 4.494966768998189324e-03
4.839946418332295366e+02 -2.544718914882334020e-03 -2.330598266320233359e-04 4.279493284805748962e-03 4.483490122080357673e-03
4.865156662639307683e+02 -1.490075652359246910e-03 -1.118191698262575168e-02 4.273649207482903278e-03 4.473523074683714157e-03
4.890366906946319432e+02 7.648005667767800511e-03 5.040142080493553722e-03 4.268480369302045385e-03 4.464674805913282363e-03
4.915577151253331749e+02 1.278039635877245951e-06 5.126973595195595014e-03 4.263822807868672578e-03 4.456680263019140512e-03
4.940787395560344066e+02 3.119359704882448351e-03 -9.313148742359550394e-05 4.259563214174654638e-03 4.449354347024096941e-03
4.965997639867355815e+02 5.163774726333703134e-04 6.768570875835246137e-03 4.255621058224625872e-03 4.442564407432371236e-03
4.991207884174368132e+02 8.091181220670602692e-03 5.756110012097677073e-03 4.251937677753054104e-03 4.436213162099632810e-03
5.016418128481379881e+02 4.736355329118990994e-03 -2.249564756269909448e-03 4.248469391520692112e-03 4.430227770167162807e-03
5.041628372788392198e+02 7.785841834802975821e-03 4.673966119457584334e-03 4.245183024544446800e-03 4.424552654083327430e-03
5.066838617095404516e+02 1.667982336395502636e-05 7.404448283999545775e-04 4.242052925159366279e-03 4.419144671681271216e-03
