# [0.         0.         5.41398918], [0.         0.         5.19846383], [0.         0.         5.71735795]
5.000000000000000000e+00 2.057321278475387483e-01 1.816627731439013627e-01 2.410075512146275245e-01 2.654208227637518402e-01 2.321160088738588589e-01 3.167102713869775488e-01
5.529886283614334097e+00 1.397556855614555116e-01 1.252043642505221432e-01 1.600854293932413297e-01 2.090986683514213518e-01 1.846131421378003068e-01 2.463634353254208487e-01
6.059772567228668194e+00 9.726371878524552039e-02 8.845645023372873672e-02 1.086684438477428516e-01 1.675124452259788288e-01 1.492011139656981011e-01 1.948385598360348747e-01
6.589658850843002291e+00 7.084181172888245892e-02 6.533785430871248689e-02 7.714856853782084412e-02 1.375939025057372478e-01 1.234881694917599332e-01 1.579898069082465162e-01
7.119545134457336388e+00 5.489950932100600561e-02 5.122283942932306239e-02 5.835458056185234554e-02 1.166294774548427005e-01 1.053231643491403940e-01 1.321993291388879888e-01
7.649431418071670485e+00 4.570988120160836971e-02 4.300338447957301885e-02 4.753577895060340230e-02 1.025173962603333488e-01 9.301775053109502533e-02 1.146820709281830275e-01
8.179317701686004582e+00 4.113606616289975509e-02 3.888723619894796785e-02 4.195049868607722554e-02 9.383207809632805596e-02 8.541324971124501786e-02 1.035380011208591883e-01
8.709203985300337791e+00 4.031803982613032383e-02 3.815365673116611483e-02 4.041514662311376099e-02 8.978607498439908352e-02 8.186027900930351042e-02 9.767744434969936884e-02
9.239090268914672777e+00 4.345345992815339425e-02 4.097672341092565423e-02 4.298638910169320232e-02 9.014822735327572556e-02 8.215642806203712900e-02 9.670107143313116937e-02
9.768976552529007762e+00 5.167659373975815040e-02 4.831934798143591725e-02 5.078718499210551490e-02 9.513581764502287985e-02 8.645642093782282545e-02 1.007617690578173075e-01
1.029886283614334097e+01 6.693566976459042195e-02 6.181560611747680123e-02 6.586428859768055089e-02 1.052641679842112044e-01 9.514324550947772519e-02 1.103906727936616594e-01
1.082874911975767418e+01 9.170304715015124841e-02 8.350631581547852955e-02 9.088764922745551367e-02 1.211212624942773486e-01 1.086375935144531929e-01 1.262473308392413340e-01
1.135863540337200916e+01 1.283541541098905114e-01 1.152985701501361565e-01 1.284988872242371627e-01 1.430472423569393581e-01 1.271341526941147104e-01 1.487647705479606675e-01
1.188852168698634415e+01 1.781611773590346948e-01 1.581161293405639601e-01 1.802315964733630926e-01 1.707428706344414349e-01 1.502889615401976908e-01 1.777089468378031389e-01
1.241840797060067736e+01 2.400753500128627871e-01 2.108975876574574748e-01 2.451752212275070675e-01 2.028970310426289336e-01 1.769328477033133284e-01 2.117481121462293225e-01
1.294829425421501057e+01 3.097427169243217593e-01 2.698171165532574634e-01 3.188596251670532955e-01 2.369809753665013952e-01 2.049277123568433445e-01 2.481975222691656935e-01
1.347818053782934555e+01 3.793461120775364903e-01 3.282109670121223788e-01 3.930164628691266149e-01 2.693637211953484600e-01 2.312825931070132679e-01 2.831188803638041707e-01
1.400806682144368054e+01 4.387141848726368032e-01 3.775526040296645069e-01 4.567242182597118227e-01 2.958272019832981492e-01 2.525828546449402356e-01 3.118730665873927776e-01
1.453795310505801375e+01 4.776460486349187740e-01 4.094071519793126002e-01 4.989098678145281185e-01 3.124103491467526972e-01 2.656681826847077654e-01 3.300558052985184676e-01
1.506783938867234696e+01 4.887638492557769276e-01 4.177802403890037430e-01 5.114708351117680518e-01 3.163490337709576328e-01 2.683717900896435138e-01 3.345571947563609205e-01
1.559772567228668194e+01 4.697939979620484041e-01 4.009576541137927497e-01 4.918071131536178586e-01 3.067920900630029535e-01 2.600716053701939146e-01 3.243805365784355743e-01
1.612761195590101693e+01 4.242976476006945497e-01 3.620503460879880286e-01 4.436669363217385920e-01 2.850253698109038725e-01 2.418497137085848792e-01 3.009095998446892906e-01
1.665749823951534836e+01 3.605232510714290739e-01 3.080025173269435035e-01 3.759234615824859072e-01 2.541163104656556926e-01 2.161985985311314085e-01 2.675183342324736202e-01
1.718738452312968334e+01 2.888917107946992746e-01 2.475000043580564413e-01 2.998327030198445486e-01 2.181157006391418463e-01 1.863852469330859463e-01 2.286755230735565692e-01
1.771727080674401833e+01 2.191743145683574256e-01 1.886511157162191754e-01 2.259423437766780451e-01 1.811094275209068349e-01 1.557021703835468618e-01 1.888782762820259142e-01
1.824715709035835332e+01 1.584072228531777371e-01 1.372859366837986261e-01 1.618092648582541426e-01 1.464304984771458706e-01 1.268456975838700429e-01 1.517692507679645753e-01
1.877704337397268830e+01 1.100887532629570981e-01 9.630953218672635985e-02 1.111317469323059720e-01 1.162298672817128620e-01 1.015748889323699056e-01 1.196633433052612938e-01
1.930692965758701973e+01 7.457285075464241408e-02 6.603113888989324554e-02 7.419759768541731026e-02 9.143735092643114071e-02 8.067561384818298931e-02 9.351657191120278656e-02
1.983681594120135472e+01 5.014886673461330102e-02 4.505150475029508217e-02 4.907976147523619714e-02 7.200721053516982717e-02 6.414896375791702410e-02 7.321338116208728208e-02
2.036670222481568970e+01 3.422388938759284710e-02 3.123340134336001495e-02 3.293265814506009248e-02 5.728630154072458791e-02 5.149881899092281778e-02 5.798575686349392161e-02
2.089658850843002114e+01 2.421396535538892364e-02 2.243533095938356897e-02 2.295794950310880642e-02 4.636359922603937311e-02 4.200843332864274970e-02 4.680422581570666679e-02
2.142647479204435612e+01 1.801798969358833422e-02 1.690509875837707329e-02 1.690710486899962492e-02 3.832188627191493446e-02 3.494293388639296838e-02 3.865361553829205210e-02
2.195636107565869111e+01 1.414419769238971052e-02 1.338897298840808874e-02 1.320415460826589345e-02 3.237504083116325704e-02 2.966295894549306200e-02 3.267829523377178275e-02
2.248624735927302609e+01 1.163491483303541983e-02 1.107415875511318960e-02 1.085246440997538094e-02 2.791398265634090561e-02 2.566589890967812052e-02 2.822573174186839007e-02
2.301613364288736108e+01 9.919828913596027281e-03 9.470641336532773999e-03 9.269072135466642839e-03 2.449743489485833176e-02 2.258222789947905360e-02 2.483053152501171063e-02
2.354601992650169251e+01 8.676026153721547521e-03 8.296783394536894757e-03 8.130849434084706437e-03 2.181897318035093403e-02 2.015151944618867250e-02 2.217450911427454666e-02
2.407590621011602749e+01 7.724812752667685294e-03 7.393999752729393631e-03 7.263276617131330347e-03 1.967040593375552274e-02 1.819426030837205735e-02 2.004467489993221052e-02
2.460579249373036248e+01 6.966515987454836162e-03 6.672179653503257021e-03 6.571474127770701897e-03 1.791088090192372376e-02 1.658736335723908287e-02 1.829885644443627821e-02
2.513567877734469391e+01 6.343403670742587402e-03 6.078210655427180968e-03 6.001779219332988025e-03 1.644417568862383341e-02 1.524575457994028528e-02 1.684102283567992867e-02
2.566556506095902890e+01 5.820027840736289801e-03 5.579018843093684100e-03 5.521849538705987485e-03 1.520328900022898701e-02 1.410962605548628929e-02 1.560489187269355552e-02
2.619545134457336388e+01 5.373183659215589360e-03 5.152742654619298091e-03 5.110763187568236922e-03 1.414044341014501077e-02 1.313601172997744607e-02 1.454349740015436869e-02
2.672533762818769887e+01 4.986789237413824863e-03 4.784142342514016190e-03 4.754108836285997862e-03 1.322072065194705888e-02 1.229333390134414172e-02 1.362266103289004951e-02
2.725522391180203385e+01 4.649188455975844167e-03 4.462135966608746923e-03 4.441466143299576882e-03 1.241800709694902347e-02 1.155787833628522075e-02 1.281689449530230493e-02
2.778511019541636529e+01 4.351645572154940952e-03 4.178402872045340784e-03 4.165028698756746348e-03 1.171237431612863478e-02 1.091148937253618931e-02 1.210678406997147544e-02
2.831499647903070027e+01 4.087446657863448400e-03 3.926541131522345504e-03 3.918793496573876912e-03 1.108834999059285335e-02 1.034003366448436531e-02 1.147728052817208709e-02
2.884488276264503526e+01 3.851329115446459374e-03 3.701529085694917585e-03 3.698050374402310839e-03 1.053374915964543253e-02 9.832353671606156378e-03 1.091655231717389603e-02
2.937476904625936669e+01 3.639101122299316562e-03 3.499364784464866797e-03 3.499042749110000544e-03 1.003886675534146171e-02 9.379539768422994611e-03 1.041519928734378590e-02
2.990465532987370167e+01 3.447378072517312542e-03 3.316815717973904155e-03 3.318733066312130192e-03 9.595910353036066556e-03 8.974415306299849543e-03 9.965705795151526269e-03
3.043454161348803666e+01 3.273394750126176669e-03 3.151240202928201617e-03 3.154635769155712897e-03 9.198598828790932255e-03 8.611168741303021346e-03 9.562060492749820811e-03
3.096442789710237165e+01 3.114868406430636779e-03 3.000457041242472755e-03 3.004695564779728562e-03 8.841881771908725526e-03 8.285091815838845769e-03 9.199500687208020736e-03
3.149431418071670663e+01 2.969897060929792883e-03 2.862648631190738320e-03 2.867197004211668055e-03 8.521754245546561690e-03 7.992399302517591564e-03 8.874360966457458741e-03
3.202420046433103806e+01 2.836882748228188381e-03 2.736287796582317477e-03 2.740696227227671505e-03 8.235156716886392683e-03 7.730117856158424429e-03 8.584024515042214601e-03
3.255408674794537660e+01 2.714472777446526753e-03 2.620081757003646632e-03 2.623968707092300470e-03 7.979963123515844761e-03 7.496040933574834447e-03 8.326994041986198261e-03
3.308397303155970803e+01 2.601514215985431446e-03 2.512928692001786812e-03 2.515968740633789044e-03 7.755070210771044907e-03 7.288752995627103236e-03 8.103115535821542662e-03
3.361385931517403947e+01 2.497018225318175730e-03 2.413883693656661972e-03 2.415797688554744381e-03 7.560601522197991572e-03 7.107724984014742245e-03 7.913989954250936695e-03
3.414374559878837090e+01 2.400131832850573455e-03 2.322131809246751923e-03 2.322678820941758045e-03 7.398213565160171971e-03 6.953464957035949967e-03 7.763566365395557951e-03
3.467363188240270944e+01 2.310115382792337496e-03 2.236966501391639967e-03 2.235937208260298237e-03 7.271415916377252549e-03 6.827660304340716843e-03 7.658780384655155399e-03
3.520351816601704797e+01 2.226324370861356393e-03 2.157772292003281439e-03 2.154983508233444117e-03 7.185676177112773448e-03 6.733166156534469912e-03 7.609851596814515284e-03
3.573340444963137941e+01 2.148194696408591790e-03 2.084010669049834053e-03 2.079300790822507378e-03 7.147905466177478968e-03 6.673602207047112794e-03 7.629530934793045741e-03
3.626329073324571084e+01 2.075230602818073193e-03 2.015208560932751740e-03 2.008433754076693889e-03 7.164830243261588461e-03 6.652290456449568186e-03 7.730404552646480409e-03
3.679317701686004227e+01 2.006994750426051386e-03 1.950948848380639486e-03 1.941979837456498824e-03 7.239955237444058514e-03 6.670411646292146758e-03 7.919686470189283775e-03
3.732306330047438081e+01 1.943099994372085321e-03 1.890862505870464973e-03 1.879581852938961824e-03 7.369476025932712379e-03 6.724654340787680241e-03 8.192083752202148836e-03
3.785294958408871224e+01 1.883202535540654194e-03 1.834622055847946222e-03 1.820921839148221047e-03 7.538504894973598394e-03 6.805191216018227109e-03 8.523125469377784355e-03
3.838283586770305078e+01 1.826996184978203113e-03 1.781936087892951187e-03 1.765715907826212591e-03 7.719788132310900081e-03 6.895219158057395471e-03 8.866832660277211217e-03
3.891272215131738221e+01 1.774207537151851512e-03 1.732544647427152829e-03 1.713709900733903155e-03 7.876909175289742437e-03 6.973106876085094843e-03 9.161294758025583657e-03
3.944260843493171365e+01 1.724591889626665231e-03 1.686215338845720385e-03 1.664675712522784923e-03 7.972323065073134291e-03 7.017199645358423825e-03 9.342753211572194308e-03
3.997249471854605218e+01 1.677929779404296624e-03 1.642740019142626242e-03 1.618408164100582948e-03 7.977981908753149429e-03 7.011889890465929608e-03 9.364150685147273889e-03
4.050238100216038362e+01 1.634024031636410702e-03 1.601931982427013887e-03 1.574722333617770099e-03 7.884312987396469366e-03 6.952536515577839582e-03 9.210575099441904723e-03
4.103226728577472215e+01 1.592697236429243494e-03 1.563623554841870895e-03 1.533451269954224467e-03 7.703449830312249745e-03 6.847012852987343495e-03 8.904402130782321234e-03
4.156215356938905359e+01 1.553789585272772169e-03 1.527664034517518810e-03 1.494444027624494209e-03 7.465162110169677213e-03 6.713151346851186328e-03 8.497617034970201058e-03
4.209203985300338502e+01 1.517157011218105752e-03 1.493917923235396541e-03 1.457563973195668845e-03 7.207437999952846786e-03 6.573288087608443984e-03 8.055058714538997772e-03
4.262192613661772356e+01 1.482669587013366128e-03 1.462263406132451992e-03 1.422687322264772330e-03 6.965974732213344421e-03 6.448315923505908501e-03 7.636249210840169444e-03
4.315181242023205499e+01 1.450210143541188655e-03 1.432591043567792589e-03 1.389701873260125150e-03 6.766665106847527186e-03 6.353492828049337078e-03 7.282899874827114192e-03
4.368169870384638642e+01 1.419673077501056339e-03 1.404802645603182376e-03 1.358505910186077201e-03 6.623004209230103773e-03 6.297027375584162041e-03 7.015159200738137028e-03
4.421158498746072496e+01 1.390963322671848494e-03 1.378810304727996370e-03 1.329007251210679967e-03 6.537801171943581104e-03 6.281068780418467591e-03 6.835186696083160769e-03
4.474147127107505639e+01 1.363995463526558073e-03 1.354535566728796948e-03 1.301122423924429890e-03 6.507104023274092389e-03 6.303932484450482272e-03 6.734212865236917540e-03
4.527135755468938783e+01 1.338692973649943489e-03 1.331908723153302785e-03 1.274775951350165873e-03 6.524220975422537726e-03 6.362388263418982878e-03 6.699417001143591344e-03
4.580124383830372636e+01 1.314987564486991105e-03 1.310868211798062568e-03 1.249899735497303748e-03 6.582600837952264951e-03 6.453322410956009725e-03 6.718623622715534476e-03
4.633113012191805780e+01 1.292818632550023694e-03 1.291360114178472743e-03 1.226432527537562635e-03 6.677317960292568876e-03 6.574625638072244087e-03 6.782542891919047211e-03
4.686101640553239633e+01 1.272132795435399009e-03 1.273337741115903492e-03 1.204319475622266317e-03 6.805504111088316911e-03 6.725489853748979792e-03 6.885252284786880402e-03
4.739090268914672777e+01 1.252883508928998762e-03 1.256761299479325789e-03 1.183511743034835854e-03 6.966222760293728361e-03 6.906386950615648300e-03 7.023804244978717679e-03
4.792078897276105920e+01 1.235030759181198184e-03 1.241597634814670115e-03 1.163966190835296136e-03 7.160171787122558001e-03 7.118947488337733567e-03 7.197605313702990816e-03
4.845067525637539774e+01 1.218540825464508107e-03 1.227820046141445826e-03 1.145645120456189551e-03 7.389425870298079943e-03 7.365863311519054747e-03 7.407894172069016958e-03
4.898056153998972917e+01 1.203386110441056773e-03 1.215408170643617362e-03 1.128516072893927637e-03 7.657297410063217298e-03 7.650865372565764447e-03 7.657421721357801810e-03
4.951044782360406771e+01 1.189545036207899061e-03 1.204347937376644764e-03 1.112551682244221438e-03 7.968327605921332948e-03 7.978790465569282273e-03 7.950329978337611347e-03
5.004033410721839914e+01 1.177002005698561541e-03 1.194631590499625360e-03 1.097729582389676177e-03 8.328399675953314374e-03 8.355739871987946307e-03 8.292199248803982722e-03
5.057022039083273057e+01 1.165747430340951423e-03 1.186257783964912325e-03 1.084032366695175708e-03 8.744971157193548797e-03 8.789337149581834263e-03 8.690242656512863970e-03
5.110010667444706911e+01 1.155777826247865025e-03 1.179231751104248011e-03 1.071447601635970321e-03 9.227437363239096579e-03 9.289103934027348464e-03 9.153649064671460708e-03
5.162999295806140054e+01 1.147095982692867937e-03 1.173565554191323369e-03 1.059967896409370761e-03 9.787658358701151542e-03 9.866989415389526216e-03 9.694101337808768912e-03
5.215987924167573198e+01 1.139711208252931676e-03 1.169278420893763793e-03 1.049591031802344938e-03 1.044070859148648299e-02 1.053811287755317648e-02 1.032652809326367604e-02
5.268976552529007051e+01 1.133639661839631364e-03 1.166397176620810432e-03 1.040320152947867005e-03 1.120594742388722129e-02 1.132181448435827520e-02 1.107019072253761019e-02
5.321965180890440195e+01 1.128904777963984701e-03 1.164956784207956579e-03 1.032164032154252262e-03 1.210857085601890933e-02 1.224316650287586572e-02 1.195027634672396477e-02
5.374953809251873338e+01 1.125537798072722296e-03 1.165001005256560739e-03 1.025137409796013279e-03 1.318190737330796232e-02 1.333519015161687034e-02 1.300028266589854653e-02
5.427942437613307192e+01 1.123578422763034943e-03 1.166583200889200573e-03 1.019261423388616089e-03 1.447089103675275323e-02 1.464217375318050546e-02 1.426567453757916423e-02
5.480931065974740335e+01 1.123075603263228722e-03 1.169767293846938911e-03 1.014564137528367735e-03 1.603741710247605715e-02 1.622472093561133991e-02 1.580960367134309416e-02
5.533919694336174189e+01 1.124088494929252396e-03 1.174628918942002397e-03 1.011081190483760972e-03 1.796868840963888186e-02 1.816748959556948456e-02 1.772193580201605195e-02
5.586908322697607332e+01 1.126687600870967480e-03 1.181256795144462746e-03 1.008856577030775191e-03 2.039019255360006305e-02 2.059100172974664272e-02 2.013339013044966250e-02
5.639896951059040475e+01 1.130956140471128021e-03 1.189754360355745359e-03 1.007943591832150638e-03 2.348556759719344286e-02 2.366937199401322051e-02 2.323715767754797046e-02
5.692885579420474329e+01 1.136991685864470860e-03 1.200241719637187626e-03 1.008405963530298712e-03 2.752628799198016812e-02 2.765630742400755973e-02 2.732087783737788961e-02
5.745874207781907472e+01 1.144908119890427917e-03 1.212857969886505871e-03 1.010319217097846618e-03 3.291484912579724365e-02 3.292230344447323598e-02 3.281256545721071560e-02
5.798862836143341326e+01 1.154837982265285523e-03 1.227763979440880601e-03 1.013772311322293923e-03 4.024544855802122262e-02 4.000615304113790127e-02 4.034516702620698225e-02
5.851851464504774469e+01 1.166935287597894956e-03 1.245145720835795153e-03 1.018869610196773473e-03 5.038284171439958575e-02 4.968090541879498917e-02 5.084329169290521810e-02
5.904840092866207613e+01 1.181378920554355255e-03 1.265218280312987260e-03 1.025733262261060551e-03 6.454377963485651015e-02 6.302045537158293409e-02 6.562167407829015697e-02
5.957828721227641466e+01 1.198376741530730394e-03 1.288230700477876241e-03 1.034506081688898191e-03 8.432227211868582872e-02 8.141672403542629666e-02 8.643863624026998371e-02
6.010817349589074610e+01 1.218170572766008640e-03 1.314471855257606705e-03 1.045355050658481298e-03 1.115291843346536277e-01 1.064388775482775634e-01 1.153609980240917904e-01
6.063805977950507753e+01 1.241042282884824866e-03 1.344277612456036032e-03 1.058475596355478582e-03 1.476662335513672653e-01 1.393846176036730999e-01 1.542191070515279427e-01
6.116794606311941607e+01 1.267321251533907274e-03 1.378039613548410602e-03 1.074096840745537070e-03 1.929352992571921888e-01 1.804394022752704441e-01 2.034979630073288914e-01
6.169783234673374750e+01 1.297393580888937413e-03 1.416216099670731176e-03 1.092488081103681462e-03 2.449942053491457328e-01 2.276131771188219521e-01 2.608622132447627751e-01
6.222771863034807893e+01 1.331713535648394123e-03 1.459345346660554993e-03 1.113966840021150166e-03 2.981223208641892719e-01 2.759995362185743151e-01 3.200727074365619096e-01
6.275760491396241747e+01 1.370817849639937485e-03 1.508062454348591853e-03 1.138908933608273047e-03 3.436815479225017178e-01 3.181023513254470081e-01 3.713770457529235736e-01
6.328749119757674890e+01 1.415343752765991798e-03 1.563120486271148872e-03 1.167761158101551181e-03 3.723194793488899257e-01 3.456417337783448396e-01 4.039873851182845255e-01
6.381737748119108744e+01 1.466051872475310431e-03 1.625417305392792095e-03 1.201057406141310636e-03 3.772797417446271395e-01 3.523702756812356895e-01 4.099629987935851094e-01
6.434726376480541887e+01 1.523855587938361582e-03 1.696029943994623946e-03 1.239439321736631209e-03 3.571857427853087352e-01 3.365650376087694906e-01 3.875580631416792876e-01
6.487715004841975031e+01 1.589859021602690230e-03 1.776259049667574391e-03 1.283683028729599085e-03 3.166785832636404563e-01 3.017871063605986337e-01 3.420506465380219741e-01
6.540703633203409595e+01 1.665406733339708754e-03 1.867686969831577372e-03 1.334734085571716560e-03 2.645081570145847438e-01 2.554463150992662968e-01 2.835223805080200332e-01
6.593692261564842738e+01 1.752149481782157075e-03 1.972254540975993276e-03 1.393753730914213881e-03 2.102100322989929881e-01 2.060102351553815547e-01 2.229348777620426547e-01
6.646680889926275881e+01 1.852132369757926791e-03 2.092363904622838305e-03 1.462180853869770886e-03 1.611657217159177258e-01 1.603620167178461398e-01 1.686725089140777845e-01
6.699669518287709025e+01 1.967914683408930870e-03 2.231018123706093089e-03 1.541816221185331008e-03 1.212639392450034909e-01 1.224348652241172147e-01 1.250120896935912329e-01
6.752658146649142168e+01 2.102735426537335073e-03 2.392013773472972428e-03 1.634938782305381125e-03 9.121634050006745265e-02 9.329717094830243529e-02 9.255853331088145786e-02
6.805646775010575311e+01 2.260746098543121689e-03 2.580211346455249261e-03 1.744469161296958223e-03 6.976282205300901595e-02 7.210960250357369150e-02 6.970357401802408648e-02
6.858635403372008454e+01 2.447344767019805911e-03 2.801922625844627084e-03 1.874204202233524606e-03 5.491384915808732864e-02 5.721705953214904772e-02 5.408453003953012095e-02
6.911624031733443019e+01 2.669666932923182509e-03 3.065478650467896946e-03 2.029161453006576941e-03 4.476529664678943754e-02 4.692283456656664437e-02 4.350863378005417892e-02
6.964612660094876162e+01 2.937327066618670209e-03 3.382085483386841358e-03 2.216099345953810758e-03 3.784076159253054600e-02 3.985471633436734468e-02 3.631470889706205074e-02
7.017601288456309305e+01 3.263577180155483124e-03 3.767156787749541616e-03 2.444329617866264088e-03 3.312691621426706173e-02 3.504123846004390114e-02 3.138426585690998194e-02
7.070589916817742449e+01 3.667195924734975489e-03 4.242476516732559752e-03 2.727041905087384307e-03 2.998168140240311391e-02 3.185268117808581767e-02 2.801751285258984037e-02
7.123578545179175592e+01 4.175750323764130731e-03 4.839905714666323765e-03 3.083593761545181874e-03 2.802607072798809357e-02 2.991220941473185166e-02 2.580037703722989906e-02
7.176567173540610156e+01 4.831691306420865181e-03 5.608222920531077960e-03 3.543814906256663629e-03 2.706420625411154815e-02 2.902506343569589281e-02 2.450872141323988743e-02
7.229555801902043299e+01 5.704962072965251083e-03 6.626981995087349864e-03 4.157052728877438062e-03 2.704018491076584998e-02 2.913903406395073475e-02 2.405514067082817689e-02
7.282544430263476443e+01 6.921825130900353430e-03 8.037306849070852827e-03 5.013486371679014113e-03 2.802959471286099735e-02 3.033678411643459319e-02 2.447259553637903123e-02
7.335533058624909586e+01 8.734282725483455759e-03 1.011382788485735984e-02 6.297636007854112879e-03 3.026417828728861226e-02 3.285914422811834351e-02 2.593134161970707743e-02
7.388521686986342729e+01 1.168178185576140490e-02 1.342790823875186605e-02 8.418963076893031666e-03 3.418836120897469910e-02 3.715706618266452488e-02 2.878842322452028132e-02
7.441510315347777293e+01 1.692131006417225622e-02 1.917440768394957848e-02 1.229195817717954053e-02 4.053324512027861593e-02 4.395636151604338793e-02 3.366023895658402931e-02
7.494498943709210437e+01 2.674834943768566661e-02 2.968062634754815507e-02 1.980515733140822757e-02 5.035309617692664691e-02 5.428140185731140932e-02 4.147381908697760772e-02
7.547487572070643580e+01 4.505703888657190681e-02 4.885166613755145826e-02 3.429070604619686297e-02 6.490198638273322884e-02 6.932383214254765613e-02 5.338749778194926826e-02
7.600476200432076723e+01 7.696061979552830390e-02 8.179881065817265484e-02 6.032158324320288645e-02 8.518539202294271584e-02 9.000766305002522172e-02 7.041871317365906713e-02
7.653464828793509867e+01 1.264894930198179612e-01 1.325948603849221585e-01 1.018118371539468020e-01 1.111200766599102913e-01 1.161966033779104762e-01 9.268740462137593783e-02
7.706453457154944431e+01 1.922395733483990843e-01 1.999938347748254908e-01 1.581431347551068012e-01 1.405655917833950885e-01 1.457903269060769058e-01 1.184824462541671369e-01
7.759442085516377574e+01 2.634105090726014953e-01 2.734241809649660127e-01 2.203612626806348007e-01 1.689100647345078143e-01 1.743351667499997426e-01 1.437787833168803764e-01
7.812430713877810717e+01 3.207012156797096614e-01 3.336236318676442658e-01 2.715513244348731758e-01 1.899510293766037972e-01 1.958315181548585526e-01 1.629460494832992157e-01
7.865419342239243861e+01 3.443701917806292756e-01 3.603792556986249451e-01 2.938228230514534633e-01 1.981253707868026182e-01 2.048084028650959676e-01 1.707798443883730699e-01
7.918407970600677004e+01 3.253614286962717150e-01 3.436583231695572449e-01 2.784826005431740303e-01 1.910216356269760496e-01 1.987141793825679126e-01 1.648949000466739256e-01
7.971396598962110147e+01 2.709864118329470828e-01 2.898015420098276618e-01 2.315721842179121470e-01 1.705721477689700338e-01 1.791429531822757715e-01 1.469326533983877636e-01
8.024385227323544711e+01 2.003128400564339606e-01 2.175661456935525095e-01 1.699853098539214624e-01 1.420886186590728517e-01 1.510567573684334364e-01 1.217192422535751661e-01
8.077373855684977855e+01 1.332154288167218814e-01 1.473844620614214451e-01 1.115488480474546018e-01 1.118205744606936142e-01 1.205409816389854533e-01 9.498074894595562312e-02
8.130362484046410998e+01 8.163233635947073075e-02 9.221874254527433201e-02 6.696130363798291629e-02 8.462010370366894463e-02 9.253196864980034464e-02 7.113611751607987199e-02
8.183351112407844141e+01 4.788035024873434076e-02 5.527141808003094292e-02 3.820441346827566781e-02 6.289058923545276514e-02 6.967658399318593654e-02 5.231436137713939283e-02
8.236339740769277284e+01 2.829965229904567170e-02 3.329882834354647853e-02 2.188609235867022829e-02 4.688512287962694897e-02 5.248640188463784412e-02 3.865898102509135459e-02
8.289328369130711849e+01 1.773986270786821404e-02 2.114608747579283313e-02 1.334564912077317901e-02 3.565177906611646103e-02 4.018557744817330413e-02 2.923401358202020600e-02
8.342316997492144992e+01 1.212337387643522280e-02 1.453334073490776014e-02 8.960774778608564251e-03 2.790813982700271478e-02 3.156594774550384314e-02 2.284189043775389227e-02
8.395305625853578135e+01 8.990494706416668133e-03 1.078372106983428377e-02 6.595953195934465586e-03 2.253248482175635586e-02 2.550792958542692432e-02 1.846551220806462099e-02
8.448294254215011279e+01 7.084351821241075160e-03 8.483466188713758432e-03 5.191985605625247524e-03 1.871245404867252424e-02 2.116799399366011900e-02 1.538735486783142543e-02
8.501282882576444422e+01 5.816100854511140061e-03 6.949802986561094686e-03 4.270541767214619186e-03 1.591423500956636386e-02 1.797440945856523808e-02 1.314755223959638598e-02
8.554271510937877565e+01 4.911794292858978096e-03 5.857103478701105453e-03 3.617740393002711469e-03 1.380124996971386978e-02 1.555786855708358660e-02 1.146267054040360674e-02
8.607260139299312129e+01 4.235587722781732761e-03 5.041332640687026800e-03 3.131086343691068166e-03 1.216197029716028707e-02 1.368211610870444239e-02 1.015793842078710658e-02
8.660248767660745273e+01 3.713093399467399039e-03 4.412067400875205846e-03 2.755694909251226767e-03 1.086079634247386072e-02 1.219386434691225977e-02 9.122940298036237572e-03
8.713237396022178416e+01 3.299581740139668085e-03 3.914876202901951610e-03 2.458946847848830688e-03 9.808145991273588271e-03 1.099106613761293393e-02 8.285489649849524935e-03
8.766226024383611559e+01 2.966200744504780742e-03 3.514682682567661122e-03 2.219921544542449894e-03 8.942923798160170093e-03 1.000379731067285553e-02 7.596711590310009990e-03
8.819214652745044702e+01 2.693394247704299343e-03 3.187744267198261948e-03 2.024483478514297729e-03 8.222217381174491690e-03 9.182804936922996791e-03 7.022451095025352037e-03
8.872203281106479267e+01 2.467416952266421153e-03 2.917394959079525237e-03 1.862718279697296543e-03 7.615096769161519216e-03 8.492528826808577389e-03 6.538179138567791655e-03
8.925191909467912410e+01 2.278331656931688494e-03 2.691600217905448615e-03 1.727469985094166752e-03 7.098764939980167082e-03 7.906733832243700161e-03 6.125864199542451101e-03
8.978180537829345553e+01 2.118787935803299015e-03 2.501467844167250699e-03 1.613452641739956343e-03 6.656091707999966210e-03 7.405696823155709201e-03 5.771983653760756963e-03
9.031169166190778697e+01 1.983243893568233714e-03 2.340300346221709307e-03 1.516685725725391712e-03 6.273987538305896353e-03 6.974345115235572670e-03 5.466220107348309862e-03
9.084157794552211840e+01 1.867452894790089376e-03 2.202970705588907889e-03 1.434122543782420916e-03 5.942303323828767962e-03 6.600993890513751593e-03 5.200583345011474193e-03
9.137146422913646404e+01 1.768115376400087972e-03 2.085499375007848332e-03 1.363398568557699659e-03 5.653068960290312354e-03 6.276470903057931525e-03 4.968804828650857409e-03
9.190135051275079547e+01 1.682636971689411383e-03 1.984760724699526861e-03 1.302656860803611243e-03 5.399955752200404947e-03 5.993497743180693609e-03 4.765911431036150628e-03
9.243123679636512691e+01 1.608957027932468239e-03 1.898275118570458839e-03 1.250424454654214214e-03 5.177890079141082673e-03 5.746244829548677324e-03 4.587919846876297586e-03
9.296112307997945834e+01 1.545424865512583148e-03 1.824059015805431236e-03 1.205523262204301034e-03 4.982771378968158492e-03 5.530006399856198136e-03 4.431613981655234576e-03
9.349100936359378977e+01 1.490709105556481525e-03 1.760515234856859478e-03 1.167004863189897296e-03 4.811263410365618741e-03 5.340959901619096381e-03 4.294380489655614218e-03
9.402089564720813541e+01 1.443730339326430075e-03 1.706351549612353507e-03 1.134102140399514827e-03 4.660637868079905294e-03 5.175985743614651760e-03 4.174085776007164898e-03
9.455078193082246685e+01 1.403610560078766582e-03 1.660519622980628513e-03 1.106193005510209800e-03 4.528655992291432536e-03 5.032530894549603999e-03 4.068983047156319623e-03
9.508066821443679828e+01 1.369634827841001478e-03 1.622168778999241853e-03 1.082772945649484574e-03 4.413478165701449282e-03 4.908504811690903025e-03 3.977641474602348383e-03
9.561055449805112971e+01 1.341222000576396123e-03 1.590610773176333835e-03 1.063434107873693956e-03 4.313594429018000401e-03 4.802199559273522510e-03 3.898891879363026221e-03
9.614044078166546115e+01 1.317902289163603788e-03 1.565292844588021728e-03 1.047849307254667458e-03 4.227770862192807219e-03 4.712228298600140870e-03 3.831784949712434100e-03
9.667032706527979258e+01 1.299300031487925309e-03 1.545777108929342674e-03 1.035759805602945059e-03 4.155008186790378269e-03 4.637477955378349441e-03 3.775559123666408657e-03
9.720021334889413822e+01 1.285120529346584850e-03 1.531724897101355157e-03 1.026966032210042176e-03 4.094509944711186532e-03 4.577073024694631835e-03 3.729616061579824407e-03
9.773009963250846965e+01 1.275140113159474323e-03 1.522885035019268815e-03 1.021320650615516797e-03 4.045658331476341754e-03 4.530348310900728787e-03 3.693502208356579802e-03
9.825998591612280109e+01 1.269198834735648252e-03 1.519085347240012231e-03 1.018723546114792952e-03 4.007996296144172334e-03 4.496829019548686385e-03 3.666895369376402605e-03
9.878987219973713252e+01 1.267195365275578705e-03 1.520226883535618972e-03 1.019118437641666677e-03 3.981214924549782500e-03 4.476217090454832209e-03 3.649595547217592256e-03
9.931975848335146395e+01 1.269083813587254484e-03 1.526280537159674247e-03 1.022490918765468684e-03 3.965145439903453722e-03 4.468383033625468112e-03 3.641519541223295960e-03
9.984964476696580959e+01 1.274872291967015263e-03 1.537285863231365075e-03 1.028867815946752371e-03 3.959755415348860906e-03 4.473362838692417423e-03 3.642699023462979066e-03
1.003795310505801410e+02 1.284623154819560962e-03 1.553352028373437962e-03 1.038317825644976189e-03 3.965149020218262238e-03 4.491359801175402386e-03 3.653281991644989624e-03
1.009094173341944725e+02 1.298454926454939559e-03 1.574660939264951051e-03 1.050953461818979412e-03 3.981571334713690513e-03 4.522751368325546480e-03 3.673537677933651647e-03
1.014393036178088039e+02 1.316546027414110731e-03 1.601472718073351700e-03 1.066934417793441187e-03 4.009416984189446108e-03 4.568101374876455158e-03 3.703865177210910204e-03
1.019691899014231353e+02 1.339140511141848414e-03 1.634133827207074176e-03 1.086472527650235139e-03 4.049243582134026860e-03 4.628178336994956399e-03 3.744806264573731242e-03
1.024990761850374668e+02 1.366556144044239751e-03 1.673088306605922384e-03 1.109838609580267267e-03 4.101790750962687991e-03 4.703980826907182451e-03 3.797063117812529524e-03
1.030289624686518124e+02 1.399195313537349942e-03 1.718892789317514420e-03 1.137371596374787096e-03 4.168005837635199717e-03 4.796771393709567573e-03 3.861521969165674067e-03
1.035588487522661438e+02 1.437559446245622197e-03 1.772236226358432165e-03 1.169490519185477188e-03 4.249077891362502447e-03 4.908121071573031888e-03 3.939284112653344480e-03
1.040887350358804753e+02 1.482267884082217810e-03 1.833965609492774077e-03 1.206710127889662780e-03 4.346482071357763051e-03 5.039967286215676391e-03 4.031706232104634476e-03
1.046186213194948067e+02 1.534082531606326431e-03 1.905119473821454117e-03 1.249661231198093006e-03 4.462037472959242378e-03 5.194689022446250318e-03 4.140452753261644227e-03
1.051485076031091381e+02 1.593940101600214857e-03 1.986971655470722107e-03 1.299117261359502857e-03 4.597982502513415018e-03 5.375204579752070749e-03 4.267563953673720115e-03
1.056783938867234838e+02 1.662994519955201395e-03 2.081088771366295526e-03 1.356029171836499372e-03 4.757073548382605502e-03 5.585099314280577744e-03 4.415545025949934796e-03
1.062082801703378152e+02 1.742673118480863930e-03 2.189406330341057538e-03 1.421571654616245487e-03 4.942715021633741108e-03 5.828793741654271499e-03 4.587483397134893386e-03
1.067381664539521466e+02 1.834751823521837879e-03 2.314330518411377921e-03 1.497204964012449754e-03 5.159132240024440728e-03 6.111766717720162195e-03 4.787204693190016437e-03
1.072680527375664781e+02 1.941456927219771490e-03 2.458875914515326437e-03 1.584758593607919460e-03 5.411603680771531234e-03 6.440854853369881033e-03 5.019482333262320108e-03
1.077979390211808095e+02 2.065604682119764283e-03 2.626854327345986770e-03 1.686546064987876981e-03 5.706776765078097439e-03 6.824659029950005430e-03 5.290322703683470081e-03
1.083278253047951551e+02 2.210795692175352833e-03 2.823137682506104886e-03 1.805524815589682787e-03 6.053103100812379928e-03 7.274103793408613627e-03 5.607358620910815605e-03
1.088577115884094866e+02 2.381690279907973211e-03 3.054030312747069674e-03 1.945522773718017483e-03 6.461447597140220454e-03 7.803218756879008039e-03 5.980400760129990501e-03
1.093875978720238180e+02 2.584406189279370419e-03 3.327806476659180435e-03 2.111565752293274693e-03 6.945955565918125914e-03 8.430248495079634835e-03 6.422224098171838529e-03
1.099174841556381494e+02 2.827105764877589980e-03 3.655503677967888478e-03 2.310361120164088674e-03 7.525310804164056858e-03 9.179258562506934296e-03 6.949711693211439549e-03
1.104473704392524809e+02 3.120885043826517394e-03 4.052123353574894546e-03 2.551030731469901280e-03 8.224600247871029571e-03 1.008250791398726531e-02 7.585555106448817544e-03
1.109772567228668265e+02 3.481159972575172470e-03 4.538501842141043872e-03 2.846254779484001102e-03 9.078144455274123753e-03 1.118403504857699675e-02 8.360845741553522142e-03
1.115071430064811580e+02 3.929903433746233590e-03 5.144327394679812024e-03 3.214120031963998286e-03 1.013391104869300167e-02 1.254521946865816764e-02 9.319136157894265804e-03
1.120370292900954894e+02 4.499407788112751681e-03 5.913209255073652304e-03 3.681233689095628116e-03 1.146060672404372073e-02 1.425365443960419434e-02 1.052301099908255211e-02
1.125669155737098208e+02 5.238945944973910814e-03 6.911637725405365973e-03 4.288249308576047580e-03 1.315946059897394639e-02 1.643774462624361318e-02 1.206510764386520794e-02
1.130968018573241523e+02 6.227374277891462376e-03 8.245891882211151339e-03 5.100362995690725827e-03 1.538451313242742043e-02 1.929149131255242927e-02 1.408734805032360246e-02
1.136266881409384837e+02 7.599272284924152646e-03 1.009691177697944094e-02 6.229261013261041396e-03 1.837874715378734827e-02 2.311772940832338905e-02 1.681587331669124122e-02
1.141565744245528293e+02 9.606662923635635176e-03 1.280151268771436562e-02 7.885996433741639111e-03 2.253967836616212889e-02 2.840421617142229599e-02 2.062638513945178054e-02
1.146864607081671608e+02 1.278820757637848769e-02 1.706858328243491402e-02 1.053228276468050860e-02 2.853542801491105660e-02 3.595202995863398809e-02 2.616508776992386084e-02
1.152163469917814922e+02 1.846895684046270456e-02 2.458961006635906540e-02 1.535634386060070154e-02 3.748352943748090027e-02 4.705814834203923130e-02 3.454865125723999286e-02
1.157462332753958236e+02 3.007454217071209301e-02 3.955999226250072470e-02 2.561439922348305448e-02 5.111752270597676867e-02 6.364814416211198034e-02 4.758508321736618085e-02
1.162761195590101551e+02 5.540896129593687186e-02 7.112973735210395554e-02 4.915758421182735843e-02 7.160128949849542401e-02 8.797649405992072347e-02 6.766681971569941945e-02
1.168060058426245007e+02 1.070151933679088924e-01 1.333408866572706741e-01 9.930853219313365288e-02 1.003108002508619617e-01 1.212164358859179197e-01 9.655131920169544857e-02
1.173358921262388321e+02 1.928534498002079933e-01 2.341268004781477119e-01 1.855066768233279428e-01 1.352566686917361372e-01 1.607454225174749229e-01 1.325209625931899615e-01
1.178657784098531636e+02 2.959304128612708085e-01 3.528746279734428226e-01 2.911884158842364956e-01 1.687901831205211589e-01 1.979717557865210698e-01 1.676226421387041754e-01
1.183956646934674950e+02 3.674680263126323676e-01 4.341552006617435122e-01 3.652033924378763619e-01 1.892561270341488744e-01 2.203671593373145998e-01 1.892335867517257186e-01
1.189255509770818264e+02 3.616964145254812357e-01 4.270568081372564384e-01 3.588031615247404549e-01 1.878542780379572896e-01 2.186838032774839347e-01 1.876818531783688293e-01
1.194554372606961579e+02 2.826258019542046140e-01 3.363974026417714258e-01 2.765588888734149542e-01 1.653231363989004221e-01 1.937599325391683169e-01 1.638361254077496942e-01
1.199853235443105035e+02 1.796389442220044930e-01 2.175208882266577437e-01 1.712253026749288309e-01 1.313537089262438728e-01 1.558768621115992070e-01 1.283918236956150538e-01
1.205152098279248349e+02 9.828211728835693772e-02 1.221029119639310545e-01 9.011507928530464173e-02 9.739676296970160851e-02 1.173753564849105563e-01 9.368294168624863305e-02
1.210450961115391664e+02 5.105917235177502567e-02 6.532642191096338369e-02 4.472497653160695946e-02 7.034576670437832357e-02 8.600780233499162597e-02 6.675291037243433201e-02
1.215749823951534978e+02 2.832344766910059250e-02 3.708353519115101249e-02 2.387351832756379535e-02 5.162280450859027536e-02 6.372594931118168160e-02 4.867208897339927315e-02
1.221048686787678292e+02 1.793389721971451814e-02 2.372237570404728615e-02 1.480191767472961197e-02 3.971405100925051029e-02 4.915538389807551367e-02 3.754947660173631185e-02
1.226347549623821749e+02 1.280716921907882645e-02 1.695179590382163426e-02 1.048318384565610946e-02 3.258481019230492770e-02 4.014976384421734684e-02 3.116192695653450737e-02
1.231646412459965063e+02 9.922868733547253808e-03 1.308675652359569605e-02 8.092894570463905063e-03 2.864037062046315835e-02 3.491091012512607950e-02 2.789393551214845376e-02
1.236945275296108377e+02 8.116119451985336075e-03 1.064738476428448224e-02 6.602539717297265139e-03 2.668700430656188380e-02 3.203212005636551368e-02 2.662872112570147110e-02
1.242244138132251692e+02 6.906237424151172484e-03 9.004575637991405271e-03 5.604725965221476168e-03 2.566922463273513602e-02 3.025755657290070053e-02 2.644774754175416298e-02
1.247543000968395006e+02 6.064498370533586216e-03 7.854306576399801287e-03 4.909267531236042280e-03 2.468357135794520610e-02 2.850160702985377048e-02 2.663875733391416270e-02
1.252841863804538463e+02 5.467672801670929103e-03 7.031617528206478111e-03 4.414366323404366084e-03 2.329010986922696105e-02 2.616876485293354385e-02 2.702269984232149105e-02
1.258140726640681777e+02 5.043622150650440249e-03 6.439525833744553195e-03 4.060545740116465116e-03 2.170158255544640466e-02 2.334589431862617651e-02 2.818688461083818791e-02
1.263439589476825091e+02 4.747836148582896924e-03 6.017942661719940210e-03 3.811105701816467316e-03 2.054630744615047397e-02 2.054426531294502659e-02 3.132835235853310973e-02
1.268738452312968406e+02 4.552003248004728511e-03 5.728431548919758580e-03 3.642658105562650642e-03 2.042338853761248296e-02 1.823230367161578214e-02 3.780777394231552013e-02
1.274037315149111720e+02 4.437966410871267350e-03 5.546113445615026734e-03 3.540132533958416632e-03 2.157731808331882217e-02 1.659010964895573856e-02 4.836540030721935696e-02
1.279336177985255176e+02 4.394357161023521550e-03 5.455137893389654449e-03 3.493994745318279582e-03 2.369532873406276358e-02 1.556275051355796891e-02 6.174139762471599763e-02
1.284635040821398491e+02 4.414678716533935489e-03 5.446084749955930164e-03 3.498657673991943055e-03 2.583667627511175569e-02 1.500898612581720755e-02 7.363773124598704811e-02
1.289933903657541805e+02 4.496240155285900764e-03 5.514496390913222607e-03 3.551589119554902398e-03 2.681026567337973024e-02 1.479930267471210245e-02 7.838510722527525232e-02
1.295232766493685119e+02 4.639643021792197973e-03 5.660137428082400238e-03 3.652867775743556811e-03 2.600796889556411529e-02 1.485311405749702336e-02 7.331413413279937175e-02
1.300531629329828434e+02 4.848680402485942321e-03 5.886788550290666770e-03 3.805069353406199603e-03 2.389621864853878550e-02 1.514210208884595246e-02 6.121240249180025239e-02
1.305830492165971748e+02 5.130607152519816791e-03 6.202509642281126868e-03 4.013444359575259017e-03 2.156041198650182275e-02 1.567503819718837552e-02 4.768397121172211761e-02
1.311129355002115062e+02 5.496819360700135569e-03 6.620408043372360760e-03 4.286411934695509747e-03 1.987164129419810230e-02 1.647913836281087244e-02 3.682094890801868720e-02
1.316428217838258661e+02 5.964069400082502512e-03 7.160056385505965404e-03 4.636462479495120741e-03 1.914340382342956393e-02 1.759215455976478187e-02 2.973282358160166464e-02
1.321727080674401691e+02 6.556471094896072251e-03 7.849858934388989282e-03 5.081659789761761720e-03 1.932699281968301014e-02 1.906683786409200942e-02 2.577264400282377674e-02
1.327025943510545289e+02 7.308768369467090811e-03 8.730926433909777865e-03 5.648100035564539677e-03 2.030028096603107846e-02 2.098141806895473596e-02 2.398679471671895033e-02
1.332324806346688604e+02 8.271751707094612827e-03 9.863507321197423350e-03 6.373998032637853868e-03 2.201349964646758320e-02 2.345301634317543266e-02 2.371669889427306319e-02
1.337623669182831918e+02 9.521535908256432978e-03 1.133800425332378778e-02 7.316704947961613116e-03 2.452580066634728675e-02 2.665673273841360005e-02 2.464665756196066787e-02
1.342922532018975232e+02 1.117620894436462294e-02 1.329472308120176020e-02 8.565341277421706020e-03 2.801727449182880511e-02 3.085690927949037363e-02 2.672243787597746584e-02
1.348221394855118547e+02 1.342759101123842599e-02 1.596146549364313438e-02 1.026500154274534969e-02 3.282269972900309085e-02 3.646136294607807415e-02 3.010919339027279956e-02
1.353520257691261861e+02 1.660692469602995450e-02 1.973098465854272732e-02 1.266716597630937122e-02 3.951301918129244972e-02 4.411808959450409795e-02 3.522379823787416542e-02
1.358819120527405175e+02 2.133694589267312244e-02 2.533888600749160253e-02 1.624792697628646074e-02 4.906079486984998850e-02 5.488991791158512323e-02 4.286534474768428221e-02
1.364117983363548490e+02 2.894563687282450393e-02 3.433848083463640621e-02 2.203950095393834158e-02 6.315256639594271637e-02 7.056030677161767573e-02 5.450343372232149819e-02
1.369416846199691804e+02 4.281442835564341909e-02 5.058390745075034417e-02 3.278064618309165651e-02 8.469843259981890693e-02 9.408393966061105729e-02 7.280051848968345507e-02
1.374715709035835118e+02 7.286716992996380982e-02 8.485518874090057506e-02 5.709268426659659668e-02 1.182785107445382261e-01 1.298530909823884527e-01 1.021867639215433415e-01
1.380014571871978717e+02 1.456148910816176534e-01 1.643120102074837885e-01 1.197663224954837874e-01 1.690849668575979403e-01 1.823725894643979939e-01 1.481016009126455979e-01
1.385313434708122031e+02 3.037005976337900925e-01 3.298120751740343248e-01 2.633589742128453204e-01 2.374121646177352885e-01 2.508908569027504254e-01 2.116596617577469752e-01
1.390612297544265346e+02 5.434514262153031794e-01 5.733537587296431148e-01 4.873374323557315702e-01 3.091820933748435363e-01 3.211316432847416413e-01 2.796296669138170765e-01
1.395911160380408660e+02 7.269285703946586352e-01 7.568765771518654040e-01 6.577913652152954649e-01 3.551104655217726669e-01 3.655622049782367156e-01 3.228792025536146304e-01
1.401210023216551974e+02 6.887558359839817124e-01 7.194477656829018075e-01 6.147891177514248628e-01 3.516284874535253180e-01 3.626385242008727805e-01 3.179976890471208906e-01
1.406508886052695289e+02 4.703728829584574167e-01 5.009153087195116205e-01 4.057286602027562195e-01 3.052154792984257403e-01 3.182563103826644979e-01 2.725165958624994333e-01
1.411807748888838603e+02 2.584548710358869350e-01 2.839877369136068475e-01 2.127710864250975664e-01 2.468748284507588930e-01 2.609435832834363089e-01 2.180864858765815817e-01
1.417106611724981917e+02 1.500563898129586016e-01 1.682701357680231047e-01 1.210842523965647288e-01 2.052470995126651210e-01 2.178910079767630847e-01 1.824698935911616970e-01
1.422405474561125232e+02 1.376309989525657251e-01 1.491257745391300349e-01 1.191874649532694425e-01 1.924938475143019856e-01 2.012867862473628755e-01 1.767652044564487490e-01
1.427704337397268546e+02 2.116419053820944862e-01 2.140702348911552866e-01 2.042377120825553394e-01 2.067835318129446209e-01 2.097211583671670931e-01 1.989706828732664690e-01
1.433003200233411860e+02 3.595814242175459641e-01 3.477806511529697442e-01 3.699353386878604377e-01 2.343684673270948482e-01 2.307567629467532078e-01 2.345322638929229764e-01
1.438302063069555459e+02 4.829207288891111394e-01 4.612188505927334869e-01 5.063607833247312229e-01 2.512988298530512421e-01 2.434918270364900272e-01 2.564817396549491924e-01
1.443600925905698773e+02 4.529252508942932520e-01 4.377961911243399840e-01 4.683140468502967613e-01 2.378118904160552993e-01 2.306517502128229979e-01 2.424953900776264104e-01
1.448899788741842087e+02 2.967525001109446170e-01 2.960319383544867677e-01 2.943761258265668590e-01 1.960409498488170643e-01 1.930697799072798593e-01 1.964704112325644236e-01
1.454198651577985402e+02 1.503338325243044338e-01 1.568248775888739510e-01 1.400702296014327553e-01 1.455856442630721614e-01 1.467664542338452116e-01 1.421129909415507764e-01
1.459497514414128716e+02 7.208269391539477711e-02 7.843782504997277860e-02 6.307683360771562664e-02 1.032186355568043140e-01 1.065621256371649117e-01 9.811499358994424380e-02
1.464796377250272030e+02 3.961907433319953459e-02 4.414023843922148388e-02 3.344034668360898466e-02 7.365224509339378389e-02 7.748599317527526953e-02 6.858098511152645183e-02
1.470095240086415345e+02 2.571879788732800085e-02 2.890852105281803072e-02 2.141430475297260994e-02 5.438196527155627485e-02 5.795200810887764231e-02 4.995115924381323541e-02
1.475394102922558659e+02 1.858035737345699323e-02 2.096920687831993479e-02 1.537385150186526550e-02 4.176711748944606645e-02 4.488246424303971027e-02 3.803566863319748914e-02
1.480692965758701973e+02 1.429334309982995335e-02 1.617652338151270158e-02 1.177552020669945902e-02 3.320798966820236175e-02 3.588573786906704838e-02 3.007380154370381184e-02
1.485991828594845288e+02 1.145335207627389690e-02 1.299251829183025765e-02 9.403184022587968149e-03 2.715381647238528096e-02 2.946067047365583114e-02 2.449941687012558225e-02
1.491290691430988886e+02 9.447940662368516096e-03 1.073910245364189178e-02 7.734519252656662548e-03 2.270718438372637538e-02 2.470992564649890713e-02 2.043470450040416747e-02
1.496589554267132200e+02 7.966130056950527713e-03 9.070691667934095703e-03 6.505757682207418194e-03 1.933588584181891723e-02 2.109019511278125564e-02 1.736959373580256039e-02
1.501888417103275515e+02 6.833087043375845292e-03 7.792616119067724903e-03 5.569100870887334041e-03 1.671152007579846180e-02 1.826160000400042088e-02 1.499360838229226583e-02
1.507187279939418829e+02 5.943130969769871638e-03 6.787029441696466707e-03 4.835453290308853319e-03 1.462313068886602827e-02 1.600371282481562879e-02 1.310923872919783975e-02
1.512486142775562143e+02 5.228768414150340715e-03 5.978569142992095145e-03 4.248055096069377860e-03 1.293016991175173665e-02 1.416863922147871060e-02 1.158586263339723803e-02
1.517785005611705458e+02 4.644975810012372253e-03 5.316899641694456183e-03 3.769132011493725801e-03 1.153595282978865308e-02 1.265408800448719444e-02 1.033414808280037379e-02
1.523083868447848772e+02 4.160634316186011261e-03 4.767188627547943626e-03 3.372634659319515438e-03 1.037208912257514375e-02 1.138738933483754261e-02 9.291210053432221588e-03
1.528382731283992086e+02 3.753591291197804283e-03 4.304610793028636195e-03 3.040059564303745996e-03 9.389014261714866139e-03 1.031568900415530399e-02 8.411659595923999533e-03
1.533681594120135401e+02 3.407678075136632515e-03 3.911025995771576572e-03 2.757929800349885000e-03 8.550036602471765626e-03 9.399742091535955024e-03 7.662014399204432509e-03
1.538980456956278715e+02 3.110838027500473137e-03 3.572892407164083954e-03 2.516216138337991175e-03 7.827482096146955171e-03 8.609871959912944114e-03 7.017098865846714897e-03
1.544279319792422029e+02 2.853912087182013460e-03 3.279911566138501034e-03 2.307314399097038383e-03 7.200130383170312218e-03 7.923271031162455388e-03 6.457661166169068045e-03
1.549578182628565628e+02 2.629828154278796189e-03 3.024123244085370928e-03 2.125363933549147613e-03 6.651468795442758326e-03 7.322155868522947468e-03 5.968756985557195291e-03
1.554877045464708942e+02 2.433046408298438368e-03 2.799285586558884244e-03 1.965782009344214758e-03 6.168477813391888900e-03 6.792479783105305133e-03 5.538629198595393377e-03
1.560175908300852257e+02 2.259171360932144337e-03 2.600441230368668796e-03 1.824938662578693424e-03 5.740769910852212832e-03 6.323017527247739612e-03 5.157916014414645062e-03
1.565474771136995571e+02 2.104675202367231341e-03 2.423607642457893240e-03 1.699925181242307320e-03 5.359968339259970488e-03 5.904703422606742864e-03 4.819081371803844022e-03
1.570773633973138885e+02 1.966697058073305603e-03 2.265552245928497722e-03 1.588386366096497092e-03 5.019251936250561201e-03 5.530145335094762034e-03 4.515998641910016695e-03
1.576072496809282200e+02 1.842895034509453014e-03 2.123626548977688381e-03 1.488397083369136058e-03 4.713016809277700836e-03 5.193262741868208063e-03 4.243641950867704273e-03
1.581371359645425514e+02 1.731335620977162565e-03 1.995642056479560340e-03 1.398370118777539578e-03 4.436621598474191179e-03 4.889013732422975780e-03 3.997854265778501975e-03
1.586670222481568828e+02 1.630409947812507931e-03 1.879776241204474899e-03 1.316986505203183349e-03 4.186193374984280118e-03 4.613186657275473654e-03 3.775171039810267838e-03
1.591969085317712143e+02 1.538769632167509473e-03 1.774500454189278454e-03 1.243142220094438800e-03 3.958478114952823819e-03 4.362239387074007789e-03 3.572684611778340243e-03
1.597267948153855457e+02 1.455277099115699635e-03 1.678524059443772202e-03 1.175906964656262856e-03 3.750724344601042565e-03 4.133174059411930980e-03 3.387938871547395512e-03
1.602566810989998771e+02 1.378966730027375489e-03 1.590750712454401397e-03 1.114491968597188139e-03 3.560591749083933007e-03 3.923438573357929289e-03 3.218846659471611901e-03
1.607865673826142370e+02 1.309014200099059338e-03 1.510243829796993143e-03 1.058224612876075598e-03 3.386078765464779500e-03 3.730848453316059753e-03 3.063624423505477683e-03
1.613164536662285684e+02 1.244712073688035089e-03 1.436199086883740419e-03 1.006528256171805797e-03 3.225464753008869603e-03 3.553524374331058517e-03 2.920740105771214498e-03
1.618463399498428998e+02 1.185450227363062190e-03 1.367922341266239157e-03 9.589060711272287107e-04 3.077263458379060190e-03 3.389841837142248959e-03 2.788871263521386194e-03
1.623762262334572313e+02 1.130700030521575826e-03 1.304811781541650095e-03 9.149279979258012965e-04 2.940185306417290954e-03 3.238390347664644748e-03 2.666871175156364585e-03
1.629061125170715627e+02 1.080001474874527859e-03 1.246343394527499662e-03 8.742201415380193574e-04 2.813106641561645936e-03 3.097940089799884091e-03 2.553741226098605547e-03
1.634359988006858941e+02 1.032952636057203827e-03 1.192059058329430999e-03 8.364560994358468879e-04 2.695044483824572592e-03 2.967414549419010537e-03 2.448608270441381216e-03
