# Pr3+ 10 200
5.000000000000000000e+00 2.311238546726240572e-01 2.722088333113565350e-01 1.311632331493072477e-02 1.434070454678343549e-02
5.796160797993396230e+00 1.239975043067268329e-01 2.009790006470849322e-01 1.085640732877258922e-02 1.267659759599494736e-02
6.592321595986792460e+00 7.650026912878016283e-02 1.218487480592167355e-01 9.363968779912437007e-03 1.145337434135773255e-02
7.388482393980189578e+00 3.932490911076548523e-02 1.050382880327849627e-01 8.495215702832535631e-03 1.063167420306260214e-02
8.184643191973584919e+00 3.843754327163941692e-02 9.439611390872405805e-02 8.096495006677525280e-03 1.016095632174034667e-02
8.980803989966982925e+00 4.118546313670148895e-02 6.744344004724320274e-02 8.109267667281816472e-03 1.001693348682090000e-02
9.776964787960379155e+00 4.935278685021496359e-02 1.051053411745669214e-01 8.594835746177545421e-03 1.020897467695702429e-02
1.057312558595377538e+01 8.691852358076491980e-02 1.031862363828760093e-01 9.640883648116962273e-03 1.075117296410503173e-02
1.136928638394717161e+01 1.612816959065425104e-01 1.665743847278939316e-01 1.122990222116956177e-02 1.161285925727306365e-02
1.216544718194056784e+01 2.122853889511219228e-01 1.931260788349006274e-01 1.318725523235167278e-02 1.268490249052900941e-02
1.296160797993396407e+01 3.016793640210614358e-01 2.298712529712999553e-01 1.520138040013095833e-02 1.378452812476475484e-02
1.375776877792736030e+01 3.999055934913477994e-01 2.914041219528644144e-01 1.688406250697698993e-02 1.469302341810775972e-02
1.455392957592075831e+01 4.874363770910186688e-01 3.223478869768471311e-01 1.786895177975815485e-02 1.521094421466315412e-02
1.535009037391415454e+01 5.153146959595427123e-01 3.146078970657365526e-01 1.792429875542928680e-02 1.521343989760431427e-02
1.614625117190755077e+01 4.508877600535581287e-01 2.835435275769361274e-01 1.703142920554936296e-02 1.468593995081204917e-02
1.694241196990094522e+01 3.380204440366768592e-01 2.244024257258403765e-01 1.538921764247326573e-02 1.372535780302481211e-02
1.773857276789434323e+01 2.088802343561833030e-01 1.963353187363082175e-01 1.334123555093291898e-02 1.250594779521631283e-02
1.853473356588774124e+01 1.119558951524762119e-01 1.343326968086623330e-01 1.126101393114482124e-02 1.122420538302308993e-02
1.933089436388113569e+01 5.739584880951183188e-02 1.073751723494058286e-01 9.446418737944507413e-03 1.004466965485509983e-02
2.012705516187453014e+01 4.010019203354968365e-02 6.057020446151353821e-02 8.059143296011169952e-03 9.065361045297509746e-03
2.092321595986792815e+01 2.536607920138728156e-02 6.251625161562450461e-02 7.116731611817730431e-03 8.311839714176655000e-03
2.171937675786132615e+01 1.381832022808008112e-02 4.222911384818842095e-02 6.529725820803558914e-03 7.756916415772760823e-03
2.251553755585472061e+01 1.073144954478105761e-02 3.061854954251977054e-02 6.171010516667166726e-03 7.351574165812034718e-03
2.331169835384811861e+01 7.919712519985570853e-03 1.898497811882863054e-02 5.938197859635302271e-03 7.049315938643113330e-03
2.410785915184151662e+01 5.722355154187052165e-03 1.847416147678850387e-02 5.771963050381736723e-03 6.816070810040158676e-03
2.490401994983491107e+01 2.284824551112218591e-02 1.398526793275106476e-02 5.643420425150237618e-03 6.629802780625700977e-03
2.570018074782830908e+01 5.830835975158333781e-03 7.083020473988566046e-03 5.538820691243143308e-03 6.476807737566856772e-03
2.649634154582170353e+01 8.187005942652201759e-03 1.573780657628558871e-02 5.450987138514308550e-03 6.348432343727048767e-03
2.729250234381510154e+01 4.578707014222186365e-03 1.312635598070574158e-02 5.375665154129343794e-03 6.238992196275596099e-03
2.808866314180849599e+01 8.041966554281011065e-03 6.758743402437633781e-03 5.310065958080059829e-03 6.144593519477108308e-03
2.888482393980189400e+01 3.471257727101681977e-03 7.117236667356005402e-03 5.252239404443428961e-03 6.062477173850216484e-03
2.968098473779528845e+01 7.376418236681104440e-03 4.286781628219042684e-03 5.200762959892163417e-03 5.990643973368919677e-03
3.047714553578868646e+01 1.136943961488178119e-02 6.568384666517644924e-03 5.154566949870313664e-03 5.927635732486939701e-03
3.127330633378208447e+01 -3.707868130513844538e-03 1.318031136625257005e-03 5.112827738034834979e-03 5.872412303501319160e-03
3.206946713177548247e+01 -2.947493555795785945e-03 2.134648386569754086e-02 5.074898716074347817e-03 5.824302966800904043e-03
3.286562792976887692e+01 2.217290864094684927e-03 -5.281497413201826502e-04 5.040263919108259674e-03 5.783039577614401856e-03
3.366178872776227138e+01 9.292558343086936706e-05 4.978928628584977992e-03 5.008505872458947870e-03 5.748902447766616498e-03
3.445794952575566583e+01 -2.108323366694411435e-03 8.106872890156923209e-03 4.979282733117886516e-03 5.722992396952481832e-03
3.525411032374906029e+01 -4.652728363223530318e-04 3.254586246108032675e-03 4.952311688706931801e-03 5.707477020108761741e-03
3.605027112174246184e+01 3.584346453150053045e-03 3.111164968871071509e-04 4.927356677881839127e-03 5.705257755318982743e-03
3.684643191973585630e+01 -3.832491861496634816e-03 -2.257604995548165468e-03 4.904219161404312251e-03 5.718205359037477342e-03
3.764259271772925786e+01 2.135352274437869215e-03 -7.695706739849535877e-04 4.882731088816885667e-03 5.743959158391868935e-03
3.843875351572265231e+01 7.066981379505815619e-03 9.642889965632960719e-03 4.862749472904422630e-03 5.773603387336989287e-03
3.923491431371604676e+01 7.206256916447157171e-03 1.145933779274635467e-02 4.844152160208252920e-03 5.793625910872385494e-03
4.003107511170944122e+01 -3.276326467235749634e-03 9.929588312519312121e-03 4.826834504411873714e-03 5.792454072532489395e-03
4.082723590970284278e+01 6.018849420018775563e-03 1.510929347640648651e-02 4.810706730798896755e-03 5.767201495480741083e-03
4.162339670769623723e+01 -4.240514822549049621e-03 1.936624545979669793e-02 4.795691836845106595e-03 5.725436210138111319e-03
4.241955750568963168e+01 7.130486357910753668e-04 6.069598193226360960e-03 4.781723914394070754e-03 5.680615415022642958e-03
4.321571830368303324e+01 4.771030289621642530e-05 1.533978610950633564e-02 4.768746808007170643e-03 5.644769225230369947e-03
4.401187910167642769e+01 -1.160443294343968187e-02 7.819562232496569260e-03 4.756713045436074261e-03 5.623833232934094713e-03
4.480803989966982215e+01 -5.610148716551908218e-04 9.349160680110850039e-03 4.745582992073808445e-03 5.617975081702547384e-03
4.560420069766321660e+01 5.571463211685641695e-03 -6.036314890599872585e-03 4.735324193302857185e-03 5.624717987751703778e-03
4.640036149565661816e+01 -1.738616103792432451e-03 1.210845137206168105e-02 4.725910877997148776e-03 5.641590292055609010e-03
4.719652229365001261e+01 7.000658241812244588e-03 1.084438500767665944e-02 4.717323603850952576e-03 5.667145577643801016e-03
4.799268309164340707e+01 9.140799850732628240e-03 8.367641235477934342e-03 4.709549031289726392e-03 5.700946689766762943e-03
4.878884388963680152e+01 6.757747499500505991e-04 5.034172882228204506e-03 4.702579817912715121e-03 5.743287714024348026e-03
4.958500468763020308e+01 3.862480734273589147e-03 1.217743125920753636e-02 4.696414630080594788e-03 5.794997814070296932e-03
5.038116548562359753e+01 1.874485762296102930e-03 8.338460534247835870e-03 4.691058272696948910e-03 5.857378625187389595e-03
5.117732628361699199e+01 5.806939142660599157e-03 4.182054462367995606e-03 4.686521942719523021e-03 5.932248539913263612e-03
5.197348708161039355e+01 1.156009691753430955e-03 1.638199407220248746e-03 4.682823616759889708e-03 6.022079618879934773e-03
5.276964787960378800e+01 -2.649687589010255896e-03 4.524732804871713608e-03 4.679988588602417184e-03 6.130245349753333378e-03
5.356580867759718245e+01 9.402087550229884169e-03 1.181904548697617144e-02 4.678050178971633957e-03 6.261440036073167084e-03
5.436196947559057691e+01 1.044730669582573422e-03 1.578546138288294126e-03 4.677050647878648604e-03 6.422398863067061564e-03
5.515813027358397846e+01 6.273982397241107192e-03 1.841246697093385648e-02 4.677042350014882707e-03 6.623154354695596699e-03
5.595429107157737292e+01 7.271182293107886219e-03 2.359647552508844018e-02 4.678089186799755210e-03 6.879150387583778982e-03
5.675045186957076737e+01 4.229088923350793165e-03 2.832192322304385654e-02 4.680268426037459233e-03 7.214360504355719038e-03
5.754661266756416893e+01 -1.285867482593216907e-03 2.675748649995145570e-02 4.683672983421712822e-03 7.664903119244207211e-03
5.834277346555756338e+01 4.906181884151760396e-03 5.598371893569042967e-02 4.688414291848527239e-03 8.281909464187567349e-03
5.913893426355095784e+01 8.705404125673875740e-03 6.845099356525378986e-02 4.694625928346055424e-03 9.130844654933988058e-03
5.993509506154435229e+01 -1.034654847362785710e-03 1.101255293147631320e-01 4.702468229941772666e-03 1.027657970520164804e-02
6.073125585953775385e+01 1.802257737033418489e-03 1.408758078135695646e-01 4.712134217407067810e-03 1.173387472535106224e-02
6.152741665753114830e+01 3.391405343156920528e-03 2.405866423653158503e-01 4.723857272684591629e-03 1.338750963049144781e-02
6.232357745552454276e+01 -1.587645369096088704e-03 2.812302412880687830e-01 4.737921202770604100e-03 1.494787307328089912e-02
6.311973825351794432e+01 6.010918399760374620e-03 3.941155508414290187e-01 4.754673603765601810e-03 1.601857321462601610e-02
6.391589905151133877e+01 -1.242988649784642317e-03 3.731829393016184993e-01 4.774543870141985391e-03 1.626925204087160612e-02
6.471205984950472612e+01 -1.098151581825070749e-02 3.194652866304901195e-01 4.798067872695659271e-03 1.560912309657258926e-02
6.550822064749812057e+01 -4.449609576893968563e-03 2.329245283805891353e-01 4.825922425285697134e-03 1.423984390194923955e-02
6.630438144549152923e+01 6.808756800501000565e-03 1.656960752055350594e-01 4.858974489704932266e-03 1.255037546966601344e-02
6.710054224348492369e+01 3.726249972634667305e-03 1.160602255793986570e-01 4.898353233042555994e-03 1.092972754697118035e-02
6.789670304147831814e+01 8.236337368699282735e-03 8.128601773352196747e-02 4.945558771537501494e-03 9.619044201601336525e-03
6.869286383947171259e+01 6.890669528288706491e-03 5.723492767077643234e-02 5.002632333954658977e-03 8.677516050112342796e-03
6.948902463746510705e+01 1.729168229037410459e-03 4.525908353498781650e-02 5.072434790178324479e-03 8.048093194616400339e-03
7.028518543545851571e+01 3.349505819750377405e-03 2.468188552516675793e-02 5.159130079151954575e-03 7.646314380977656949e-03
7.108134623345191017e+01 8.449177151979496252e-04 3.948431045732606059e-02 5.269097020421649111e-03 7.409771478094509187e-03
7.187750703144530462e+01 7.837881236285624414e-03 4.109044223644454930e-02 5.412892943551207529e-03 7.307164674540180330e-03
7.267366782943869907e+01 1.696268898844079109e-02 3.570584619655406411e-02 5.610423657444126716e-03 7.334089374407361250e-03
7.346982862743209353e+01 9.506318127829932116e-03 2.740198208838272656e-02 5.906856501271822921e-03 7.512210942235663692e-03
7.426598942542548798e+01 9.530294644328102943e-03 4.102211601371411054e-02 6.414576820870319593e-03 7.893164907829614690e-03
7.506215022341888243e+01 3.645009958988357224e-02 4.447935446904507234e-02 7.359612116142147734e-03 8.551168029424165845e-03
7.585831102141229110e+01 5.350741447283971497e-02 6.392336940182090366e-02 8.987183201966869595e-03 9.531422092356384157e-03
7.665447181940568555e+01 1.407778223345040602e-01 1.160798391373322191e-01 1.127059782427166160e-02 1.075378282061491622e-02
7.745063261739908000e+01 2.520359578849826754e-01 1.692793946820089768e-01 1.369908545379120053e-02 1.195434026058167856e-02
7.824679341539247446e+01 3.236924004846243319e-01 1.748514598345651816e-01 1.540569477510828240e-02 1.275648073664834362e-02
7.904295421338586891e+01 3.356314479266356288e-01 1.721055447004838646e-01 1.564727640458435029e-02 1.285907274964214267e-02
7.983911501137926336e+01 2.546449922570506730e-01 1.551129216134700117e-01 1.431130276719797673e-02 1.221492407211211342e-02
8.063527580937265782e+01 1.495456994783730398e-01 1.243686195507808373e-01 1.199781526976704052e-02 1.105788153450258660e-02
8.143143660736606648e+01 7.698605526110142983e-02 8.443794081756265946e-02 9.597538748919116902e-03 9.755941548302395419e-03
8.222759740535946094e+01 3.095871895760617803e-02 3.842427898556004945e-02 7.756261364082712301e-03 8.610539988351470497e-03
8.302375820335285539e+01 2.374811502629775237e-02 3.160458130611215610e-02 6.631801230138483459e-03 7.747534355122253150e-03
8.381991900134624984e+01 1.118756032200626978e-02 1.913662600860877375e-02 6.024693227206792678e-03 7.145426663379901219e-03
8.461607979933964430e+01 1.067667765799502552e-02 1.972047367989385527e-02 5.682758925766319934e-03 6.728181886602664294e-03
8.541224059733303875e+01 6.453156431201361766e-03 2.277894938871797420e-02 5.462876296108924896e-03 6.429102047112224619e-03
8.620840139532643320e+01 1.537435798707157894e-03 1.304299306127466515e-02 5.306095838485774992e-03 6.205480969429659141e-03
8.700456219331982766e+01 5.732798151450833532e-03 9.546032025900456561e-03 5.187653511722697605e-03 6.032203332864232576e-03
8.780072299131323632e+01 1.331054408067233914e-02 -7.087881768174843916e-04 5.095081542069098378e-03 5.894224329776172507e-03
8.859688378930663077e+01 4.917477912956639066e-03 1.757648472520968036e-02 5.021088979045217233e-03 5.782072749498651590e-03
8.939304458730002523e+01 4.506937949728024445e-03 1.139383420832325647e-02 4.961017205952484091e-03 5.689490533166993366e-03
9.018920538529341968e+01 -3.459750839550804029e-04 1.764164982504484377e-02 4.911718957417618089e-03 5.612175452163558828e-03
9.098536618328681413e+01 -3.374060388928956655e-03 5.968396779143904721e-03 4.870982890047387617e-03 5.547075286268236816e-03
9.178152698128020859e+01 4.574252631997224525e-03 1.040542980088536226e-02 4.837209136636093365e-03 5.491970145161550847e-03
9.257768777927360304e+01 5.143594253965015281e-03 -1.533024788094939153e-04 4.809214377212362064e-03 5.445214003130222948e-03
9.337384857726701171e+01 3.257952351821303584e-03 8.407399684675119847e-03 4.786109076206385149e-03 5.405568783309003082e-03
9.417000937526040616e+01 6.447296638744642178e-03 -2.301748674518707544e-03 4.767217305621270287e-03 5.372094636352564394e-03
9.496617017325380061e+01 3.056918049387357533e-04 1.207771011735246300e-03 4.752022889638216237e-03 5.344075657220640971e-03
9.576233097124719507e+01 4.087820873594920183e-03 -2.113120382937561451e-03 4.740132476643314427e-03 5.320968727917982539e-03
9.655849176924058952e+01 -6.424324487168929249e-04 4.025575196843547525e-03 4.731249900669764336e-03 5.302367953171162329e-03
9.735465256723398397e+01 8.659030204239795067e-03 5.672599953870434419e-03 4.725158350134208221e-03 5.287979971933925646e-03
9.815081336522737843e+01 1.187149544370879510e-03 4.842474854010955093e-03 4.721708155503196933e-03 5.277607152470087035e-03
9.894697416322078709e+01 -7.502100650248934820e-03 7.482127559704950664e-03 4.720808820219338578e-03 5.271136780529781483e-03
9.974313496121418154e+01 7.812115030416250799e-03 -2.052725031988088429e-03 4.722424458459184918e-03 5.268535091682153594e-03
1.005392957592075760e+02 8.473563109707083407e-04 -4.908261123693195144e-03 4.726572189104545456e-03 5.269845536090693103e-03
1.013354565572009705e+02 4.674800459358530169e-03 -5.429525817195155445e-03 4.733323343032704023e-03 5.275191096971577724e-03
1.021316173551943649e+02 6.265636722634540523e-03 4.195982837791227896e-04 4.742807624528908549e-03 5.284780885742341658e-03
1.029277781531877594e+02 -1.776178905475702665e-03 5.585597647636928766e-03 4.755220674866996594e-03 5.298921672371580995e-03
1.037239389511811538e+02 -2.810087109135694580e-04 1.962962432686021514e-03 4.770835870186456926e-03 5.318035551228163411e-03
1.045200997491745625e+02 -6.273516549205823863e-03 1.019423654146052807e-02 4.790021719921416961e-03 5.342685689192036569e-03
1.053162605471679569e+02 8.447918325104660647e-03 -4.271597160019893410e-04 4.813267030961633844e-03 5.373613205341114078e-03
1.061124213451613514e+02 6.742199459466797010e-03 1.880292813099666577e-03 4.841217261216163373e-03 5.411789941510988279e-03
1.069085821431547458e+02 4.427420192538430999e-03 8.503279588813892481e-03 4.874727553390178006e-03 5.458494639216946234e-03
1.077047429411481403e+02 -8.452229796439971604e-03 -3.539391415827977325e-03 4.914941471043468915e-03 5.515424638895858635e-03
1.085009037391415347e+02 3.416289010716495704e-03 1.043393884413901761e-02 4.963410744781480109e-03 5.584863172191855199e-03
1.092970645371349292e+02 1.936037629384788471e-03 8.630184777305073551e-03 5.022283055146167796e-03 5.669936605715462583e-03
1.100932253351283379e+02 6.297351394846280315e-03 5.225134883513973122e-03 5.094607946669911860e-03 5.775022764026833434e-03
1.108893861331217323e+02 -6.159865108753895258e-04 3.570808447485840885e-03 5.184859483240501429e-03 5.906424044987388343e-03
1.116855469311151268e+02 -1.588412288090663288e-03 -3.942457445423985796e-03 5.299885218125837544e-03 6.073527858004406678e-03
1.124817077291085212e+02 3.397823897537551562e-03 9.682473006146403299e-03 5.450775090240314938e-03 6.290914078298707676e-03
1.132778685271019157e+02 6.454165712869163428e-03 2.709784969514568084e-02 5.657003014645740208e-03 6.582400081653842078e-03
1.140740293250953101e+02 8.082627013272716474e-03 2.642422580423977110e-02 5.957573122958014292e-03 6.989062471454705015e-03
1.148701901230887046e+02 1.826347479827308135e-02 4.141219310948950072e-02 6.450222965210092654e-03 7.583488831568344773e-03
1.156663509210821132e+02 3.398550184948925107e-02 4.745999131937861382e-02 7.422110004143028794e-03 8.478816123468978228e-03
1.164625117190755077e+02 8.894280712812931144e-02 7.626450562924427801e-02 9.442515624997423890e-03 9.763696035334442497e-03
1.172586725170689022e+02 1.794284621567741045e-01 1.367605415843666516e-01 1.262479345397367857e-02 1.128163154735649376e-02
1.180548333150622966e+02 3.059635586828510223e-01 1.959248503914183814e-01 1.553963313350713304e-02 1.246765046393018793e-02
1.188509941130556911e+02 4.040672610662870978e-01 1.709635347579725184e-01 1.605231845893286338e-02 1.266924008367150377e-02
1.196471549110490855e+02 2.495208797298776870e-01 1.555173391847967934e-01 1.373485791670255897e-02 1.176674224321669002e-02
1.204433157090424800e+02 1.054961358432141283e-01 1.136617072601779216e-01 1.040997042759052651e-02 1.030501227254791187e-02
1.212394765070358886e+02 3.828859763220340134e-02 6.612722656640934726e-02 7.964361771335408402e-03 8.953581684848225392e-03
1.220356373050292831e+02 2.184295354185130517e-02 4.215453512208797854e-02 6.730166463477512545e-03 8.022329951236351758e-03
1.228317981030226775e+02 1.157167171031604075e-02 3.019880359521615043e-02 6.147795609468792444e-03 7.500565815993482689e-03
1.236279589010160720e+02 -4.242009319601804801e-04 2.635943543605258690e-02 5.825845369114016764e-03 7.275789900422520787e-03
1.244241196990094664e+02 1.550833689413576646e-02 3.092963664472251836e-02 5.625176442297719244e-03 7.186136373099325826e-03
1.252202804970028609e+02 7.595167783874621353e-04 1.518692060210860562e-02 5.494845741715149307e-03 7.071509511711572549e-03
1.260164412949962554e+02 -3.313286971963237681e-03 2.205829273847739400e-02 5.411239805216716200e-03 6.920023542252038383e-03
1.268126020929896640e+02 1.036966464647102668e-02 1.253751999050854021e-02 5.361717979591736072e-03 6.865321949907554275e-03
1.276087628909830585e+02 3.752268439281882580e-03 1.757251916408441791e-02 5.339087224951888887e-03 6.998223234720825706e-03
1.284049236889764529e+02 1.281708114938637580e-02 2.477030087755387536e-02 5.339292438395144662e-03 7.214320784390241756e-03
1.292010844869698474e+02 -1.082194170257891851e-03 1.411222107283171580e-02 5.360357160035489690e-03 7.285909103425618899e-03
1.299972452849632418e+02 8.813239188385797035e-03 1.779779822975515249e-02 5.401920785205367899e-03 7.130686526216276078e-03
1.307934060829566363e+02 7.170926059031882890e-03 2.852203721298182670e-02 5.465134197086871093e-03 6.906524607198873469e-03
1.315895668809500307e+02 4.708370393141769056e-03 5.555401322512963994e-03 5.552855672642530854e-03 6.790389398772413501e-03
1.323857276789434252e+02 1.109079850772316800e-02 2.679960635117114784e-02 5.670215516778964390e-03 6.821340546334328861e-03
1.331818884769368196e+02 1.793664058371025743e-02 1.280908395985778415e-02 5.825788536713620742e-03 6.973017263428141037e-03
1.339780492749302141e+02 7.879353173678840805e-03 2.966965296743619140e-02 6.033974315617491452e-03 7.232787371536447511e-03
1.347742100729236085e+02 1.700139130039921703e-02 2.608315204579222599e-02 6.320153806881946904e-03 7.616271371386566444e-03
1.355703708709170314e+02 1.892708922181670153e-02 3.344403180557518895e-02 6.733388986806624135e-03 8.170743965070477802e-03
1.363665316689104259e+02 3.112396883060680394e-02 6.763257081284072825e-02 7.385572975198443670e-03 8.991774462012814412e-03
1.371626924669038203e+02 5.603240342386638095e-02 8.104946735062788787e-02 8.613204561109944271e-03 1.024911719745444545e-02
1.379588532648972148e+02 1.180550388092101721e-01 1.607997427931408541e-01 1.143490691005045849e-02 1.212233996962975950e-02
1.387550140628906092e+02 3.965637298898898044e-01 2.610835594555339645e-01 1.664100182662028860e-02 1.437317026256041200e-02
1.395511748608840037e+02 7.213075309026716342e-01 3.615150593344695351e-01 2.096274695952045006e-02 1.588995067352511753e-02
1.403473356588773981e+02 6.026621731890493550e-01 3.462328124500027027e-01 1.962780016224008328e-02 1.560398152364283163e-02
1.411434964568707926e+02 2.668552309260615041e-01 2.307976947000270063e-01 1.447858826771132590e-02 1.404631573814798910e-02
1.419396572548641871e+02 1.308947855984939346e-01 1.737060214574237260e-01 1.137137958586478988e-02 1.287790039509903624e-02
1.427358180528575815e+02 2.004214822354946357e-01 1.736312585616295312e-01 1.299140153112295949e-02 1.305538126857096713e-02
1.435319788508509760e+02 4.355992641829261047e-01 2.317961615217526139e-01 1.697716786595956928e-02 1.387561219807937306e-02
1.443281396488443704e+02 4.556961819681871195e-01 2.399397670363962731e-01 1.758504282701648172e-02 1.379837880932116394e-02
1.451243004468377649e+02 2.097752933287009014e-01 1.759958425626385603e-01 1.358690787159272211e-02 1.237224514234167884e-02
1.459204612448311593e+02 7.799963079193762694e-02 9.486154201459964797e-02 9.566055614348237604e-03 1.053727489018246172e-02
1.467166220428245822e+02 2.345329728887907833e-02 5.416605487787193307e-02 7.639148595759861701e-03 9.102449996949956920e-03
1.475127828408179766e+02 2.569306050254338905e-02 5.163955230497314225e-02 6.784466245653547264e-03 8.147417210209565580e-03
1.483089436388113711e+02 6.687115405803041764e-03 2.911900936101385201e-02 6.299195413723488249e-03 7.505384990243091012e-03
1.491051044368047656e+02 6.348823827303862535e-03 2.393549439699374504e-02 5.976523354029240898e-03 7.049274828970547926e-03
1.499012652347981600e+02 6.048639554653722009e-03 1.463971857851655706e-02 5.742950446204315822e-03 6.708312612475893916e-03
1.506974260327915545e+02 3.402974461953430819e-03 2.038757518351183573e-02 5.564524660905828708e-03 6.443082698893416380e-03
1.514935868307849489e+02 1.757030201553490961e-02 1.820885139478435263e-02 5.423001473754925257e-03 6.230334098730410698e-03
1.522897476287783434e+02 -4.306278176140123509e-05 9.980094564155068265e-03 5.307573142658391502e-03 6.055524797295744679e-03
1.530859084267717378e+02 -1.982086479404682709e-04 2.135749949347950580e-02 5.211375530830111499e-03 5.909092421455399563e-03
1.538820692247651323e+02 2.759690162097835995e-03 1.698381388207001810e-02 5.129813207255998382e-03 5.784481725603028354e-03
1.546782300227585267e+02 9.639411870429022769e-03 7.599244628935442579e-03 5.059679541323348212e-03 5.677040681923392271e-03
1.554743908207519212e+02 -4.790034297933891405e-03 9.053564545934091393e-03 4.998660927472632805e-03 5.583370764134534987e-03
1.562705516187453156e+02 3.792669307091429791e-03 2.898623357078402348e-03 4.945041430014156941e-03 5.500927481999894932e-03
1.570667124167387101e+02 -2.004917103942638508e-03 2.626736225673880366e-03 4.897518616907737578e-03 5.427765344781254955e-03
1.578628732147321330e+02 -1.974750037999441210e-03 8.902225265078842278e-03 4.855084269128676772e-03 5.362369634690835121e-03
1.586590340127255274e+02 6.188510134176439421e-03 9.955898054817753119e-04 4.816944577498188246e-03 5.303542245028930804e-03
1.594551948107189219e+02 2.346598698883393085e-03 6.773478412729313711e-03 4.782465255082368923e-03 5.250322255932525148e-03
1.602513556087123163e+02 -7.558320756345761945e-04 1.031352922112913940e-02 4.751132866403098495e-03 5.201929452123369227e-03
1.610475164067057108e+02 -1.097720990716715209e-03 -3.437582065099458600e-03 4.722527001204707142e-03 5.157723366491005421e-03
1.618436772046991052e+02 1.094974774089449432e-02 -3.497447565790112994e-03 4.696299874866392138e-03 5.117173061631697176e-03
1.626398380026924997e+02 3.732158089031253467e-03 -2.509634031752675746e-03 4.672161123186608679e-03 5.079834484069822506e-03
1.634359988006858941e+02 6.073496484303822799e-04 6.825759295853339043e-03 4.649866299255848295e-03 5.045333253444961134e-03
