# [0.         0.         0.85714286], [0.         0.         0.85714286], [0.         0.         0.85714286]
5.000000000000000000e+00 4.836693114591383673e-03 4.836693114591383673e-03 4.836693114591383673e-03 1.552167167863813778e-02 1.552167167863813778e-02 1.552167167863813778e-02
5.174001145243154021e+00 4.536926291636379262e-03 4.536926291636379262e-03 4.536926291636379262e-03 1.455256371588193806e-02 1.455256371588193806e-02 1.455256371588193806e-02
5.348002290486307153e+00 4.269586668084022693e-03 4.269586668084022693e-03 4.269586668084022693e-03 1.368658306666801702e-02 1.368658306666801702e-02 1.368658306666801702e-02
5.522003435729461174e+00 4.030228603711665143e-03 4.030228603711665143e-03 4.030228603711665143e-03 1.290978187105155592e-02 1.290978187105155592e-02 1.290978187105155592e-02
5.696004580972615194e+00 3.815167884298521512e-03 3.815167884298521512e-03 3.815167884298521512e-03 1.221055899393838108e-02 1.221055899393838108e-02 1.221055899393838108e-02
5.870005726215768327e+00 3.621327067779477916e-03 3.621327067779477916e-03 3.621327067779477916e-03 1.157919372599093381e-02 1.157919372599093381e-02 1.157919372599093381e-02
6.044006871458922348e+00 3.446117203913460179e-03 3.446117203913460179e-03 3.446117203913460179e-03 1.100748623162392352e-02 1.100748623162392352e-02 1.100748623162392352e-02
6.218008016702075480e+00 3.287346216824572637e-03 3.287346216824572637e-03 3.287346216824572637e-03 1.048847718396118608e-02 1.048847718396118608e-02 1.048847718396118608e-02
6.392009161945229501e+00 3.143147142826228490e-03 3.143147142826228490e-03 3.143147142826228490e-03 1.001622692809210104e-02 1.001622692809210104e-02 1.001622692809210104e-02
6.566010307188383521e+00 3.011921356925827305e-03 3.011921356925827305e-03 3.011921356925827305e-03 9.585639932027888860e-03 9.585639932027888860e-03 9.585639932027888860e-03
6.740011452431536654e+00 2.892293251115715235e-03 2.892293251115715235e-03 2.892293251115715235e-03 9.192324065767606620e-03 9.192324065767606620e-03 9.192324065767606620e-03
6.914012597674690674e+00 2.783073756886680992e-03 2.783073756886680992e-03 2.783073756886680992e-03 8.832476929538726068e-03 8.832476929538726068e-03 8.832476929538726068e-03
7.088013742917844695e+00 2.683230765064490483e-03 2.683230765064490483e-03 2.683230765064490483e-03 8.502793380062540277e-03 8.502793380062540277e-03 8.502793380062540277e-03
7.262014888160997828e+00 2.591864972737529561e-03 2.591864972737529561e-03 2.591864972737529561e-03 8.200389808054275170e-03 8.200389808054275170e-03 8.200389808054275170e-03
7.436016033404151848e+00 2.508190035521818979e-03 2.508190035521818979e-03 2.508190035521818979e-03 7.922741755290072310e-03 7.922741755290072310e-03 7.922741755290072310e-03
7.610017178647305869e+00 2.431516161206862849e-03 2.431516161206862849e-03 2.431516161206862849e-03 7.667632230779868920e-03 7.667632230779868920e-03 7.667632230779868920e-03
7.784018323890459001e+00 2.361236473603926540e-03 2.361236473603926540e-03 2.361236473603926540e-03 7.433108665873238395e-03 7.433108665873238395e-03 7.433108665873238395e-03
7.958019469133613022e+00 2.296815621005254826e-03 2.296815621005254826e-03 2.296815621005254826e-03 7.217446888770083328e-03 7.217446888770083328e-03 7.217446888770083328e-03
8.132020614376767043e+00 2.237780214614485882e-03 2.237780214614485882e-03 2.237780214614485882e-03 7.019120836369128688e-03 7.019120836369128688e-03 7.019120836369128688e-03
8.306021759619920175e+00 2.183710767580372258e-03 2.183710767580372258e-03 2.183710767580372258e-03 6.836776981883651780e-03 6.836776981883651780e-03 6.836776981883651780e-03
8.480022904863073308e+00 2.134234871317584534e-03 2.134234871317584534e-03 2.134234871317584534e-03 6.669212659237762353e-03 6.669212659237762353e-03 6.669212659237762353e-03
8.654024050106228216e+00 2.089021397338429887e-03 2.089021397338429887e-03 2.089021397338429887e-03 6.515357623906610669e-03 6.515357623906610669e-03 6.515357623906610669e-03
8.828025195349381349e+00 2.047775553314114955e-03 2.047775553314114955e-03 2.047775553314114955e-03 6.374258314928817233e-03 6.374258314928817233e-03 6.374258314928817233e-03
9.002026340592536258e+00 2.010234654107562885e-03 2.010234654107562885e-03 2.010234654107562885e-03 6.245064382027537900e-03 6.245064382027537900e-03 6.245064382027537900e-03
9.176027485835689390e+00 1.976164494000191320e-03 1.976164494000191320e-03 1.976164494000191320e-03 6.127017120941778520e-03 6.127017120941778520e-03 6.127017120941778520e-03
9.350028631078842523e+00 1.945356226727882644e-03 1.945356226727882644e-03 1.945356226727882644e-03 6.019439523603421598e-03 6.019439523603421598e-03 6.019439523603421598e-03
9.524029776321995655e+00 1.917623676353785288e-03 1.917623676353785288e-03 1.917623676353785288e-03 5.921727701063253350e-03 5.921727701063253350e-03 5.921727701063253350e-03
9.698030921565150564e+00 1.892801015285436273e-03 1.892801015285436273e-03 1.892801015285436273e-03 5.833343478661801550e-03 5.833343478661801550e-03 5.833343478661801550e-03
9.872032066808303696e+00 1.870740756544751618e-03 1.870740756544751618e-03 1.870740756544751618e-03 5.753807996860179144e-03 5.753807996860179144e-03 5.753807996860179144e-03
1.004603321205145861e+01 1.851312016229027160e-03 1.851312016229027160e-03 1.851312016229027160e-03 5.682696178952665288e-03 5.682696178952665288e-03 5.682696178952665288e-03
1.022003435729461174e+01 1.834399009355079657e-03 1.834399009355079657e-03 1.834399009355079657e-03 5.619631949798507137e-03 5.619631949798507137e-03 5.619631949798507137e-03
1.039403550253776487e+01 1.819899748268071459e-03 1.819899748268071459e-03 1.819899748268071459e-03 5.564284108697989048e-03 5.564284108697989048e-03 5.564284108697989048e-03
1.056803664778091800e+01 1.807724917766950247e-03 1.807724917766950247e-03 1.807724917766950247e-03 5.516362775360780270e-03 5.516362775360780270e-03 5.516362775360780270e-03
1.074203779302407291e+01 1.797796905244736535e-03 1.797796905244736535e-03 1.797796905244736535e-03 5.475616341182452072e-03 5.475616341182452072e-03 5.475616341182452072e-03
1.091603893826722604e+01 1.790048967619888541e-03 1.790048967619888541e-03 1.790048967619888541e-03 5.441828869245581013e-03 5.441828869245581013e-03 5.441828869245581013e-03
1.109004008351038095e+01 1.784424519769758867e-03 1.784424519769758867e-03 1.784424519769758867e-03 5.414817895992372031e-03 5.414817895992372031e-03 5.414817895992372031e-03
1.126404122875353409e+01 1.780876531669723251e-03 1.780876531669723251e-03 1.780876531669723251e-03 5.394432595696285922e-03 5.394432595696285922e-03 5.394432595696285922e-03
1.143804237399668722e+01 1.779367023574168890e-03 1.779367023574168890e-03 1.779367023574168890e-03 5.380552275958657218e-03 5.380552275958657218e-03 5.380552275958657218e-03
1.161204351923984035e+01 1.779866650415482063e-03 1.779866650415482063e-03 1.779866650415482063e-03 5.373085178691528255e-03 5.373085178691528255e-03 5.373085178691528255e-03
1.178604466448299526e+01 1.782354368199890815e-03 1.782354368199890815e-03 1.782354368199890815e-03 5.371967566607969806e-03 5.371967566607969806e-03 5.371967566607969806e-03
1.196004580972614839e+01 1.786817176591060357e-03 1.786817176591060357e-03 1.786817176591060357e-03 5.377163080286124879e-03 5.377163080286124879e-03 5.377163080286124879e-03
1.213404695496930330e+01 1.793249933132487310e-03 1.793249933132487310e-03 1.793249933132487310e-03 5.388662355544635192e-03 5.388662355544635192e-03 5.388662355544635192e-03
1.230804810021245643e+01 1.801655235701494226e-03 1.801655235701494226e-03 1.801655235701494226e-03 5.406482895292222084e-03 5.406482895292222084e-03 5.406482895292222084e-03
1.248204924545560957e+01 1.812043370839940513e-03 1.812043370839940513e-03 1.812043370839940513e-03 5.430669194313823660e-03 5.430669194313823660e-03 5.430669194313823660e-03
1.265605039069876270e+01 1.824432326595334941e-03 1.824432326595334941e-03 1.824432326595334941e-03 5.461293119743884823e-03 5.461293119743884823e-03 5.461293119743884823e-03
1.283005153594191761e+01 1.838847869454173162e-03 1.838847869454173162e-03 1.838847869454173162e-03 5.498454554372710773e-03 5.498454554372710773e-03 5.498454554372710773e-03
1.300405268118507074e+01 1.855323685878883288e-03 1.855323685878883288e-03 1.855323685878883288e-03 5.542282314555733828e-03 5.542282314555733828e-03 5.542282314555733828e-03
1.317805382642822387e+01 1.873901589891657088e-03 1.873901589891657088e-03 1.873901589891657088e-03 5.592935359482089329e-03 5.592935359482089329e-03 5.592935359482089329e-03
1.335205497167137878e+01 1.894631799103445877e-03 1.894631799103445877e-03 1.894631799103445877e-03 5.650604314058059983e-03 5.650604314058059983e-03 5.650604314058059983e-03
1.352605611691453191e+01 1.917573282585984668e-03 1.917573282585984668e-03 1.917573282585984668e-03 5.715513333847082982e-03 5.715513333847082982e-03 5.715513333847082982e-03
1.370005726215768505e+01 1.942794185051288170e-03 1.942794185051288170e-03 1.942794185051288170e-03 5.787922347586729396e-03 5.787922347586729396e-03 5.787922347586729396e-03
1.387405840740083995e+01 1.970372332961157092e-03 1.970372332961157092e-03 1.970372332961157092e-03 5.868129721023899147e-03 5.868129721023899147e-03 5.868129721023899147e-03
1.404805955264399309e+01 2.000395829466217797e-03 2.000395829466217797e-03 2.000395829466217797e-03 5.956475395477643826e-03 5.956475395477643826e-03 5.956475395477643826e-03
1.422206069788714622e+01 2.032963746500541981e-03 2.032963746500541981e-03 2.032963746500541981e-03 6.053344566033856504e-03 6.053344566033856504e-03 6.053344566033856504e-03
1.439606184313030113e+01 2.068186923969898491e-03 2.068186923969898491e-03 2.068186923969898491e-03 6.159171978074300981e-03 6.159171978074300981e-03 6.159171978074300981e-03
1.457006298837345426e+01 2.106188887810612077e-03 2.106188887810612077e-03 2.106188887810612077e-03 6.274446937547901657e-03 6.274446937547901657e-03 6.274446937547901657e-03
1.474406413361660739e+01 2.147106900811318088e-03 2.147106900811318088e-03 2.147106900811318088e-03 6.399719150777166687e-03 6.399719150777166687e-03 6.399719150777166687e-03
1.491806527885976230e+01 2.191093162540211185e-03 2.191093162540211185e-03 2.191093162540211185e-03 6.535605534652427252e-03 6.535605534652427252e-03 6.535605534652427252e-03
1.509206642410291543e+01 2.238316177576426397e-03 2.238316177576426397e-03 2.238316177576426397e-03 6.682798169094544133e-03 6.682798169094544133e-03 6.682798169094544133e-03
1.526606756934606857e+01 2.288962314591370169e-03 2.288962314591370169e-03 2.288962314591370169e-03 6.842073602355901868e-03 6.842073602355901868e-03 6.842073602355901868e-03
1.544006871458922348e+01 2.343237582767919176e-03 2.343237582767919176e-03 2.343237582767919176e-03 7.014303768314799313e-03 7.014303768314799313e-03 7.014303768314799313e-03
1.561406985983237661e+01 2.401369656709662331e-03 2.401369656709662331e-03 2.401369656709662331e-03 7.200468836372866596e-03 7.200468836372866596e-03 7.200468836372866596e-03
1.578807100507552974e+01 2.463610186534638188e-03 2.463610186534638188e-03 2.463610186534638188e-03 7.401672392880750267e-03 7.401672392880750267e-03 7.401672392880750267e-03
1.596207215031868465e+01 2.530237436461173044e-03 2.530237436461173044e-03 2.530237436461173044e-03 7.619159453595690003e-03 7.619159453595690003e-03 7.619159453595690003e-03
1.613607329556183601e+01 2.601559303116183445e-03 2.601559303116183445e-03 2.601559303116183445e-03 7.854337936903056303e-03 7.854337936903056303e-03 7.854337936903056303e-03
1.631007444080498914e+01 2.677916774326406183e-03 2.677916774326406183e-03 2.677916774326406183e-03 8.108804397605390291e-03 8.108804397605390291e-03 8.108804397605390291e-03
1.648407558604814582e+01 2.759687900662649313e-03 2.759687900662649313e-03 2.759687900662649313e-03 8.384375045219027642e-03 8.384375045219027642e-03 8.384375045219027642e-03
1.665807673129129896e+01 2.847292365964790555e-03 2.847292365964790555e-03 2.847292365964790555e-03 8.683123368981337728e-03 8.683123368981337728e-03 8.683123368981337728e-03
1.683207787653445209e+01 2.941196760071973764e-03 2.941196760071973764e-03 2.941196760071973764e-03 9.007426092800736514e-03 9.007426092800736514e-03 9.007426092800736514e-03
1.700607902177760877e+01 3.041920677769553629e-03 3.041920677769553629e-03 3.041920677769553629e-03 9.360019728591253974e-03 9.360019728591253974e-03 9.360019728591253974e-03
1.718008016702076191e+01 3.150043793499768003e-03 3.150043793499768003e-03 3.150043793499768003e-03 9.744070746537429606e-03 9.744070746537429606e-03 9.744070746537429606e-03
1.735408131226391504e+01 3.266214092896768759e-03 3.266214092896768759e-03 3.266214092896768759e-03 1.016326342616700323e-02 1.016326342616700323e-02 1.016326342616700323e-02
1.752808245750706817e+01 3.391157481284302888e-03 3.391157481284302888e-03 3.391157481284302888e-03 1.062191092924592503e-02 1.062191092924592503e-02 1.062191092924592503e-02
1.770208360275022130e+01 3.525689037975453331e-03 3.525689037975453331e-03 3.525689037975453331e-03 1.112509725455492794e-02 1.112509725455492794e-02 1.112509725455492794e-02
1.787608474799337444e+01 3.670726246226046086e-03 3.670726246226046086e-03 3.670726246226046086e-03 1.167886082494495707e-02 1.167886082494495707e-02 1.167886082494495707e-02
1.805008589323652757e+01 3.827304605549974002e-03 3.827304605549974002e-03 3.827304605549974002e-03 1.229043504583239056e-02 1.229043504583239056e-02 1.229043504583239056e-02
1.822408703847968070e+01 3.996596130480535060e-03 3.996596130480535060e-03 3.996596130480535060e-03 1.296856812426559410e-02 1.296856812426559410e-02 1.296856812426559410e-02
1.839808818372283383e+01 4.179931363986240898e-03 4.179931363986240898e-03 4.179931363986240898e-03 1.372395519583766502e-02 1.372395519583766502e-02 1.372395519583766502e-02
1.857208932896599052e+01 4.378825692987652757e-03 4.378825692987652757e-03 4.378825692987652757e-03 1.456983286318723481e-02 1.456983286318723481e-02 1.456983286318723481e-02
1.874609047420914365e+01 4.595010959094513077e-03 4.595010959094513077e-03 4.595010959094513077e-03 1.552281400199567209e-02 1.552281400199567209e-02 1.552281400199567209e-02
1.892009161945229678e+01 4.830473625243424801e-03 4.830473625243424801e-03 4.830473625243424801e-03 1.660408707615416285e-02 1.660408707615416285e-02 1.660408707615416285e-02
1.909409276469545347e+01 5.087501109648028853e-03 5.087501109648028853e-03 5.087501109648028853e-03 1.784118370002558962e-02 1.784118370002558962e-02 1.784118370002558962e-02
1.926809390993860660e+01 5.368738361970255488e-03 5.368738361970255488e-03 5.368738361970255488e-03 1.927065677493286500e-02 1.927065677493286500e-02 1.927065677493286500e-02
1.944209505518175973e+01 5.677257374454580847e-03 5.677257374454580847e-03 5.677257374454580847e-03 2.094225272069507801e-02 2.094225272069507801e-02 2.094225272069507801e-02
1.961609620042491287e+01 6.016643151976335500e-03 6.016643151976335500e-03 6.016643151976335500e-03 2.292556541347933255e-02 2.292556541347933255e-02 2.292556541347933255e-02
1.979009734566806600e+01 6.391100794377642912e-03 6.391100794377642912e-03 6.391100794377642912e-03 2.532076816151479504e-02 2.532076816151479504e-02 2.532076816151479504e-02
1.996409849091121913e+01 6.805589895556365954e-03 6.805589895556365954e-03 6.805589895556365954e-03 2.827572055996399256e-02 2.827572055996399256e-02 2.827572055996399256e-02
2.013809963615437226e+01 7.265994618669383530e-03 7.265994618669383530e-03 7.265994618669383530e-03 3.201194000982852256e-02 3.201194000982852256e-02 3.201194000982852256e-02
2.031210078139752540e+01 7.779340838238182898e-03 7.779340838238182898e-03 7.779340838238182898e-03 3.686000374029137217e-02 3.686000374029137217e-02 3.686000374029137217e-02
2.048610192664067853e+01 8.354076062972925695e-03 8.354076062972925695e-03 8.354076062972925695e-03 4.329802549391295607e-02 4.329802549391295607e-02 4.329802549391295607e-02
2.066010307188383521e+01 9.000434110858792497e-03 9.000434110858792497e-03 9.000434110858792497e-03 5.197206583170251720e-02 5.197206583170251720e-02 5.197206583170251720e-02
2.083410421712698835e+01 9.730915716778086241e-03 9.730915716778086241e-03 9.730915716778086241e-03 6.365628381316974782e-02 6.365628381316974782e-02 6.365628381316974782e-02
2.100810536237014148e+01 1.056093005464735918e-02 1.056093005464735918e-02 1.056093005464735918e-02 7.909624028580954092e-02 7.909624028580954092e-02 7.909624028580954092e-02
2.118210650761329461e+01 1.150966327060302073e-02 1.150966327060302073e-02 1.150966327060302073e-02 9.869746969220082045e-02 9.869746969220082045e-02 9.869746969220082045e-02
2.135610765285644774e+01 1.260127318729190558e-02 1.260127318729190558e-02 1.260127318729190558e-02 1.220986008788692845e-01 1.220986008788692845e-01 1.220986008788692845e-01
2.153010879809960443e+01 1.386656252317446623e-02 1.386656252317446623e-02 1.386656252317446623e-02 1.477935241178870984e-01 1.477935241178870984e-01 1.477935241178870984e-01
2.170410994334275756e+01 1.534537127014538524e-02 1.534537127014538524e-02 1.534537127014538524e-02 1.730653135324054515e-01 1.730653135324054515e-01 1.730653135324054515e-01
2.187811108858591069e+01 1.709008123423649828e-02 1.709008123423649828e-02 1.709008123423649828e-02 1.944520056115689455e-01 1.944520056115689455e-01 1.944520056115689455e-01
2.205211223382906383e+01 1.917090184672978759e-02 1.917090184672978759e-02 1.917090184672978759e-02 2.087265608338729483e-01 2.087265608338729483e-01 2.087265608338729483e-01
2.222611337907221696e+01 2.168414003050676137e-02 2.168414003050676137e-02 2.168414003050676137e-02 2.140437915756182308e-01 2.140437915756182308e-01 2.140437915756182308e-01
2.240011452431537009e+01 2.476577765444218718e-02 2.476577765444218718e-02 2.476577765444218718e-02 2.107204301232432353e-01 2.107204301232432353e-01 2.107204301232432353e-01
2.257411566955852678e+01 2.861526016055850746e-02 2.861526016055850746e-02 2.861526016055850746e-02 2.012544503280073172e-01 2.012544503280073172e-01 2.012544503280073172e-01
2.274811681480167991e+01 3.354077669259047934e-02 3.354077669259047934e-02 3.354077669259047934e-02 1.896024751286619348e-01 1.896024751286619348e-01 1.896024751286619348e-01
2.292211796004483304e+01 4.005328490204457248e-02 4.005328490204457248e-02 4.005328490204457248e-02 1.801423714002589604e-01 1.801423714002589604e-01 1.801423714002589604e-01
2.309611910528798617e+01 4.907390382271168555e-02 4.907390382271168555e-02 4.907390382271168555e-02 1.768788666322109460e-01 1.768788666322109460e-01 1.768788666322109460e-01
2.327012025053113931e+01 6.239304759503700587e-02 6.239304759503700587e-02 6.239304759503700587e-02 1.832539058705849877e-01 1.832539058705849877e-01 1.832539058705849877e-01
2.344412139577429244e+01 8.362155776173628430e-02 8.362155776173628430e-02 8.362155776173628430e-02 2.025721698419776506e-01 2.025721698419776506e-01 2.025721698419776506e-01
2.361812254101744912e+01 1.198986966915612101e-01 1.198986966915612101e-01 1.198986966915612101e-01 2.387436477176929916e-01 2.387436477176929916e-01 2.387436477176929916e-01
2.379212368626060226e+01 1.842750756312163674e-01 1.842750756312163674e-01 1.842750756312163674e-01 2.968416518365006862e-01 2.968416518365006862e-01 2.968416518365006862e-01
2.396612483150375539e+01 2.975743761025066991e-01 2.975743761025066991e-01 2.975743761025066991e-01 3.828421080709432656e-01 3.828421080709432656e-01 3.828421080709432656e-01
2.414012597674690852e+01 4.867418009724011618e-01 4.867418009724011618e-01 4.867418009724011618e-01 5.019087456731357033e-01 5.019087456731357033e-01 5.019087456731357033e-01
2.431412712199006165e+01 7.757294972092640961e-01 7.757294972092640961e-01 7.757294972092640961e-01 6.549831026674196588e-01 6.549831026674196588e-01 6.549831026674196588e-01
2.448812826723321479e+01 1.167747814779013238e+00 1.167747814779013238e+00 1.167747814779013238e+00 8.344808039245761311e-01 8.344808039245761311e-01 8.344808039245761311e-01
2.466212941247637147e+01 1.625598167972166719e+00 1.625598167972166719e+00 1.625598167972166719e+00 1.021310798381489970e+00 1.021310798381489970e+00 1.021310798381489970e+00
2.483613055771952460e+01 2.065183277654786931e+00 2.065183277654786931e+00 2.065183277654786931e+00 1.186117368580632547e+00 1.186117368580632547e+00 1.186117368580632547e+00
2.501013170296267774e+01 2.376026489105178996e+00 2.376026489105178996e+00 2.376026489105178996e+00 1.296295178611807319e+00 1.296295178611807319e+00 1.296295178611807319e+00
2.518413284820583087e+01 2.466141331158487660e+00 2.466141331158487660e+00 2.466141331158487660e+00 1.326935251412024508e+00 1.326935251412024508e+00 1.326935251412024508e+00
2.535813399344898400e+01 2.306992716035155322e+00 2.306992716035155322e+00 2.306992716035155322e+00 1.270557910527764456e+00 1.270557910527764456e+00 1.270557910527764456e+00
2.553213513869213713e+01 1.948429592524154597e+00 1.948429592524154597e+00 1.948429592524154597e+00 1.140201053634845474e+00 1.140201053634845474e+00 1.140201053634845474e+00
2.570613628393529382e+01 1.492877280003545915e+00 1.492877280003545915e+00 1.492877280003545915e+00 9.640299989221791099e-01 9.640299989221791099e-01 9.640299989221791099e-01
2.588013742917844695e+01 1.047109153759834488e+00 1.047109153759834488e+00 1.047109153759834488e+00 7.746269055931362946e-01 7.746269055931362946e-01 7.746269055931362946e-01
2.605413857442160008e+01 6.826583338413275692e-01 6.826583338413275692e-01 6.826583338413275692e-01 5.987282689184184603e-01 5.987282689184184603e-01 5.987282689184184603e-01
2.622813971966475322e+01 4.236752232880797164e-01 4.236752232880797164e-01 4.236752232880797164e-01 4.518062734734780150e-01 4.518062734734780150e-01 4.518062734734780150e-01
2.640214086490790635e+01 2.589092193684083276e-01 2.589092193684083276e-01 2.589092193684083276e-01 3.382524160605399066e-01 3.382524160605399066e-01 3.382524160605399066e-01
2.657614201015105948e+01 1.620866464347787694e-01 1.620866464347787694e-01 1.620866464347787694e-01 2.549917453051327998e-01 2.549917453051327998e-01 2.549917453051327998e-01
2.675014315539421617e+01 1.074663640231761086e-01 1.074663640231761086e-01 1.074663640231761086e-01 1.956877208015244396e-01 1.956877208015244396e-01 1.956877208015244396e-01
2.692414430063736930e+01 7.649338864001618832e-02 7.649338864001618832e-02 7.649338864001618832e-02 1.537577603768917611e-01 1.537577603768917611e-01 1.537577603768917611e-01
2.709814544588052243e+01 5.804891989629060861e-02 5.804891989629060861e-02 5.804891989629060861e-02 1.238160197438322452e-01 1.238160197438322452e-01 1.238160197438322452e-01
2.727214659112367556e+01 4.621886755418491699e-02 4.621886755418491699e-02 4.621886755418491699e-02 1.019815494094791913e-01 1.019815494094791913e-01 1.019815494094791913e-01
2.744614773636682870e+01 3.804690257632294820e-02 3.804690257632294820e-02 3.804690257632294820e-02 8.564559294489200447e-02 8.564559294489200447e-02 8.564559294489200447e-02
2.762014888160998183e+01 3.205958358215536819e-02 3.205958358215536819e-02 3.205958358215536819e-02 7.310670968077391529e-02 7.310670968077391529e-02 7.310670968077391529e-02
2.779415002685313496e+01 2.748452739776964526e-02 2.748452739776964526e-02 2.748452739776964526e-02 6.325742961817289178e-02 6.325742961817289178e-02 6.325742961817289178e-02
2.796815117209629165e+01 2.388278653754095579e-02 2.388278653754095579e-02 2.388278653754095579e-02 5.536522422498867113e-02 5.536522422498867113e-02 5.536522422498867113e-02
2.814215231733944478e+01 2.098375511852623027e-02 2.098375511852623027e-02 2.098375511852623027e-02 4.893329305503255761e-02 4.893329305503255761e-02 4.893329305503255761e-02
2.831615346258259791e+01 1.860938424088022167e-02 1.860938424088022167e-02 1.860938424088022167e-02 4.361537155882175276e-02 4.361537155882175276e-02 4.361537155882175276e-02
2.849015460782575104e+01 1.663681550128342373e-02 1.663681550128342373e-02 1.663681550128342373e-02 3.916376357684090564e-02 3.916376357684090564e-02 3.916376357684090564e-02
2.866415575306890418e+01 1.497825393610209034e-02 1.497825393610209034e-02 1.497825393610209034e-02 3.539711245404578849e-02 3.539711245404578849e-02 3.539711245404578849e-02
2.883815689831205731e+01 1.356924338015728926e-02 1.356924338015728926e-02 1.356924338015728926e-02 3.217989925798891288e-02 3.217989925798891288e-02 3.217989925798891288e-02
2.901215804355521399e+01 1.236141583915060203e-02 1.236141583915060203e-02 1.236141583915060203e-02 2.940903762224354040e-02 2.940903762224354040e-02 2.940903762224354040e-02
2.918615918879836713e+01 1.131780414267170853e-02 1.131780414267170853e-02 1.131780414267170853e-02 2.700487598757135219e-02 2.700487598757135219e-02 2.700487598757135219e-02
2.936016033404152026e+01 1.040970635042441812e-02 1.040970635042441812e-02 1.040970635042441812e-02 2.490501289835801713e-02 2.490501289835801713e-02 2.490501289835801713e-02
2.953416147928467339e+01 9.614529522867048400e-03 9.614529522867048400e-03 9.614529522867048400e-03 2.305995482254965048e-02 2.305995482254965048e-02 2.305995482254965048e-02
2.970816262452782652e+01 8.914272296030320911e-03 8.914272296030320911e-03 8.914272296030320911e-03 2.143000953666179820e-02 2.143000953666179820e-02 2.143000953666179820e-02
2.988216376977097966e+01 8.294435598367727938e-03 8.294435598367727938e-03 8.294435598367727938e-03 1.998302574087022776e-02 1.998302574087022776e-02 1.998302574087022776e-02
3.005616491501413634e+01 7.743227024362577156e-03 7.743227024362577156e-03 7.743227024362577156e-03 1.869272332704261658e-02 1.869272332704261658e-02 1.869272332704261658e-02
3.023016606025728947e+01 7.250970703849434276e-03 7.250970703849434276e-03 7.250970703849434276e-03 1.753744299196238407e-02 1.753744299196238407e-02 1.753744299196238407e-02
3.040416720550044261e+01 6.809663537974880443e-03 6.809663537974880443e-03 6.809663537974880443e-03 1.649919819072104971e-02 1.649919819072104971e-02 1.649919819072104971e-02
3.057816835074359574e+01 6.412637341892110654e-03 6.412637341892110654e-03 6.412637341892110654e-03 1.556294814153845810e-02 1.556294814153845810e-02 1.556294814153845810e-02
3.075216949598674887e+01 6.054298712092003910e-03 6.054298712092003910e-03 6.054298712092003910e-03 1.471603452552355459e-02 1.471603452552355459e-02 1.471603452552355459e-02
3.092617064122990200e+01 5.729926672679718988e-03 5.729926672679718988e-03 5.729926672679718988e-03 1.394774083478949635e-02 1.394774083478949635e-02 1.394774083478949635e-02
3.110017178647305869e+01 5.435513779141263983e-03 5.435513779141263983e-03 5.435513779141263983e-03 1.324894461086179205e-02 1.324894461086179205e-02 1.324894461086179205e-02
3.127417293171621182e+01 5.167640260643875660e-03 5.167640260643875660e-03 5.167640260643875660e-03 1.261184074011019451e-02 1.261184074011019451e-02 1.261184074011019451e-02
3.144817407695936495e+01 4.923373529426816608e-03 4.923373529426816608e-03 4.923373529426816608e-03 1.202971960953184288e-02 1.202971960953184288e-02 1.202971960953184288e-02
3.162217522220251809e+01 4.700187346090235231e-03 4.700187346090235231e-03 4.700187346090235231e-03 1.149678798406287943e-02 1.149678798406287943e-02 1.149678798406287943e-02
3.179617636744567122e+01 4.495896345349808740e-03 4.495896345349808740e-03 4.495896345349808740e-03 1.100802342082354661e-02 1.100802342082354661e-02 1.100802342082354661e-02
3.197017751268882435e+01 4.308602660933916889e-03 4.308602660933916889e-03 4.308602660933916889e-03 1.055905520902093719e-02 1.055905520902093719e-02 1.055905520902093719e-02
3.214417865793198104e+01 4.136652151578098374e-03 4.136652151578098374e-03 4.136652151578098374e-03 1.014606643870753951e-02 1.014606643870753951e-02 1.014606643870753951e-02
3.231817980317513417e+01 3.978598298953589171e-03 3.978598298953589171e-03 3.978598298953589171e-03 9.765713011900222645e-03 9.765713011900222645e-03 9.765713011900222645e-03
3.249218094841828730e+01 3.833172276229047156e-03 3.833172276229047156e-03 3.833172276229047156e-03 9.415056324672049434e-03 9.415056324672049434e-03 9.415056324672049434e-03
3.266618209366144043e+01 3.699258010510173000e-03 3.699258010510173000e-03 3.699258010510173000e-03 9.091507046323676206e-03 9.091507046323676206e-03 9.091507046323676206e-03
3.284018323890459357e+01 3.575871310551431356e-03 3.575871310551431356e-03 3.575871310551431356e-03 8.792777957415219905e-03 8.792777957415219905e-03 8.792777957415219905e-03
3.301418438414774670e+01 3.462142322301832009e-03 3.462142322301832009e-03 3.462142322301832009e-03 8.516844222795581440e-03 8.516844222795581440e-03 8.516844222795581440e-03
3.318818552939090694e+01 3.357300723166375869e-03 3.357300723166375869e-03 3.357300723166375869e-03 8.261909798462927293e-03 8.261909798462927293e-03 8.261909798462927293e-03
3.336218667463406007e+01 3.260663181716783130e-03 3.260663181716783130e-03 3.260663181716783130e-03 8.026378924031095374e-03 8.026378924031095374e-03 8.026378924031095374e-03
3.353618781987721320e+01 3.171622700656993171e-03 3.171622700656993171e-03 3.171622700656993171e-03 7.808831852063480121e-03 7.808831852063480121e-03 7.808831852063480121e-03
3.371018896512036633e+01 3.089639532879855620e-03 3.089639532879855620e-03 3.089639532879855620e-03 7.608004123795725215e-03 7.608004123795725215e-03 7.608004123795725215e-03
3.388419011036351947e+01 3.014233417756204039e-03 3.014233417756204039e-03 3.014233417756204039e-03 7.422768827032807416e-03 7.422768827032807416e-03 7.422768827032807416e-03
3.405819125560667260e+01 2.944976930645500958e-03 2.944976930645500958e-03 2.944976930645500958e-03 7.252121373298153068e-03 7.252121373298153068e-03 7.252121373298153068e-03
3.423219240084982573e+01 2.881489775500890166e-03 2.881489775500890166e-03 2.881489775500890166e-03 7.095166413005037261e-03 7.095166413005037261e-03 7.095166413005037261e-03
3.440619354609297886e+01 2.823433880273814103e-03 2.823433880273814103e-03 2.823433880273814103e-03 6.951106573654145318e-03 6.951106573654145318e-03 6.951106573654145318e-03
3.458019469133613200e+01 2.770509179082294993e-03 2.770509179082294993e-03 2.770509179082294993e-03 6.819232760042220724e-03 6.819232760042220724e-03 6.819232760042220724e-03
3.475419583657928513e+01 2.722449984940831635e-03 2.722449984940831635e-03 2.722449984940831635e-03 6.698915799696471100e-03 6.698915799696471100e-03 6.698915799696471100e-03
3.492819698182243826e+01 2.679021873156486530e-03 2.679021873156486530e-03 2.679021873156486530e-03 6.589599253187597427e-03 6.589599253187597427e-03 6.589599253187597427e-03
3.510219812706559139e+01 2.640019008981476546e-03 2.640019008981476546e-03 2.640019008981476546e-03 6.490793239167928427e-03 6.490793239167928427e-03 6.490793239167928427e-03
3.527619927230874453e+01 2.605261864336384792e-03 2.605261864336384792e-03 2.605261864336384792e-03 6.402069149156815187e-03 6.402069149156815187e-03 6.402069149156815187e-03
3.545020041755189766e+01 2.574595277825493349e-03 2.574595277825493349e-03 2.574595277825493349e-03 6.323055148234085765e-03 6.323055148234085765e-03 6.323055148234085765e-03
3.562420156279505079e+01 2.547886820214054736e-03 2.547886820214054736e-03 2.547886820214054736e-03 6.253432375691305931e-03 6.253432375691305931e-03 6.253432375691305931e-03
3.579820270803820392e+01 2.525025434315734604e-03 2.525025434315734604e-03 2.525025434315734604e-03 6.192931774970526597e-03 6.192931774970526597e-03 6.192931774970526597e-03
3.597220385328135706e+01 2.505920324083357829e-03 2.505920324083357829e-03 2.505920324083357829e-03 6.141331495413212063e-03 6.141331495413212063e-03 6.141331495413212063e-03
3.614620499852451019e+01 2.490500072802391378e-03 2.490500072802391378e-03 2.490500072802391378e-03 6.098454819882295416e-03 6.098454819882295416e-03 6.098454819882295416e-03
3.632020614376767043e+01 2.478711974818270138e-03 2.478711974818270138e-03 2.478711974818270138e-03 6.064168582571406903e-03 6.064168582571406903e-03 6.064168582571406903e-03
3.649420728901082356e+01 2.470521569325187950e-03 2.470521569325187950e-03 2.470521569325187950e-03 6.038382050588766807e-03 6.038382050588766807e-03 6.038382050588766807e-03
3.666820843425397669e+01 2.465912368527485663e-03 2.465912368527485663e-03 2.465912368527485663e-03 6.021046251470961626e-03 6.021046251470961626e-03 6.021046251470961626e-03
3.684220957949712982e+01 2.464885776064880320e-03 2.464885776064880320e-03 2.464885776064880320e-03 6.012153736888881626e-03 6.012153736888881626e-03 6.012153736888881626e-03
3.701621072474028296e+01 2.467461195070940090e-03 2.467461195070940090e-03 2.467461195070940090e-03 6.011738780681046695e-03 6.011738780681046695e-03 6.011738780681046695e-03
3.719021186998343609e+01 2.473676328708621260e-03 2.473676328708621260e-03 2.473676328708621260e-03 6.019878017207838661e-03 6.019878017207838661e-03 6.019878017207838661e-03
3.736421301522658922e+01 2.483587679595124307e-03 2.483587679595124307e-03 2.483587679595124307e-03 6.036691534081718366e-03 6.036691534081718366e-03 6.036691534081718366e-03
3.753821416046974235e+01 2.497271258293222440e-03 2.497271258293222440e-03 2.497271258293222440e-03 6.062344441822493414e-03 6.062344441822493414e-03 6.062344441822493414e-03
3.771221530571289549e+01 2.514823515117956768e-03 2.514823515117956768e-03 2.514823515117956768e-03 6.097048952157687642e-03 6.097048952157687642e-03 6.097048952157687642e-03
3.788621645095605572e+01 2.536362514009809013e-03 2.536362514009809013e-03 2.536362514009809013e-03 6.141067006812133376e-03 6.141067006812133376e-03 6.141067006812133376e-03
3.806021759619920886e+01 2.562029372300110401e-03 2.562029372300110401e-03 2.562029372300110401e-03 6.194713510021713360e-03 6.194713510021713360e-03 6.194713510021713360e-03
3.823421874144236199e+01 2.591989996008240999e-03 2.591989996008240999e-03 2.591989996008240999e-03 6.258360231033208328e-03 6.258360231033208328e-03 6.258360231033208328e-03
3.840821988668551512e+01 2.626437147063048066e-03 2.626437147063048066e-03 2.626437147063048066e-03 6.332440457956904113e-03 6.332440457956904113e-03 6.332440457956904113e-03
3.858222103192866825e+01 2.665592886775088304e-03 2.665592886775088304e-03 2.665592886775088304e-03 6.417454502054453953e-03 6.417454502054453953e-03 6.417454502054453953e-03
3.875622217717182139e+01 2.709711449299762823e-03 2.709711449299762823e-03 2.709711449299762823e-03 6.513976172526869841e-03 6.513976172526869841e-03 6.513976172526869841e-03
3.893022332241497452e+01 2.759082610093615325e-03 2.759082610093615325e-03 2.759082610093615325e-03 6.622660366926361522e-03 6.622660366926361522e-03 6.622660366926361522e-03
3.910422446765812765e+01 2.814035627938697021e-03 2.814035627938697021e-03 2.814035627938697021e-03 6.744251952462591154e-03 6.744251952462591154e-03 6.744251952462591154e-03
3.927822561290128078e+01 2.874943855574975480e-03 2.874943855574975480e-03 2.874943855574975480e-03 6.879596149978001347e-03 6.879596149978001347e-03 6.879596149978001347e-03
3.945222675814443392e+01 2.942230134075357259e-03 2.942230134075357259e-03 2.942230134075357259e-03 7.029650676835285869e-03 7.029650676835285869e-03 7.029650676835285869e-03
3.962622790338758705e+01 3.016373110762931523e-03 3.016373110762931523e-03 3.016373110762931523e-03 7.195499959436169567e-03 7.195499959436169567e-03 7.195499959436169567e-03
3.980022904863074018e+01 3.097914650912396688e-03 3.097914650912396688e-03 3.097914650912396688e-03 7.378371793189212116e-03 7.378371793189212116e-03 7.378371793189212116e-03
3.997423019387389331e+01 3.187468551255888752e-03 3.187468551255888752e-03 3.187468551255888752e-03 7.579656910833990416e-03 7.579656910833990416e-03 7.579656910833990416e-03
4.014823133911705355e+01 3.285730810451958743e-03 3.285730810451958743e-03 3.285730810451958743e-03 7.800932023468419053e-03 7.800932023468419053e-03 7.800932023468419053e-03
4.032223248436020668e+01 3.393491770821026147e-03 3.393491770821026147e-03 3.393491770821026147e-03 8.043987028097101741e-03 8.043987028097101741e-03 8.043987028097101741e-03
4.049623362960335982e+01 3.511650520282218624e-03 3.511650520282218624e-03 3.511650520282218624e-03 8.310857238467986297e-03 8.310857238467986297e-03 8.310857238467986297e-03
4.067023477484651295e+01 3.641232038154145097e-03 3.641232038154145097e-03 3.641232038154145097e-03 8.603861702216830665e-03 8.603861702216830665e-03 8.603861702216830665e-03
4.084423592008966608e+01 3.783407689453374950e-03 3.783407689453374950e-03 3.783407689453374950e-03 8.925648929944816901e-03 8.925648929944816901e-03 8.925648929944816901e-03
4.101823706533281921e+01 3.939519827796189068e-03 3.939519827796189068e-03 3.939519827796189068e-03 9.279251698266434770e-03 9.279251698266434770e-03 9.279251698266434770e-03
4.119223821057597235e+01 4.111111468159601989e-03 4.111111468159601989e-03 4.111111468159601989e-03 9.668153022599785401e-03 9.668153022599785401e-03 9.668153022599785401e-03
4.136623935581912548e+01 4.299962252840228843e-03 4.299962252840228843e-03 4.299962252840228843e-03 1.009636595845471267e-02 1.009636595845471267e-02 1.009636595845471267e-02
4.154024050106227861e+01 4.508132277957835332e-03 4.508132277957835332e-03 4.508132277957835332e-03 1.056853062590426030e-02 1.056853062590426030e-02 1.056853062590426030e-02
4.171424164630543174e+01 4.738015802938640858e-03 4.738015802938640858e-03 4.738015802938640858e-03 1.109003282111779842e-02 1.109003282111779842e-02 1.109003282111779842e-02
4.188824279154858488e+01 4.992407472457562577e-03 4.992407472457562577e-03 4.992407472457562577e-03 1.166714986529905455e-02 1.166714986529905455e-02 1.166714986529905455e-02
4.206224393679173801e+01 5.274584497210508573e-03 5.274584497210508573e-03 5.274584497210508573e-03 1.230723106322734184e-02 1.230723106322734184e-02 1.230723106322734184e-02
4.223624508203489825e+01 5.588409349507648428e-03 5.588409349507648428e-03 5.588409349507648428e-03 1.301892246859748595e-02 1.301892246859748595e-02 1.301892246859748595e-02
4.241024622727805138e+01 5.938459052048077752e-03 5.938459052048077752e-03 5.938459052048077752e-03 1.381244882228400798e-02 1.381244882228400798e-02 1.381244882228400798e-02
4.258424737252120451e+01 6.330189249310202645e-03 6.330189249310202645e-03 6.330189249310202645e-03 1.469996989207081502e-02 1.469996989207081502e-02 1.469996989207081502e-02
4.275824851776435764e+01 6.770144212131308688e-03 6.770144212131308688e-03 6.770144212131308688e-03 1.569603451186804902e-02 1.569603451186804902e-02 1.569603451186804902e-02
4.293224966300751078e+01 7.266228131002873056e-03 7.266228131002873056e-03 7.266228131002873056e-03 1.681816415929289835e-02 1.681816415929289835e-02 1.681816415929289835e-02
4.310625080825066391e+01 7.828059104651539230e-03 7.828059104651539230e-03 7.828059104651539230e-03 1.808761007582975616e-02 1.808761007582975616e-02 1.808761007582975616e-02
4.328025195349381704e+01 8.467436064141549770e-03 8.467436064141549770e-03 8.467436064141549770e-03 1.953034548897708556e-02 1.953034548897708556e-02 1.953034548897708556e-02
4.345425309873697017e+01 9.198961971536204207e-03 9.198961971536204207e-03 9.198961971536204207e-03 2.117838018629669694e-02 2.117838018629669694e-02 2.117838018629669694e-02
4.362825424398012331e+01 1.004088638899874701e-02 1.004088638899874701e-02 1.004088638899874701e-02 2.307152285942808481e-02 2.307152285942808481e-02 2.307152285942808481e-02
4.380225538922327644e+01 1.101626087458524271e-02 1.101626087458524271e-02 1.101626087458524271e-02 2.525977427559321711e-02 2.525977427559321711e-02 2.525977427559321711e-02
4.397625653446642957e+01 1.215454828458857432e-02 1.215454828458857432e-02 1.215454828458857432e-02 2.780662293117112938e-02 2.780662293117112938e-02 2.780662293117112938e-02
4.415025767970958270e+01 1.349390348569891145e-02 1.349390348569891145e-02 1.349390348569891145e-02 3.079365366316138414e-02 3.079365366316138414e-02 3.079365366316138414e-02
4.432425882495274294e+01 1.508446877448398234e-02 1.508446877448398234e-02 1.508446877448398234e-02 3.432710179929764072e-02 3.432710179929764072e-02 3.432710179929764072e-02
4.449825997019589607e+01 1.699324035850309847e-02 1.699324035850309847e-02 1.699324035850309847e-02 3.854734894585260668e-02 3.854734894585260668e-02 3.854734894585260668e-02
4.467226111543904921e+01 1.931143498893431523e-02 1.931143498893431523e-02 1.931143498893431523e-02 4.364296635942916530e-02 4.364296635942916530e-02 4.364296635942916530e-02
4.484626226068220234e+01 2.216596262280428470e-02 2.216596262280428470e-02 2.216596262280428470e-02 4.987196267008450062e-02 4.987196267008450062e-02 4.987196267008450062e-02
4.502026340592535547e+01 2.573789418986187350e-02 2.573789418986187350e-02 2.573789418986187350e-02 5.759475595436057416e-02 5.759475595436057416e-02 5.759475595436057416e-02
4.519426455116850860e+01 3.029337443430776475e-02 3.029337443430776475e-02 3.029337443430776475e-02 6.732679386259030063e-02 6.732679386259030063e-02 6.732679386259030063e-02
4.536826569641166174e+01 3.623786860286397349e-02 3.623786860286397349e-02 3.623786860286397349e-02 7.982514614515875961e-02 7.982514614515875961e-02 7.982514614515875961e-02
4.554226684165481487e+01 4.421712145964350194e-02 4.421712145964350194e-02 4.421712145964350194e-02 9.623570615187398980e-02 9.623570615187398980e-02 9.623570615187398980e-02
4.571626798689796800e+01 5.531999996374814543e-02 5.531999996374814543e-02 5.531999996374814543e-02 1.183513506686421912e-01 1.183513506686421912e-01 1.183513506686421912e-01
4.589026913214112113e+01 7.153138884448931312e-02 7.153138884448931312e-02 7.153138884448931312e-02 1.490741910083341337e-01 1.490741910083341337e-01 1.490741910083341337e-01
4.606427027738427427e+01 9.690109212103455161e-02 9.690109212103455161e-02 9.690109212103455161e-02 1.932314693665796168e-01 1.932314693665796168e-01 1.932314693665796168e-01
4.623827142262742740e+01 1.410352720286184580e-01 1.410352720286184580e-01 1.410352720286184580e-01 2.588598248231577803e-01 2.588598248231577803e-01 2.588598248231577803e-01
4.641227256787058764e+01 2.296136312950195213e-01 2.296136312950195213e-01 2.296136312950195213e-01 3.584768004380622930e-01 3.584768004380622930e-01 3.584768004380622930e-01
4.658627371311374077e+01 4.278357473595704175e-01 4.278357473595704175e-01 4.278357473595704175e-01 5.076909235869204728e-01 5.076909235869204728e-01 5.076909235869204728e-01
4.676027485835689390e+01 8.547502849524276636e-01 8.547502849524276636e-01 8.547502849524276636e-01 7.151140405408830114e-01 7.151140405408830114e-01 7.151140405408830114e-01
4.693427600360004703e+01 1.590843651296921957e+00 1.590843651296921957e+00 1.590843651296921957e+00 9.602846410933677523e-01 9.602846410933677523e-01 9.602846410933677523e-01
4.710827714884320017e+01 2.436889648221832960e+00 2.436889648221832960e+00 2.436889648221832960e+00 1.176160239653279760e+00 1.176160239653279760e+00 1.176160239653279760e+00
4.728227829408635330e+01 2.868836623087999804e+00 2.868836623087999804e+00 2.868836623087999804e+00 1.272031223555150525e+00 1.272031223555150525e+00 1.272031223555150525e+00
4.745627943932950643e+01 2.539013392842027983e+00 2.539013392842027983e+00 2.539013392842027983e+00 1.199491956010160454e+00 1.199491956010160454e+00 1.199491956010160454e+00
4.763028058457265956e+01 1.717043794785348743e+00 1.717043794785348743e+00 1.717043794785348743e+00 9.955857601210130747e-01 9.955857601210130747e-01 9.955857601210130747e-01
4.780428172981581270e+01 9.429471285322463814e-01 9.429471285322463814e-01 9.429471285322463814e-01 7.493957794238732539e-01 7.493957794238732539e-01 7.493957794238732539e-01
4.797828287505896583e+01 4.724292753873951534e-01 4.724292753873951534e-01 4.724292753873951534e-01 5.341628302801965100e-01 5.341628302801965100e-01 5.341628302801965100e-01
4.815228402030211896e+01 2.492831745525979914e-01 2.492831745525979914e-01 2.492831745525979914e-01 3.765877067232795694e-01 3.765877067232795694e-01 3.765877067232795694e-01
4.832628516554527209e+01 1.501176812444702247e-01 1.501176812444702247e-01 1.501176812444702247e-01 2.707024007995185166e-01 2.707024007995185166e-01 2.707024007995185166e-01
4.850028631078843233e+01 1.017192434876710433e-01 1.017192434876710433e-01 1.017192434876710433e-01 2.009921468029954306e-01 2.009921468029954306e-01 2.009921468029954306e-01
4.867428745603158546e+01 7.442006583952893994e-02 7.442006583952893994e-02 7.442006583952893994e-02 1.542773251392398903e-01 1.542773251392398903e-01 1.542773251392398903e-01
4.884828860127473860e+01 5.719196206883410405e-02 5.719196206883410405e-02 5.719196206883410405e-02 1.219303492743444295e-01 1.219303492743444295e-01 1.219303492743444295e-01
4.902228974651789173e+01 4.548835344089399713e-02 4.548835344089399713e-02 4.548835344089399713e-02 9.874751407183920970e-02 9.874751407183920970e-02 9.874751407183920970e-02
4.919629089176104486e+01 3.712505719189714004e-02 3.712505719189714004e-02 3.712505719189714004e-02 8.160803681201798943e-02 8.160803681201798943e-02 8.160803681201798943e-02
4.937029203700419799e+01 3.092034934633972401e-02 3.092034934633972401e-02 3.092034934633972401e-02 6.859292515173981419e-02 6.859292515173981419e-02 6.859292515173981419e-02
4.954429318224735113e+01 2.618022947669374281e-02 2.618022947669374281e-02 2.618022947669374281e-02 5.848177490169548937e-02 5.848177490169548937e-02 5.848177490169548937e-02
4.971829432749050426e+01 2.247213273437477510e-02 2.247213273437477510e-02 2.247213273437477510e-02 5.047202230735383516e-02 5.047202230735383516e-02 5.047202230735383516e-02
4.989229547273365739e+01 1.951377877389293136e-02 1.951377877389293136e-02 1.951377877389293136e-02 4.401950450613767440e-02 4.401950450613767440e-02 4.401950450613767440e-02
5.006629661797681052e+01 1.711403288738920156e-02 1.711403288738920156e-02 1.711403288738920156e-02 3.874511120461298502e-02 3.874511120461298502e-02 3.874511120461298502e-02
5.024029776321996366e+01 1.513946466254117648e-02 1.513946466254117648e-02 1.513946466254117648e-02 3.437832230473240880e-02 3.437832230473240880e-02 3.437832230473240880e-02
5.041429890846311679e+01 1.349449509647401325e-02 1.349449509647401325e-02 1.349449509647401325e-02 3.072198019217993806e-02 3.072198019217993806e-02 3.072198019217993806e-02
5.058830005370626992e+01 1.210912826284323701e-02 1.210912826284323701e-02 1.210912826284323701e-02 2.762967688324001123e-02 2.762967688324001123e-02 2.762967688324001123e-02
5.076230119894943016e+01 1.093110906777928527e-02 1.093110906777928527e-02 1.093110906777928527e-02 2.499086086557831404e-02 2.499086086557831404e-02 2.499086086557831404e-02
5.093630234419258329e+01 9.920762653993249816e-03 9.920762653993249816e-03 9.920762653993249816e-03 2.272079854734186666e-02 2.272079854734186666e-02 2.272079854734186666e-02
5.111030348943573642e+01 9.047511672489070775e-03 9.047511672489070775e-03 9.047511672489070775e-03 2.075366524829053497e-02 2.075366524829053497e-02 2.075366524829053497e-02
5.128430463467888956e+01 8.287473163832848391e-03 8.287473163832848391e-03 8.287473163832848391e-03 1.903769960381953077e-02 1.903769960381953077e-02 1.903769960381953077e-02
5.145830577992204269e+01 7.621767413450657169e-03 7.621767413450657169e-03 7.621767413450657169e-03 1.753174655756109535e-02 1.753174655756109535e-02 1.753174655756109535e-02
5.163230692516519582e+01 7.035306705825648647e-03 7.035306705825648647e-03 7.035306705825648647e-03 1.620275237316723752e-02 1.620275237316723752e-02 1.620275237316723752e-02
5.180630807040834895e+01 6.515913935062120528e-03 6.515913935062120528e-03 6.515913935062120528e-03 1.502392353765102939e-02 1.502392353765102939e-02 1.502392353765102939e-02
5.198030921565150209e+01 6.053671968696590008e-03 6.053671968696590008e-03 6.053671968696590008e-03 1.397335588868739778e-02 1.397335588868739778e-02 1.397335588868739778e-02
5.215431036089465522e+01 5.640437033236011914e-03 5.640437033236011914e-03 5.640437033236011914e-03 1.303300158671929186e-02 1.303300158671929186e-02 1.303300158671929186e-02
5.232831150613780835e+01 5.269470395283418034e-03 5.269470395283418034e-03 5.269470395283418034e-03 1.218788203647276983e-02 1.218788203647276983e-02 1.218788203647276983e-02
5.250231265138096148e+01 4.935156502433940377e-03 4.935156502433940377e-03 4.935156502433940377e-03 1.142548204910919310e-02 1.142548204910919310e-02 1.142548204910919310e-02
5.267631379662411462e+01 4.632785093270547043e-03 4.632785093270547043e-03 4.632785093270547043e-03 1.073527907430417427e-02 1.073527907430417427e-02 1.073527907430417427e-02
5.285031494186727485e+01 4.358381173187327907e-03 4.358381173187327907e-03 4.358381173187327907e-03 1.010837415263073254e-02 1.010837415263073254e-02 1.010837415263073254e-02
5.302431608711042799e+01 4.108571182496832848e-03 4.108571182496832848e-03 4.108571182496832848e-03 9.537200223311606204e-03 9.537200223311606204e-03 9.537200223311606204e-03
5.319831723235358112e+01 3.880476796872805046e-03 3.880476796872805046e-03 3.880476796872805046e-03 9.015289796333720435e-03 9.015289796333720435e-03 9.015289796333720435e-03
5.337231837759673425e+01 3.671630016085191718e-03 3.671630016085191718e-03 3.671630016085191718e-03 8.537088571794233458e-03 8.537088571794233458e-03 8.537088571794233458e-03
5.354631952283988738e+01 3.479904792360641319e-03 3.479904792360641319e-03 3.479904792360641319e-03 8.097804906872134792e-03 8.097804906872134792e-03 8.097804906872134792e-03
5.372032066808304052e+01 3.303461610769387480e-03 3.303461610769387480e-03 3.303461610769387480e-03 7.693287461381793056e-03 7.693287461381793056e-03 7.693287461381793056e-03
5.389432181332619365e+01 3.140702287586415176e-03 3.140702287586415176e-03 3.140702287586415176e-03 7.319925150480331016e-03 7.319925150480331016e-03 7.319925150480331016e-03
5.406832295856934678e+01 2.990232886002254856e-03 2.990232886002254856e-03 2.990232886002254856e-03 6.974564874455880907e-03 6.974564874455880907e-03 6.974564874455880907e-03
5.424232410381249991e+01 2.850833122817387436e-03 2.850833122817387436e-03 2.850833122817387436e-03 6.654443504838627836e-03 6.654443504838627836e-03 6.654443504838627836e-03
5.441632524905565305e+01 2.721430997813563055e-03 2.721430997813563055e-03 2.721430997813563055e-03 6.357131371571680782e-03 6.357131371571680782e-03 6.357131371571680782e-03
5.459032639429880618e+01 2.601081649958930739e-03 2.601081649958930739e-03 2.601081649958930739e-03 6.080485080912734902e-03 6.080485080912734902e-03 6.080485080912734902e-03
5.476432753954195931e+01 2.488949653478746658e-03 2.488949653478746658e-03 2.488949653478746658e-03 5.822607943875577133e-03 5.822607943875577133e-03 5.822607943875577133e-03
5.493832868478511955e+01 2.384294128078503876e-03 2.384294128078503876e-03 2.384294128078503876e-03 5.581816643762206598e-03 5.581816643762206598e-03 5.581816643762206598e-03
5.511232983002827268e+01 2.286456162929370161e-03 2.286456162929370161e-03 2.286456162929370161e-03 5.356613043251198282e-03 5.356613043251198282e-03 5.356613043251198282e-03
5.528633097527142581e+01 2.194848152040176133e-03 2.194848152040176133e-03 2.194848152040176133e-03 5.145660244811389727e-03 5.145660244811389727e-03 5.145660244811389727e-03
5.546033212051457895e+01 2.108944715758272279e-03 2.108944715758272279e-03 2.108944715758272279e-03 4.947762186506170397e-03 4.947762186506170397e-03 4.947762186506170397e-03
5.563433326575773208e+01 2.028274944165325399e-03 2.028274944165325399e-03 2.028274944165325399e-03 4.761846188772138680e-03 4.761846188772138680e-03 4.761846188772138680e-03
5.580833441100088521e+01 1.952415746686197561e-03 1.952415746686197561e-03 1.952415746686197561e-03 4.586947974242537411e-03 4.586947974242537411e-03 4.586947974242537411e-03
5.598233555624403834e+01 1.880986131059033490e-03 1.880986131059033490e-03 1.880986131059033490e-03 4.422198768041040937e-03 4.422198768041040937e-03 4.422198768041040937e-03
5.615633670148719148e+01 1.813642266023679072e-03 1.813642266023679072e-03 1.813642266023679072e-03 4.266814154718220724e-03 4.266814154718220724e-03 4.266814154718220724e-03
5.633033784673034461e+01 1.750073207288340999e-03 1.750073207288340999e-03 1.750073207288340999e-03 4.120084423628131258e-03 4.120084423628131258e-03 4.120084423628131258e-03
5.650433899197349774e+01 1.689997186779508033e-03 1.689997186779508033e-03 1.689997186779508033e-03 3.981366179749907738e-03 3.981366179749907738e-03 3.981366179749907738e-03
5.667834013721665087e+01 1.633158381837611015e-03 1.633158381837611015e-03 1.633158381837611015e-03 3.850075033854946302e-03 3.850075033854946302e-03 3.850075033854946302e-03
5.685234128245980401e+01 1.579324094649395098e-03 1.579324094649395098e-03 1.579324094649395098e-03 3.725679216155734341e-03 3.725679216155734341e-03 3.725679216155734341e-03
5.702634242770296424e+01 1.528282283402604066e-03 1.528282283402604066e-03 1.528282283402604066e-03 3.607693982446023330e-03 3.607693982446023330e-03 3.607693982446023330e-03
