# Sm3+ 10 200
5.000000000000000000e+00 2.833201623054184236e-03 1.505539291563936892e-02 5.393886350714644472e-03 6.501027850775354180e-03
5.261438906671874527e+00 1.379834491411242349e-02 1.274404352487335315e-02 5.329297811210857369e-03 6.384213286047152672e-03
5.522877813343748166e+00 1.100657733469520561e-02 1.403527187778681913e-02 5.272207271418690583e-03 6.280610738702229433e-03
5.784316720015622693e+00 7.123040382803436273e-03 8.590266679960753549e-03 5.221501631045519579e-03 6.188285680550021685e-03
6.045755626687496331e+00 -1.488306619686214673e-03 1.315732032399852605e-02 5.176292832323249257e-03 6.105687124585449863e-03
6.307194533359370858e+00 -4.926347087891573551e-03 1.926188649535288955e-02 5.135862431862399727e-03 6.031555616513291883e-03
6.568633440031245385e+00 8.075165048619412783e-03 -2.509855635587195793e-03 5.099622290999954004e-03 5.964857163881830474e-03
6.830072346703119024e+00 4.445524679636351714e-03 1.613555698314921016e-02 5.067086015272788402e-03 5.904734777096460989e-03
7.091511253374993551e+00 -1.105833614745162837e-03 2.261265990116648195e-02 5.037847783232700730e-03 5.850472279105021003e-03
7.352950160046868078e+00 -2.014889800720818819e-03 1.344030183590097516e-02 5.011566382539561944e-03 5.801466850652034837e-03
7.614389066718741716e+00 3.194396261465522364e-03 7.925239852595293566e-03 4.987952993466911525e-03 5.757207914800256676e-03
7.875827973390616243e+00 7.268593640743045703e-03 1.478847470887519749e-02 4.966761718694650760e-03 5.717260699488207858e-03
8.137266880062490770e+00 -7.802154884670231549e-03 6.631954941693397540e-03 4.947782158197650687e-03 5.681253304280890239e-03
8.398705786734364409e+00 6.335985879646569702e-03 8.073926751905364727e-03 4.930833529006526869e-03 5.648866427791022007e-03
8.660144693406238048e+00 -5.156346527185264213e-04 1.092463685311401145e-02 4.915759967163126944e-03 5.619825140494404472e-03
8.921583600078113463e+00 7.636011829746554291e-03 -2.676530831009482463e-03 4.902426745110636044e-03 5.593892248132324198e-03
9.183022506749987102e+00 1.269075804530593122e-03 7.460070647681213418e-03 4.890717205771744416e-03 5.570862905493023653e-03
9.444461413421862517e+00 2.456896145562835303e-03 1.562550816574799148e-02 4.880530263528358968e-03 5.550560223386616886e-03
9.705900320093736156e+00 3.703886396510260807e-04 1.370210785510609861e-02 4.871778358049199883e-03 5.532831672579173118e-03
9.967339226765609794e+00 5.468578055088789847e-04 1.213211528058386751e-02 4.864385773325170109e-03 5.517546133764895770e-03
1.022877813343748343e+01 2.287109588973697781e-03 1.750913163484006663e-02 4.858287254032151413e-03 5.504591476753769794e-03
1.049021704010935707e+01 1.397684184137260293e-03 -6.949547826108643661e-04 4.853426866292897754e-03 5.493872578023531288e-03
1.075165594678123249e+01 -7.742153903320747078e-03 2.817940341218078647e-03 4.849757061351394130e-03 5.485309705816128478e-03
1.101309485345310613e+01 -2.504137108602047957e-04 -4.564288125243999746e-03 4.847237909527666623e-03 5.478837217621174843e-03
1.127453376012498154e+01 -2.177819021949273237e-03 2.568351099825271714e-03 4.845836478755086857e-03 5.474402527328416784e-03
1.153597266679685518e+01 8.802260748653872521e-03 1.533078051459169089e-02 4.845526337501961447e-03 5.471965309398580182e-03
1.179741157346872882e+01 -4.915376649792125435e-03 3.870968847628615973e-03 4.846287166305092431e-03 5.471496915741958997e-03
1.205885048014060246e+01 8.902033158565763118e-03 3.372577078667857685e-03 4.848104465765172739e-03 5.472979988108780773e-03
1.232028938681247787e+01 4.305730589636462720e-03 1.103643579981132550e-02 4.850969351879084145e-03 5.476408255090936539e-03
1.258172829348435151e+01 6.747034468378805203e-03 3.461200304950618790e-03 4.854878432173024769e-03 5.481786508656316496e-03
1.284316720015622693e+01 1.205266868531143466e-03 4.042532376889543602e-03 4.859833758381953625e-03 5.489130760798065223e-03
1.310460610682810056e+01 4.906135048568860575e-03 5.278170360706412219e-03 4.865842853501567596e-03 5.498468586688912141e-03
1.336604501349997420e+01 -1.522463847652714237e-03 2.954542056234315921e-03 4.872918813011354808e-03 5.509839667012550110e-03
1.362748392017184784e+01 6.780522084461691745e-03 1.108483711681353123e-02 4.881080482015623043e-03 5.523296549275682685e-03
1.388892282684372326e+01 -4.036547370155484094e-03 2.191345259778135126e-03 4.890352712055663284e-03 5.538905656346950965e-03
1.415036173351559690e+01 1.771739614988039266e-03 1.111765096390519500e-03 4.900766703495236000e-03 5.556748580816249505e-03
1.441180064018747053e+01 -3.038232942763757771e-04 1.238638294964536542e-03 4.912360441766466454e-03 5.576923716814289472e-03
1.467323954685934595e+01 1.862707522683472580e-03 4.408695727406850701e-03 4.925179238491318723e-03 5.599548297770831629e-03
1.493467845353121959e+01 -1.123069604507731176e-04 1.057662736543359822e-02 4.939276391694442762e-03 5.624760930759025758e-03
1.519611736020309323e+01 6.364937346200626525e-03 8.949124366953439130e-03 4.954713983156214772e-03 5.652724747780602660e-03
1.545755626687496687e+01 1.292855875743123941e-03 4.800878207727947433e-03 4.971563835623662303e-03 5.683631334816974245e-03
1.571899517354684228e+01 5.447878372031630945e-03 7.144699364332833015e-03 4.989908658364188183e-03 5.717705655499018789e-03
1.598043408021871592e+01 6.031888701218610094e-06 6.208275683129173966e-03 5.009843416757092313e-03 5.755212265088864923e-03
1.624187298689059133e+01 5.824926512756623855e-03 1.673509351704724826e-02 5.031476970728202686e-03 5.796463223309475041e-03
1.650331189356246497e+01 1.595224511616638932e-02 9.782789887577339819e-03 5.054934038457550155e-03 5.841828279008113786e-03
1.676475080023433861e+01 5.237657905219926524e-03 7.297028861414527057e-03 5.080357556762396358e-03 5.891748144013074506e-03
1.702618970690621225e+01 1.644047769901128137e-04 1.285836912052453276e-02 5.107911529020948277e-03 5.946752044480476188e-03
1.728762861357808589e+01 4.742709097996465444e-03 1.597232241375467349e-02 5.137784477040152446e-03 6.007481314415458358e-03
1.754906752024996308e+01 1.251864283554034868e-02 2.728168781168997109e-03 5.170193647104836740e-03 6.074721715296020272e-03
1.781050642692183317e+01 5.570841046911977762e-03 -4.876414132088661979e-03 5.205390165725194696e-03 6.149448675200491071e-03
1.807194533359371036e+01 6.739454167306807054e-03 9.950334990945195607e-03 5.243665401849128410e-03 6.232892202824240335e-03
1.833338424026558400e+01 -9.279397620148984241e-03 7.243421301964099446e-03 5.285358876110890849e-03 6.326632747588913086e-03
1.859482314693745764e+01 1.780285036174191621e-03 2.023874690601119505e-02 5.330868173774792190e-03 6.432747589966630181e-03
1.885626205360933483e+01 5.187769418418010370e-03 1.996777837718200638e-02 5.380661480997021850e-03 6.554043421554299996e-03
1.911770096028120491e+01 8.558368192709506564e-03 2.082037505039737932e-02 5.435293596149375420e-03 6.694443496682663322e-03
1.937913986695308211e+01 8.380056607318938505e-05 1.697399665889502002e-02 5.495426603883893715e-03 6.859666759137069553e-03
1.964057877362495574e+01 2.613062318869346489e-03 2.510811620271009154e-02 5.561856894419373205e-03 7.058477243565468642e-03
1.990201768029682938e+01 5.897866863147692082e-03 2.854378123965017888e-02 5.635550953699349983e-03 7.305005713327349277e-03
2.016345658696870302e+01 3.852253693395271683e-04 4.694145516412416563e-02 5.717693490945582185e-03 7.622662529955540923e-03
2.042489549364057666e+01 8.942828428368290380e-03 3.961874088990843118e-02 5.809753265350785581e-03 8.048626158852989487e-03
2.068633440031245385e+01 5.181106346456791634e-03 4.598866529346252313e-02 5.913574879401696863e-03 8.632474799804269044e-03
2.094777330698432394e+01 3.377853589340532210e-03 8.299706459339931119e-02 6.031509665953288177e-03 9.415964997665768332e-03
2.120921221365620113e+01 2.198807310702406703e-02 1.085032820360756489e-01 6.166607243173185746e-03 1.038936609546419615e-02
2.147065112032807477e+01 2.746767267347113850e-03 1.419373838231393070e-01 6.322904694708121609e-03 1.145050745740969905e-02
2.173209002699994841e+01 1.254654366252255446e-02 1.785467074996447689e-01 6.505880033057872755e-03 1.240986562013653496e-02
2.199352893367182205e+01 1.621022282348942925e-02 2.038129200266763363e-01 6.723198588121231077e-03 1.305827144770185279e-02
2.225496784034369568e+01 1.890543036240182814e-02 2.282223085740373858e-01 6.986025877798437110e-03 1.326892516856783590e-02
2.251640674701556932e+01 1.274427107114909502e-02 1.913643310642341167e-01 7.311582104091322865e-03 1.307860570578937495e-02
2.277784565368744651e+01 2.364161316848685870e-02 1.619137175393788042e-01 7.728954491666674941e-03 1.270043485758988455e-02
2.303928456035932015e+01 3.244154683960849550e-02 1.858199709816416578e-01 8.294812595812148248e-03 1.245635581271037871e-02
2.330072346703119379e+01 6.220954178902787096e-02 1.563281488107631512e-01 9.136946132167674331e-03 1.266165020414588074e-02
2.356216237370306743e+01 1.043123303743367092e-01 2.305178558524133281e-01 1.054232961916725352e-02 1.353583849020745418e-02
2.382360128037494107e+01 1.921379585952394664e-01 2.957388060459181234e-01 1.300360297871341712e-02 1.519230167197724649e-02
2.408504018704681471e+01 3.818607735169100570e-01 4.474593432580432073e-01 1.698594059373487175e-02 1.762789121182856134e-02
2.434647909371869190e+01 8.746069899096692302e-01 6.700659153545833746e-01 2.243200287340214177e-02 2.062740759181141623e-02
2.460791800039056554e+01 1.473791490651190417e+00 9.578456131073401769e-01 2.842135733228046135e-02 2.367727718787855998e-02
2.486935690706243918e+01 2.165709235711437142e+00 1.227926844132542605e+00 3.331346820141389137e-02 2.604331481779555146e-02
2.513079581373431282e+01 2.438921176816676084e+00 1.308945038778884573e+00 3.543805345393762074e-02 2.703945248630981735e-02
2.539223472040618645e+01 2.288209250833392439e+00 1.262920008102662806e+00 3.399576166554789391e-02 2.634767357109060737e-02
2.565367362707806009e+01 1.592676150653917544e+00 1.016476025285385942e+00 2.953376535277759188e-02 2.417876843375149631e-02
2.591511253374993373e+01 9.389837932483638960e-01 7.227747307499733376e-01 2.361755644693200665e-02 2.115867848721645142e-02
2.617655144042181092e+01 4.759320106867908073e-01 5.134308904399508267e-01 1.796275986474496836e-02 1.801874241296749085e-02
2.643799034709368456e+01 2.286191828870509646e-01 3.011159282072115029e-01 1.366191453568901294e-02 1.529346173880301828e-02
2.669942925376555820e+01 1.327829595627902370e-01 2.155148020148907051e-01 1.092816961245246521e-02 1.319250274741600934e-02
2.696086816043743184e+01 7.179502423418213097e-02 1.347765970930269175e-01 9.358545409007618804e-03 1.166887473048591403e-02
2.722230706710930548e+01 5.185047675992025817e-02 1.097298054886796104e-01 8.435216276294999621e-03 1.057270372683263154e-02
2.748374597378117912e+01 4.894848221671973393e-02 8.553401963476817138e-02 7.829031644032901846e-03 9.763232686054406154e-03
2.774518488045305631e+01 2.285230961669464447e-02 7.361795230735919404e-02 7.388859803621660761e-03 9.143340248559379477e-03
2.800662378712492995e+01 2.534628205785383059e-02 6.145988241727758095e-02 7.048777075519410164e-03 8.652708522880164788e-03
2.826806269379680359e+01 1.447133756282701841e-02 4.424528787382257106e-02 6.776026740366691663e-03 8.254011277799813001e-03
2.852950160046867722e+01 2.508487636190399536e-02 4.025296423048341232e-02 6.551677528881428778e-03 7.923252748788295677e-03
2.879094050714055086e+01 1.920405510016665734e-02 2.801494512484700022e-02 6.363633078412218175e-03 7.644296574916152956e-03
2.905237941381242450e+01 1.144041858714832036e-02 3.476169280314089088e-02 6.203669447434490697e-03 7.405853736726588157e-03
2.931381832048430169e+01 1.772017119396492035e-02 2.130440939383020788e-02 6.065951909569208128e-03 7.199765133699586456e-03
2.957525722715617533e+01 1.707633125949323608e-02 3.718980005210732742e-02 5.946205492592104673e-03 7.019973870894976459e-03
2.983669613382804897e+01 1.138210506535006911e-02 1.478230159400974880e-02 5.841216735135319575e-03 6.861882162682537284e-03
3.009813504049992261e+01 -2.009393963368390212e-03 1.774637307453137344e-02 5.748518674620648611e-03 6.721933303593824807e-03
3.035957394717179625e+01 8.137978093473309527e-03 2.588514112140015075e-02 5.666183618301112550e-03 6.597331068998932985e-03
3.062101285384366989e+01 1.784026415696095616e-02 1.488443479489040371e-02 5.592682357669104265e-03 6.485846140664026406e-03
3.088245176051554353e+01 3.999302082495147584e-03 1.011707562441570285e-02 5.526785916167620272e-03 6.385679381592931740e-03
3.114389066718742072e+01 9.731210527839337029e-03 1.007277350350142819e-02 5.467495391457177605e-03 6.295363260676218459e-03
3.140532957385929436e+01 3.543192514318627313e-03 1.675418037704673457e-02 5.413990856411777033e-03 6.213689487456227831e-03
3.166676848053116800e+01 7.658799424815980993e-03 9.228322801419311730e-03 5.365593490782472920e-03 6.139655031493148306e-03
3.192820738720304163e+01 -3.685367871548309374e-03 5.575058355941880928e-03 5.321737085313103799e-03 6.072421277681570168e-03
3.218964629387491527e+01 -3.324861685453418120e-03 4.813127598069797189e-03 5.281946305394013934e-03 6.011282724297445541e-03
3.245108520054678536e+01 -5.441096475892224366e-03 1.344597014850017896e-02 5.245819908818101160e-03 5.955642718332191179e-03
3.271252410721866966e+01 2.217899218157096727e-03 5.687539282409454465e-03 5.213017647657034251e-03 5.904994452083708358e-03
3.297396301389053974e+01 -6.144883788744967199e-04 1.047055340026051447e-02 5.183249946521590289e-03 5.858905943132172375e-03
3.323540192056240983e+01 1.548833438370419719e-03 7.764551724828523335e-03 5.156269698996429965e-03 5.817008065773343617e-03
3.349684082723428702e+01 5.049218258766446053e-03 3.681474685600009608e-03 5.131865698761894912e-03 5.778984945926888932e-03
3.375827973390616421e+01 8.450150527976967724e-03 1.446853521249280225e-02 5.109857346111986061e-03 5.744566206006183895e-03
3.401971864057803430e+01 8.447010334234740167e-03 1.417593292085071385e-02 5.090090360099195493e-03 5.713520672674962317e-03
3.428115754724991149e+01 1.089838007393453823e-02 2.045396406371770628e-02 5.072433291914857194e-03 5.685651253198842001e-03
3.454259645392178868e+01 -1.649932249748048418e-03 2.196848404327390522e-02 5.056774683461081124e-03 5.660790755008221486e-03
3.480403536059365877e+01 5.380901329517760734e-05 1.361391156944505645e-02 5.043020751263934363e-03 5.638798474876394705e-03
3.506547426726552885e+01 -1.139461757142692759e-04 2.027679443776400289e-03 5.031093503309698109e-03 5.619557423508662018e-03
3.532691317393740604e+01 -4.756499971190639164e-03 1.907539543945047794e-02 5.020929217449170145e-03 5.602972081686520729e-03
3.558835208060928323e+01 3.114821359148993787e-03 5.792513648188229655e-03 5.012477226420341235e-03 5.588966607824860655e-03
3.584979098728115332e+01 4.703802240700737103e-03 8.329829016342174541e-03 5.005698967529689444e-03 5.577483435636914830e-03
3.611122989395303051e+01 4.166877122128364100e-03 2.149418998308515009e-03 5.000567265523754058e-03 5.568482215864400606e-03
3.637266880062490770e+01 -7.936004843355146110e-04 2.929600475405444698e-03 4.997065825866859462e-03 5.561939068704895191e-03
3.663410770729677779e+01 2.288581609775023045e-03 1.310904729366367538e-02 4.995188923052901707e-03 5.557846124421249312e-03
3.689554661396864788e+01 3.828103080012299972e-03 5.836195207615278019e-03 4.994941275148627111e-03 5.556211339266094520e-03
3.715698552064052507e+01 -9.770941217206868812e-04 3.197354948555103729e-03 4.996338101854765415e-03 5.557058582819511539e-03
3.741842442731240226e+01 1.930222281824979904e-03 -2.162129813780148783e-03 4.999405369304687693e-03 5.560428001588818558e-03
3.767986333398427234e+01 4.288822238632437889e-03 8.317705615487825527e-03 5.004180230911409351e-03 5.566376672708782392e-03
3.794130224065614954e+01 5.338000121903642425e-03 1.186136762089292675e-03 5.010711680149977296e-03 5.574979571280688426e-03
3.820274114732801962e+01 1.835537354198725837e-03 1.128611008341324183e-02 5.019061438590337668e-03 5.586330885828384198e-03
3.846418005399989681e+01 3.954972364330286601e-03 9.234471397244073745e-03 5.029305111212837090e-03 5.600545729157269462e-03
3.872561896067177400e+01 6.869317388917203782e-03 3.250188930666330234e-03 5.041533651590152446e-03 5.617762307361142717e-03
3.898705786734364409e+01 5.143415450614343722e-03 1.121847662982193225e-02 5.055855192611240917e-03 5.638144628840987410e-03
3.924849677401552128e+01 -4.590824590706466674e-03 7.689404176554600311e-03 5.072397314990565072e-03 5.661885859313240538e-03
3.950993568068739137e+01 6.078359698660834240e-03 1.967468626800921230e-02 5.091309847115782494e-03 5.689212459691310106e-03
3.977137458735926856e+01 9.138645109796235400e-03 1.231729554429968065e-02 5.112768317580758740e-03 5.720389283886149166e-03
4.003281349403113865e+01 1.435797231918382226e-03 6.669467208452910419e-03 5.136978218457929207e-03 5.755725866409407490e-03
4.029425240070301584e+01 5.419796775488693388e-03 1.571333809221527739e-02 5.164180286420316270e-03 5.795584199986429652e-03
4.055569130737489303e+01 5.499917159424144025e-04 1.313809501859231413e-02 5.194657075151297605e-03 5.840388398047588123e-03
4.081713021404676311e+01 7.917920229246457053e-03 9.866427386093095525e-03 5.228741183228936655e-03 5.890636765850273265e-03
4.107856912071864031e+01 4.881026710067761648e-03 2.391884009599427874e-02 5.266825627371671259e-03 5.946916981543679676e-03
4.134000802739051039e+01 1.140116172982900966e-02 1.039411144646786196e-02 5.309377027329432661e-03 6.009925336156289599e-03
4.160144693406238758e+01 2.018204665606585912e-03 2.672887072847066406e-02 5.356952519723834176e-03 6.080491331523166058e-03
4.186288584073426478e+01 4.530683339986898636e-03 1.088235933818547559e-02 5.410221680772862342e-03 6.159609436925623203e-03
4.212432474740613486e+01 -5.192001407272536784e-03 1.307828721970711108e-02 5.469995270358132648e-03 6.248480535499761554e-03
4.238576365407801205e+01 -9.482898821511208040e-03 1.670266423416004453e-02 5.537263406039281792e-03 6.348566672099400371e-03
4.264720256074988214e+01 9.823325678895713023e-03 2.031291673016833929e-02 5.613246989605803240e-03 6.461664342456222010e-03
4.290864146742175933e+01 1.381046701833832380e-02 3.789390968999434631e-03 5.699468100750388136e-03 6.590004065529168897e-03
4.317008037409362942e+01 1.180834947894027556e-03 9.930581768751759256e-03 5.797848093791793320e-03 6.736387910385589761e-03
4.343151928076550661e+01 1.252770894658831666e-02 2.431886219240752059e-02 5.910847091961811753e-03 6.904382970030759417e-03
4.369295818743738380e+01 1.336001763689247113e-02 2.753347067008824617e-02 6.041666967813216077e-03 7.098599217250678960e-03
4.395439709410925389e+01 1.201604103996133793e-02 3.364755532675624966e-02 6.194554620849387211e-03 7.325097948099379419e-03
4.421583600078113108e+01 2.492716195710689350e-02 2.668264568220020741e-02 6.375269268323425359e-03 7.592008276518284748e-03
4.447727490745300116e+01 1.680625415528734512e-02 4.063707622111974171e-02 6.591829064779342051e-03 7.910486193367798763e-03
4.473871381412487835e+01 1.479733235583958681e-02 4.860823658049078649e-02 6.855757218913933505e-03 8.296259178342684643e-03
4.500015272079674844e+01 3.689344217600286358e-02 5.310103185651098706e-02 7.184276525881024347e-03 8.772214954583893234e-03
4.526159162746862563e+01 3.512957164926780451e-02 6.934398847705433577e-02 7.604447437279521910e-03 9.372940895972396713e-03
4.552303053414050282e+01 2.790361647717147509e-02 9.350025872656549109e-02 8.161716899148682008e-03 1.015308024866168508e-02
4.578446944081237291e+01 6.319028605734888782e-02 1.394549055693197481e-01 8.940083773762402819e-03 1.120334493675327441e-02
4.604590834748425010e+01 9.914655802305963328e-02 1.777160793328319000e-01 1.012108674740929554e-02 1.268046891903530649e-02
4.630734725415612019e+01 1.731959663297518159e-01 2.926772630882948367e-01 1.220594338130889973e-02 1.484545284585327661e-02
4.656878616082799738e+01 4.169106812463104772e-01 5.060119916870567947e-01 1.662675938219167898e-02 1.800057383081014872e-02
4.683022506749986746e+01 1.123258987833369638e+00 8.198819930085009533e-01 2.508525709980349849e-02 2.200435285501079266e-02
4.709166397417174466e+01 2.348522896562641904e+00 1.156146390650044875e+00 3.473669764465306398e-02 2.551270801229023680e-02
4.735310288084362185e+01 2.849394413405528237e+00 1.260008950789941462e+00 3.766470418309639245e-02 2.646829638578015315e-02
4.761454178751549193e+01 1.784652429514514305e+00 1.019700430788743395e+00 3.090295080391629312e-02 2.419584649326959533e-02
4.787598069418736912e+01 7.333394004291042823e-01 7.015659050183481460e-01 2.095127964225244541e-02 2.022439914506191788e-02
4.813741960085923921e+01 2.600119414547015784e-01 3.648827141826820331e-01 1.428763825670481720e-02 1.650363489348059820e-02
4.839885850753111640e+01 1.406918276975011595e-01 2.437313481392001380e-01 1.113168741330660891e-02 1.380147015603415753e-02
4.866029741420299359e+01 8.149163332232575718e-02 1.331905027268931452e-01 9.538888364299421066e-03 1.197056685173616096e-02
4.892173632087486368e+01 5.928542055001565642e-02 1.397270863942550179e-01 8.564058407405438639e-03 1.070042561657184171e-02
4.918317522754674087e+01 3.579520950404909557e-02 7.946705573132378797e-02 7.893729305888955161e-03 9.778302554928557100e-03
4.944461413421861096e+01 2.690329391782738180e-02 5.559100295819907611e-02 7.400988287642399320e-03 9.080748640793966098e-03
4.970605304089048815e+01 2.539161352497167762e-02 4.480982755141140611e-02 7.022326635094425576e-03 8.535318137914317191e-03
4.996749194756235823e+01 2.246659686111831394e-02 4.369583469037503082e-02 6.721754353166449134e-03 8.097414758800786788e-03
5.022893085423423543e+01 8.689862553326547362e-03 2.928194962248319155e-02 6.477156802798341231e-03 7.738236797551359056e-03
5.049036976090611262e+01 1.042151706156613580e-02 3.550203551394842671e-02 6.274126685966092618e-03 7.438394024786973771e-03
5.075180866757798270e+01 5.060311895324610953e-03 3.085825806550387615e-02 6.102847084958445446e-03 7.184366416191492050e-03
5.101324757424985989e+01 3.172023687044036623e-03 2.976990919009551637e-02 5.956385218993246085e-03 6.966443518810965657e-03
5.127468648092172998e+01 1.393469061209426374e-02 3.944676825201748338e-03 5.829699404998976014e-03 6.777472783275189164e-03
5.153612538759360717e+01 8.727157745304492745e-03 2.458876632253514938e-02 5.719032120570874227e-03 6.612070198674151189e-03
5.179756429426547726e+01 1.748606601350215228e-02 1.473402745948281661e-02 5.621523831904256217e-03 6.466105950919603246e-03
5.205900320093735445e+01 -1.110753328188556627e-02 2.419452593045407982e-02 5.534958854449757021e-03 6.336359589661812175e-03
5.232044210760923164e+01 8.519270183240747890e-03 4.630329784371381083e-03 5.457593218192252627e-03 6.220282978662627221e-03
5.258188101428110173e+01 2.931358001774525632e-03 1.710334710710218614e-02 5.388035136256684107e-03 6.115833694702487583e-03
5.284331992095297892e+01 9.921353690270709458e-04 7.621129448704615054e-03 5.325160173474226960e-03 6.021355612041383656e-03
5.310475882762484900e+01 -7.154205727771157861e-03 8.340030039141726331e-03 5.268049872225442389e-03 5.935491788419212933e-03
5.336619773429672620e+01 4.357294733807897530e-03 -1.144534479566809010e-03 5.215946582429034639e-03 5.857119900836143568e-03
5.362763664096860339e+01 7.249158709544485137e-03 5.855152047410443379e-03 5.168219703265581125e-03 5.785303703936558670e-03
5.388907554764047347e+01 3.858754407081413547e-04 6.551219621366472651e-03 5.124340101916286840e-03 5.719256056896025037e-03
5.415051445431235067e+01 1.716949197175182164e-03 8.772609612660402234e-03 5.083860483790399176e-03 5.658310425538305710e-03
5.441195336098422075e+01 3.826120616139844569e-03 9.208356649603371968e-03 5.046400156330555636e-03 5.601898676798049148e-03
5.467339226765609794e+01 -5.776770819581381576e-03 1.493216722383870418e-02 5.011633078548636926e-03 5.549533602339657042e-03
5.493483117432796803e+01 -1.688448903324743511e-03 3.663767625135747486e-03 4.979278397100187978e-03 5.500795036725114433e-03
5.519627008099984522e+01 1.085762746088591787e-02 3.673376515715405174e-03 4.949092884728487074e-03 5.455318736301622770e-03
5.545770898767172241e+01 2.529070366173278347e-03 -4.736829564075369439e-04 4.920864848875387138e-03 5.412787398937666389e-03
5.571914789434359250e+01 -1.635404038843688273e-03 4.706190027013302038e-03 4.894409187090320405e-03 5.372923358851496196e-03
5.598058680101546969e+01 6.109152922633542988e-03 2.819265159551673141e-03 4.869563344774560827e-03 5.335482603084851921e-03
5.624202570768733978e+01 1.391699419924825746e-03 8.826399628774961315e-03 4.846183988659079518e-03 5.300249838908743620e-03
5.650346461435921697e+01 -1.073155997671854101e-03 1.311060403868127486e-02 4.824144252294707523e-03 5.267034403014467583e-03
5.676490352103108705e+01 -3.070925715780257938e-03 7.388841347583875903e-03 4.803331441926553605e-03 5.235666849593137960e-03
5.702634242770296424e+01 -3.920817558220525412e-03 -8.993547733786492679e-03 4.783645115366738296e-03 5.205996089460392280e-03
