# Tb3+ 10 200
5.000000000000000000e+00 2.966729839968951232e-01 3.886877697413772537e-01 1.407605027515056173e-02 1.632443750249530298e-02
5.349340541364126622e+00 1.883651206178666437e-01 3.341629157603496214e-01 1.226169217571804540e-02 1.545186126698932551e-02
5.698681082728254133e+00 1.373340154077445363e-01 2.889006048348242706e-01 1.113386442018780842e-02 1.492702730412775840e-02
6.048021624092380755e+00 1.093491845760832665e-01 2.853482135679921150e-01 1.042797710565887201e-02 1.460007517199717400e-02
6.397362165456507377e+00 9.424140452634575948e-02 2.641875598624560117e-01 9.966115143447076483e-03 1.433198922833921543e-02
6.746702706820634887e+00 8.814082984258407583e-02 2.772924683734232509e-01 9.652955822566042579e-03 1.402973108257859515e-02
7.096043248184761509e+00 6.771522209962145544e-02 2.191425101154451383e-01 9.443655300550822529e-03 1.366529396177900563e-02
7.445383789548888132e+00 6.920336769592078108e-02 1.920613257495821791e-01 9.319447698812106939e-03 1.327456215961933007e-02
7.794724330913014754e+00 5.834004946802123087e-02 2.036345757779832177e-01 9.276517154782615293e-03 1.293867528655560060e-02
8.144064872277141376e+00 6.551930551983903284e-02 1.963193065320558428e-01 9.323384516797560140e-03 1.275582728240608373e-02
8.493405413641269774e+00 7.332414913585358351e-02 1.814914374868734637e-01 9.481383424907879193e-03 1.281270674027564817e-02
8.842745955005396397e+00 8.897727774344599272e-02 2.009706449257475658e-01 9.782868131571802184e-03 1.316201666559574900e-02
9.192086496369523019e+00 1.012788925434723042e-01 2.249497363803353855e-01 1.026499262760528774e-02 1.380982234630793309e-02
9.541427037733649641e+00 1.350383603835968171e-01 2.973754768112023550e-01 1.096864784834072903e-02 1.471697710597290321e-02
9.890767579097776263e+00 1.623046474949620399e-01 3.839044444356843888e-01 1.196365226537687322e-02 1.581765234171207679e-02
1.024010812046190466e+01 2.048519415629744544e-01 3.899916201010029670e-01 1.340586103679471293e-02 1.705059788304238988e-02
1.058944866182602951e+01 3.203693922538360384e-01 5.185338025810933837e-01 1.557344887188512848e-02 1.838972433366503623e-02
1.093878920319015791e+01 5.215932944226963075e-01 6.087465807882128654e-01 1.878146580133212978e-02 1.985511460524813296e-02
1.128812974455428453e+01 9.162778708447127940e-01 7.725083240820128649e-01 2.316970358891356357e-02 2.148778907296487045e-02
1.163747028591841115e+01 1.542922316025498564e+00 9.526882228503803507e-01 2.852753260361761550e-02 2.329037228446588850e-02
1.198681082728253777e+01 2.262247087366354048e+00 1.132020779369700580e+00 3.428481221237008464e-02 2.516870731295522273e-02
1.233615136864666439e+01 3.212791920556065328e+00 1.316318247722031876e+00 3.965564930907150565e-02 2.692137913415318037e-02
1.268549191001079279e+01 3.913007356993312147e+00 1.470261134514998735e+00 4.385555600823891342e-02 2.828910947179160210e-02
1.303483245137491942e+01 4.489499507106054388e+00 1.592911093943905287e+00 4.628950003795509471e-02 2.903082174139586316e-02
1.338417299273904604e+01 4.535722537910610086e+00 1.586386685368031513e+00 4.663711606268218512e-02 2.898628350314614438e-02
1.373351353410317266e+01 4.189052727978578083e+00 1.453938517829806987e+00 4.485158459190149993e-02 2.811104984576638308e-02
1.408285407546729928e+01 3.454009982635673381e+00 1.269602655100428690e+00 4.114809114294586123e-02 2.649123660424817367e-02
1.443219461683142590e+01 2.532188475828028640e+00 1.067607001151247959e+00 3.600804478464755820e-02 2.434417795134073692e-02
1.478153515819555253e+01 1.764497555840775167e+00 8.025806276699046782e-01 3.013929315949416196e-02 2.199790864819954617e-02
1.513087569955968092e+01 9.853871238128614207e-01 6.234878848933569362e-01 2.433804249679138304e-02 1.983515151956045247e-02
1.548021624092380755e+01 5.782344470969417172e-01 5.083943019427613619e-01 1.928785843233287584e-02 1.818688936150656202e-02
1.582955678228793417e+01 3.466738291244186310e-01 4.137943203224128674e-01 1.539074521801868899e-02 1.718583122825581913e-02
1.617889732365205901e+01 1.854459919375867349e-01 3.890785973010092436e-01 1.270257832193469848e-02 1.668233705795097235e-02
1.652823786501618741e+01 1.201584579795723362e-01 3.963949605434275991e-01 1.099675676003025737e-02 1.634583071757381156e-02
1.687757840638031581e+01 8.856685977690166578e-02 3.261824448155524192e-01 9.934743361568288550e-03 1.587130379473029873e-02
1.722691894774444066e+01 6.323939688264344772e-02 3.252956508739022756e-01 9.235424596901794375e-03 1.511182091597354678e-02
1.757625948910856906e+01 5.217356322066961372e-02 2.434328224847485400e-01 8.732120762752718091e-03 1.409223032134080018e-02
1.792560003047269390e+01 3.779003491752942062e-02 1.920301402133151591e-01 8.342153483362231906e-03 1.294987946898617029e-02
1.827494057183682230e+01 3.859248679693837863e-02 1.455569024376233978e-01 8.025438213660408132e-03 1.185064654882223012e-02
1.862428111320095070e+01 4.379352957071235702e-02 1.207462629125708592e-01 7.760622458250545155e-03 1.091764818194400355e-02
1.897362165456507554e+01 4.419453970697292955e-02 8.785735429830045240e-02 7.534799227675623157e-03 1.019858526464989534e-02
1.932296219592920039e+01 2.790057720227539714e-02 7.924798915361849772e-02 7.339372449280612970e-03 9.677196517949196441e-03
1.967230273729332879e+01 4.252540580208467869e-02 8.494898683152887764e-02 7.168255335621846400e-03 9.308458863977997141e-03
2.002164327865745719e+01 1.297810186003107470e-02 6.614719015724945805e-02 7.016963395257621097e-03 9.048399853620174918e-03
2.037098382002158559e+01 1.385955694887142098e-02 6.664834969563314393e-02 6.882097394556802375e-03 8.866062756401293238e-03
2.072032436138571043e+01 3.075533330584671876e-02 6.097546947061056183e-02 6.761023253846234517e-03 8.743239934270601726e-03
2.106966490274983883e+01 1.125871824262078720e-02 5.135672008280586093e-02 6.651662828297296229e-03 8.670696100040861318e-03
2.141900544411396368e+01 1.660814591026595413e-02 6.425855822887696633e-02 6.552351735100129734e-03 8.645008426452048186e-03
2.176834598547809208e+01 1.106494474453605797e-02 5.029274639071650704e-02 6.461739774469696038e-03 8.666704868407482110e-03
2.211768652684221692e+01 1.080691586587166457e-02 6.874580950674535895e-02 6.378719443146155764e-03 8.739567696231978489e-03
2.246702706820634532e+01 1.192160551336728450e-02 6.287158510539730960e-02 6.302373543773011864e-03 8.871373984271249680e-03
2.281636760957047017e+01 1.434492834107016154e-02 6.527674558340096356e-02 6.231936106302331940e-03 9.076681355865562351e-03
2.316570815093459856e+01 7.478129430862464656e-03 5.948607813953937784e-02 6.166762792329532825e-03 9.382058300145717719e-03
2.351504869229872696e+01 1.266440276198049254e-02 8.513648892502929943e-02 6.106308183749397170e-03 9.833492284502361874e-03
2.386438923366285181e+01 5.393671053511182520e-03 1.162479569166739585e-01 6.050108154273209013e-03 1.050301192963288936e-02
2.421372977502698021e+01 9.885252743428359426e-03 1.357344171265832677e-01 5.997766051745880879e-03 1.148328005654882314e-02
2.456307031639110505e+01 1.691094052452823612e-02 1.885023679499912841e-01 5.948941778564843796e-03 1.285165528517441015e-02
2.491241085775523345e+01 1.072136493931944053e-02 2.866926735831610840e-01 5.903343106294109063e-03 1.460424178224884600e-02
2.526175139911936185e+01 -1.106995208133728335e-02 3.809599085860012613e-01 5.860718735964424823e-03 1.660356510442361974e-02
2.561109194048348670e+01 1.533919915917191998e-02 5.653479714624481955e-01 5.820852741363275948e-03 1.859111906195200919e-02
2.596043248184761509e+01 1.622817714510314986e-03 6.643233746547949625e-01 5.783560124436545359e-03 2.026612623018415188e-02
2.630977302321173994e+01 9.488472399031125382e-03 7.562984971202356688e-01 5.748683280173617904e-03 2.137756688380820086e-02
2.665911356457586834e+01 1.720575112071862783e-02 7.902502054129005860e-01 5.716089220156305231e-03 2.177150247025593649e-02
2.700845410593999318e+01 1.947907552373841569e-03 7.051187666395585252e-01 5.685667444311472314e-03 2.138989224167035796e-02
2.735779464730412158e+01 1.068171941077897605e-02 6.606351979625817439e-01 5.657328382925057644e-03 2.026894427742824065e-02
2.770713518866824998e+01 2.078074818168622329e-03 5.373192252378323763e-01 5.631002358374159744e-03 1.855922579470046380e-02
2.805647573003237483e+01 5.096176517190614125e-03 3.726034591090530146e-01 5.606639040503226708e-03 1.652490149328477570e-02
2.840581627139650323e+01 5.651431185784638704e-03 2.929154585372424346e-01 5.584207393036073191e-03 1.447992078084050366e-02
2.875515681276062807e+01 4.573415928148888421e-03 2.023710031870309956e-01 5.563696132775136291e-03 1.268460857041847807e-02
2.910449735412475647e+01 -2.951930426053827813e-03 1.188909013543265059e-01 5.545114750707349008e-03 1.126944819728773264e-02
2.945383789548888132e+01 1.100471821517659717e-02 9.595818000977124340e-02 5.528495177143639625e-03 1.023188468772445910e-02
2.980317843685300971e+01 9.142355990732063675e-03 7.350594157513708204e-02 5.513894215237674992e-03 9.493668909628216745e-03
3.015251897821713811e+01 -1.237781559340769312e-03 6.090487055733751626e-02 5.501396923819125775e-03 8.965114569886856177e-03
3.050185951958126296e+01 1.129941707425613506e-03 4.771291756557145131e-02 5.491121209243896364e-03 8.577614783637586143e-03
3.085120006094539136e+01 9.796325057793677654e-03 6.334479550377342116e-02 5.483223999154187081e-03 8.287030842941432718e-03
3.120054060230951620e+01 1.321999533241501740e-02 4.084099808139766974e-02 5.477909538495587954e-03 8.066544333365673752e-03
3.154988114367364460e+01 1.025374869102447378e-02 2.764549264412430318e-02 5.475440603034075621e-03 7.899835034730294178e-03
3.189922168503777300e+01 4.805815899802357363e-03 4.476973822512125833e-02 5.476153825311559642e-03 7.776858918449232674e-03
3.224856222640190140e+01 4.275379883529269870e-03 3.924225350206919649e-02 5.480480975343313306e-03 7.691555888762904511e-03
3.259790276776602980e+01 1.792413203795547791e-02 2.935556294470452812e-02 5.488979125732313183e-03 7.640653937287569461e-03
3.294724330913015109e+01 -8.543952699411657553e-04 3.242068921101577683e-02 5.502374535791956789e-03 7.623087867557682556e-03
3.329658385049427949e+01 7.528818724918645566e-03 3.401617038093790457e-02 5.521628597371810651e-03 7.639811001518170830e-03
3.364592439185840078e+01 1.026297406985242355e-02 3.458366824482269480e-02 5.548041055458154645e-03 7.693930319640527454e-03
3.399526493322252918e+01 -3.701295296477146932e-03 2.904295659938235102e-02 5.583420295687546893e-03 7.791206921563332763e-03
3.434460547458665758e+01 7.182398416912044378e-04 4.195799908391756317e-02 5.630385199105335421e-03 7.941097732651685240e-03
3.469394601595078598e+01 -2.422092177437075271e-03 4.280660745305060744e-02 5.692961437769794228e-03 8.158750014313636417e-03
3.504328655731491438e+01 1.367949894146586187e-02 5.543099566923539306e-02 5.777976958211881141e-03 8.468803055078709396e-03
3.539262709867904277e+01 3.604957675582946136e-03 5.858373707491831839e-02 5.899026709713901286e-03 8.912384395542351234e-03
3.574196764004317117e+01 1.690076630912444242e-02 8.291737462167442230e-02 6.088296899969241477e-03 9.557609548942372357e-03
3.609130818140729247e+01 1.260484940841039361e-02 1.128291941779055313e-01 6.423261024480007852e-03 1.050545879293140333e-02
3.644064872277142086e+01 1.971169239309522245e-02 1.522210068940674788e-01 7.046116506801475624e-03 1.186366051041490982e-02
3.678998926413554926e+01 4.920134661942812682e-02 2.402382342840340690e-01 8.090169127850188255e-03 1.365843649994429553e-02
3.713932980549967766e+01 7.924070269212817041e-02 3.305869197049307040e-01 9.505852418589505470e-03 1.571415112388864499e-02
3.748867034686379895e+01 1.265264645340692384e-01 4.502932404637089991e-01 1.096488792968379131e-02 1.760982806415686136e-02
3.783801088822792735e+01 1.624382395354884712e-01 5.680941932807551664e-01 1.197184563579166590e-02 1.880682763342512998e-02
3.818735142959205575e+01 1.679044435573496252e-01 5.841491969303256315e-01 1.217050969208470848e-02 1.892074699301371163e-02
3.853669197095618415e+01 1.586842277681478619e-01 4.717486808643201468e-01 1.171296469675842111e-02 1.797441573603016096e-02
3.888603251232031255e+01 1.439239303325840491e-01 3.864894847090547536e-01 1.151463489929888118e-02 1.644818121117580870e-02
3.923537305368443384e+01 2.050908797798691174e-01 3.177276268536292081e-01 1.284202516903691985e-02 1.506424148944178996e-02
3.958471359504856224e+01 3.514603016607473762e-01 2.690063467188712476e-01 1.573939131278402626e-02 1.435175774708328730e-02
3.993405413641269064e+01 5.744478811642095284e-01 2.536608824799413409e-01 1.885787119061728412e-02 1.423521607911549386e-02
4.028339467777681904e+01 7.183210600117624356e-01 2.686995432591166577e-01 2.061455676889757324e-02 1.416557650561282855e-02
4.063273521914094033e+01 6.509650095750167953e-01 2.240202113539103423e-01 2.006443240835708783e-02 1.366805454027788559e-02
4.098207576050506873e+01 4.522958250749558040e-01 1.862574439104163204e-01 1.743528017730890806e-02 1.265267856589238731e-02
4.133141630186919713e+01 2.414567369540806530e-01 1.328231813852552845e-01 1.390286704760216457e-02 1.135659298103191411e-02
4.168075684323332553e+01 1.122833240382809239e-01 9.178309754133855136e-02 1.074326275283591162e-02 1.010556560778771984e-02
4.203009738459745392e+01 4.240661935421179141e-02 6.973608628502264706e-02 8.608643914456870494e-03 9.103863577984273522e-03
4.237943792596157522e+01 3.010660027515487530e-02 4.960283173824422270e-02 7.418860150353629931e-03 8.382374528136334740e-03
4.272877846732570362e+01 2.667834437414757370e-02 3.169030473444491014e-02 6.777758903563286738e-03 7.876850372232286138e-03
4.307811900868983201e+01 1.600747427518734584e-02 2.650281773677259922e-02 6.389945091672797131e-03 7.513810028182263054e-03
4.342745955005396041e+01 7.759083440743361898e-03 2.631143167289524964e-02 6.123571958536503171e-03 7.241362022711314919e-03
4.377680009141808881e+01 1.623633222604253454e-02 2.663753900023878296e-02 5.925879044273689097e-03 7.026455888144378381e-03
4.412614063278221010e+01 -3.635425736615727904e-03 3.134229108777174255e-02 5.772353658446046851e-03 6.848529892164032656e-03
4.447548117414633850e+01 1.885030254200000671e-03 1.717296951425943685e-02 5.649447280018410518e-03 6.696700557617770409e-03
4.482482171551046690e+01 7.264986196604080425e-03 2.614581079159513516e-02 5.548810052463449757e-03 6.566501746300454356e-03
4.517416225687459530e+01 8.173505117358929178e-03 -3.148963214582250689e-03 5.464942737821098032e-03 6.455508173646913248e-03
4.552350279823872370e+01 1.253973212314135610e-02 1.122663636763216247e-02 5.394054269803870774e-03 6.360992808009105146e-03
4.587284333960284499e+01 -8.047629893166794585e-05 2.035364221686091629e-02 5.333440821438812859e-03 6.280099996706586113e-03
4.622218388096697339e+01 1.894085672275114696e-03 8.282109090185460834e-03 5.281122887446019522e-03 6.210532627242981892e-03
4.657152442233110179e+01 1.324381666615595185e-02 1.523320978272482695e-02 5.235621682479538359e-03 6.150746095706514233e-03
4.692086496369523019e+01 1.388067511925035295e-02 5.915268807206921532e-03 5.195815731348270468e-03 6.099862652515096809e-03
4.727020550505935148e+01 1.945683971783028314e-03 5.620840093303433767e-03 5.160846040587006162e-03 6.057618428001424957e-03
4.761954604642347988e+01 4.594505724831332572e-03 3.720875047567569899e-03 5.130052032602160084e-03 6.024469161306521270e-03
4.796888658778760828e+01 -3.290800512945737943e-03 3.798790926754256475e-03 5.102927801860908559e-03 6.001967249632143495e-03
4.831822712915173668e+01 -9.667604428773821784e-03 2.159265536359747384e-02 5.079092436633187400e-03 5.993687549206665535e-03
4.866756767051586507e+01 6.938373739844745647e-04 3.752762027925187101e-03 5.058270677481215352e-03 6.007212970992683448e-03
4.901690821187998637e+01 3.849722611429071302e-03 6.567433726114185397e-03 5.040281852791459599e-03 6.056828147906350573e-03
4.936624875324411477e+01 -2.919261573693630180e-03 2.170001551069165174e-02 5.025036310435639954e-03 6.160477322224695851e-03
4.971558929460824316e+01 6.526820271797648641e-04 1.657180499739437096e-02 5.012539803094999240e-03 6.316370586366110151e-03
5.006492983597237156e+01 -3.720805703382604104e-03 1.334409398257474684e-02 5.002907872251257347e-03 6.470358791838950151e-03
5.041427037733649996e+01 7.077884858645315871e-03 1.505967684960780005e-02 4.996394856762459077e-03 6.535785845880219720e-03
5.076361091870062126e+01 1.850370191505343320e-07 1.259634503361191545e-02 4.993447096086388662e-03 6.474721226756312634e-03
5.111295146006474965e+01 -2.744951267279150883e-03 1.731827127023446294e-02 4.994800590562764250e-03 6.342158494299779577e-03
5.146229200142887805e+01 2.854626926258119549e-03 7.577900674192381003e-04 5.001669348367482684e-03 6.232843208787959208e-03
5.181163254279300645e+01 4.364345295933620868e-04 1.920092612320682679e-02 5.016143329692310596e-03 6.204462320341845062e-03
5.216097308415713485e+01 2.447251323395762106e-03 1.499809035408118663e-02 5.042165565584804179e-03 6.270651823895414916e-03
5.251031362552125614e+01 9.984368188476226355e-04 2.257362209525241165e-02 5.088606058232508084e-03 6.442474116267278908e-03
5.285965416688538454e+01 5.610262167685359930e-03 1.686562258174785500e-02 5.181471661392027944e-03 6.757627216772617643e-03
5.320899470824951294e+01 1.670342503740064426e-03 2.396299848694101106e-02 5.400382454883599984e-03 7.275362223526097433e-03
5.355833524961364134e+01 -1.310767413942813195e-03 4.169483200699766745e-02 5.871795017622166712e-03 8.001605635731320193e-03
5.390767579097776263e+01 1.968425889531036366e-02 5.935316449916565318e-02 6.529547858538390682e-03 8.759554684800770902e-03
5.425701633234189103e+01 2.077948737097656470e-02 6.334866333417453477e-02 6.978204120249230716e-03 9.202977490970598584e-03
5.460635687370601943e+01 2.429245307716162983e-02 7.370493130596593445e-02 6.893293515041530248e-03 9.087883267803053763e-03
5.495569741507014783e+01 6.581172673599186562e-03 2.886063155791825444e-02 6.477463137019540823e-03 8.530362284253611635e-03
5.530503795643427623e+01 1.445966231526915093e-02 3.748942109417223445e-02 6.365783172760859296e-03 7.929255898890449558e-03
5.565437849779839752e+01 2.796680275296228521e-02 4.105812002770131003e-02 7.123914694924978093e-03 7.652336507627594507e-03
5.600371903916252592e+01 4.942033544514221055e-02 2.925650923125743333e-02 8.843633798045022476e-03 7.785267122627307843e-03
5.635305958052665432e+01 1.127033810890665094e-01 4.984871134931428971e-02 1.075535658739796771e-02 8.076017815008398881e-03
5.670240012189078271e+01 1.427139708440366694e-01 4.490232989246771556e-02 1.144592661864412241e-02 8.141745376191743266e-03
5.705174066325491111e+01 1.142763618280582261e-01 3.819885147029299099e-02 1.030723072747543809e-02 7.805980145247191568e-03
5.740108120461903241e+01 5.492205987849620857e-02 2.976101176956250788e-02 8.290978791705379269e-03 7.221498834236571990e-03
5.775042174598316080e+01 2.211646806572770824e-02 2.889817796700007435e-02 6.691976516115161547e-03 6.656328766267437941e-03
5.809976228734728920e+01 1.988452701965302653e-03 2.542417111609655139e-02 5.866058904468137054e-03 6.245250052829793425e-03
5.844910282871141760e+01 2.213837700486220861e-03 7.030736703621880482e-03 5.483244154869800109e-03 5.976640550056902014e-03
5.879844337007554600e+01 6.862472698710615944e-03 1.447918336890172478e-02 5.275300643298932481e-03 5.799614085096726351e-03
5.914778391143966729e+01 -2.578081154386173846e-03 7.368676001887418392e-03 5.144773011086243956e-03 5.677493421784926900e-03
5.949712445280379569e+01 9.615577670050317466e-03 2.147636611275281771e-03 5.057039055777126993e-03 5.590132776776922559e-03
5.984646499416792409e+01 4.463000642228330365e-03 7.746685333042820434e-03 4.997119152663343292e-03 5.527186937820560697e-03
6.019580553553205249e+01 -2.553458682039841474e-03 -3.030326493106945754e-04 4.958724252145836620e-03 5.483559317838490599e-03
6.054514607689617378e+01 -1.954823063956809097e-03 1.522968911999288133e-02 4.939725770592233098e-03 5.455540327631288461e-03
6.089448661826030218e+01 -1.471841867611367941e-04 -9.144452913344772171e-04 4.936532601546587268e-03 5.438462145056779766e-03
6.124382715962443058e+01 -5.360654725026781087e-04 1.303490566878362858e-03 4.950101802544002762e-03 5.431965293466656762e-03
6.159316770098855898e+01 -4.376979885702750317e-03 -1.714667709662691039e-03 5.001034699987572801e-03 5.447314770559608284e-03
6.194250824235268738e+01 -2.824369810371124990e-03 6.753314254560804572e-04 5.143295380405602836e-03 5.506882334490988129e-03
6.229184878371680867e+01 1.820264538428374365e-02 5.171573431010355500e-03 5.541581533523435785e-03 5.640398634180337177e-03
6.264118932508093707e+01 4.825611237594494909e-03 1.800336429325823800e-02 6.422444155769841713e-03 5.851756871525723609e-03
6.299052986644506547e+01 3.158752556867678446e-02 2.202351991711740120e-02 7.404277079118177195e-03 6.042934326388905292e-03
6.333987040780919386e+01 3.604737949064518165e-02 1.585438348243948040e-02 7.516248104389667596e-03 6.054201702567992005e-03
6.368921094917332226e+01 2.842564558184563009e-02 -6.203023902572527351e-03 6.622882217387871667e-03 5.861964326310240003e-03
6.403855149053744356e+01 1.477684019950526589e-02 3.670940686117749128e-03 5.645231672347965184e-03 5.609846743767846720e-03
6.438789203190157195e+01 2.210896100042065299e-03 1.325257603005473503e-02 5.136446782718409425e-03 5.417854194746958736e-03
6.473723257326570035e+01 3.235336254803036857e-03 -2.026397461382804452e-03 4.928577982364168268e-03 5.298467016123444874e-03
6.508657311462982875e+01 7.731112799875422027e-03 6.640139079528470378e-03 4.826257237868101548e-03 5.224318818583445316e-03
6.543591365599395715e+01 6.688617708542250045e-03 7.442854365607100633e-03 4.764936847496111481e-03 5.174668604579537798e-03
6.578525419735808555e+01 2.842550564286872115e-04 5.165464424056673276e-03 4.723726418068563415e-03 5.138686556814774792e-03
6.613459473872219974e+01 4.193721772127798411e-03 -3.067942793687521239e-03 4.693850960372798059e-03 5.110865597271134486e-03
6.648393528008634235e+01 3.874302787084015626e-03 -3.314236842738369025e-03 4.670953836394283083e-03 5.088247042577827284e-03
6.683327582145045653e+01 1.648906790232381164e-03 1.708493419183976930e-02 4.652636961960913628e-03 5.069136738639152574e-03
6.718261636281458493e+01 -3.163386326417559451e-03 4.809988580140416026e-03 4.637479873428848251e-03 5.052507417551477253e-03
6.753195690417871333e+01 4.059755395645172835e-03 -2.774198163284633499e-03 4.624592361149910610e-03 5.037704716643041404e-03
6.788129744554284173e+01 8.426113135887640599e-04 1.247648373987301183e-02 4.613390614548862519e-03 5.024293814284956292e-03
6.823063798690697013e+01 -3.752135799320810254e-03 -2.076589478707123199e-03 4.603477073208050649e-03 5.011975036655261402e-03
6.857997852827109853e+01 2.760810458722455681e-03 1.427616256878871948e-02 4.594572235723149226e-03 5.000535189955166576e-03
6.892931906963522692e+01 -5.323041041826523509e-04 1.840662496080761393e-03 4.586474134301053891e-03 4.989818321727087710e-03
6.927865961099935532e+01 -6.559646793822087631e-03 -1.528533307887591612e-03 4.579033296415811749e-03 4.979707512520971727e-03
6.962800015236346951e+01 6.973460887920966689e-04 -4.041639489745960448e-03 4.572136749479306823e-03 4.970113171542356670e-03
6.997734069372759791e+01 -4.796956603396291489e-04 4.528749366052250459e-04 4.565697500542172452e-03 4.960965298172360406e-03
7.032668123509172631e+01 1.391920903116313120e-03 -7.938413287703451407e-05 4.559647437070551632e-03 4.952208235054745243e-03
7.067602177645585471e+01 7.941607803700673554e-03 -7.825435786667331479e-04 4.553932425661352638e-03 4.943797028974942012e-03
7.102536231781998310e+01 5.232325255291590295e-03 -5.703807126337823857e-03 4.548508858239421956e-03 4.935694854560412903e-03
7.137470285918411150e+01 2.811702951650223593e-03 5.849681089091354758e-03 4.543341172900009634e-03 4.927871156070055651e-03
7.172404340054823990e+01 7.134158358693564253e-03 3.839692149888284528e-04 4.538400044296223533e-03 4.920300284102084587e-03
7.207338394191236830e+01 4.999695382123846635e-03 3.495665686102629802e-03 4.533661042422459236e-03 4.912960479668201930e-03
7.242272448327649670e+01 -7.718901045286257617e-03 -3.564783750956746194e-03 4.529103624560946832e-03 4.905833106177715126e-03
7.277206502464062510e+01 -4.028683485974657134e-03 -1.025535156718680296e-03 4.524710367836682484e-03 4.898902061094896621e-03
7.312140556600473928e+01 -3.180191146907277323e-03 -2.055498907575853233e-03 4.520466377989403560e-03 4.892153319680792034e-03
7.347074610736886768e+01 -3.556990454893390859e-04 5.344695933911852367e-03 4.516358828884013341e-03 4.885574577124623431e-03
7.382008664873299608e+01 -3.179358378390824066e-03 6.069149625447859547e-03 4.512376600187568282e-03 4.879154964869979183e-03
7.416942719009712448e+01 4.337584265638950304e-03 -4.683206686007903349e-04 4.508509989581126198e-03 4.872884823533739536e-03
7.451876773146125288e+01 5.153117153387148930e-03 4.382302576403223140e-03 4.504750482153556737e-03 4.866755519454878803e-03
