# [ 0.          0.         11.76436475], [ 0.          0.         11.61950583], [ 0.          0.         11.88055863]
5.000000000000000000e+00 2.588425974563590137e-01 2.446138556118913621e-01 2.644027638528894664e-01 3.801542273098538760e-01 3.717191835151121837e-01 3.820542173761791727e-01
5.232504239904552712e+00 1.962910813093466378e-01 1.860739017419969776e-01 2.004803562401769601e-01 3.421987251065893854e-01 3.354783017882174700e-01 3.427585315409194533e-01
5.465008479809105424e+00 1.559109864533447243e-01 1.483680341323184437e-01 1.590998678015561885e-01 3.161022614401247099e-01 3.105974283449937090e-01 3.156555798342230434e-01
5.697512719713658136e+00 1.295012250965529021e-01 1.237068929445556686e-01 1.319947461218003437e-01 2.983522014214700091e-01 2.936221387340549049e-01 2.973598876459460083e-01
5.930016959618210848e+00 1.117311347836551505e-01 1.070825708183292813e-01 1.137517641747781416e-01 2.858551502845896319e-01 2.815344092107833207e-01 2.848577250141861028e-01
6.162521199522763560e+00 9.932991222357952232e-02 9.544926928794403298e-02 1.010275602341022677e-01 2.760105359858858742e-01 2.718261555383819084e-01 2.755482248788342914e-01
6.395025439427316272e+00 9.036819493215093868e-02 8.702205216315048175e-02 9.183921734529496006e-02 2.668113027644245516e-01 2.625981697554820027e-01 2.673251045667742187e-01
6.627529679331868984e+00 8.373093583438750986e-02 8.077355240841321837e-02 8.503618371729132486e-02 2.569489531591471754e-01 2.526567152126130700e-01 2.586891853226428450e-01
6.860033919236421696e+00 7.877596325844847536e-02 7.611329468682240251e-02 7.995423542165354391e-02 2.458697915915463716e-01 2.415548136859568262e-01 2.488414023408304920e-01
7.092538159140973519e+00 7.513255095319591736e-02 7.270107095357597471e-02 7.620925110825682580e-02 2.337361205059621250e-01 2.295368955068226857e-01 2.376995765735213095e-01
7.325042399045527119e+00 7.259176852468195162e-02 7.034672902953005569e-02 7.358378342327168142e-02 2.212826404176877482e-01 2.173838340290779603e-01 2.258093760227281588e-01
7.557546638950078943e+00 7.105239033651393477e-02 6.896185163746808289e-02 7.197018875125919812e-02 2.096022398610723481e-01 2.061974941315778131e-01 2.141637197868899445e-01
7.790050878854632543e+00 7.049950314220095049e-02 6.854209596510069114e-02 7.134697945462604995e-02 1.999225898021210757e-01 1.971868766809067863e-01 2.039813030961837304e-01
8.022555118759184367e+00 7.100236356705842689e-02 6.916788403141857500e-02 7.177449201562224879e-02 1.934322408109635794e-01 1.915108757162437003e-01 1.965056825386811146e-01
8.255059358663737967e+00 7.272269939853806542e-02 7.101516552963083040e-02 7.340096209537029515e-02 1.911858487635450243e-01 1.902012247448590099e-01 1.928682649896347745e-01
8.487563598568289791e+00 7.592602894191749496e-02 7.436869426998396482e-02 7.647213787061545032e-02 1.940794554372313463e-01 1.941507982195021798e-01 1.940238259268303733e-01
8.720067838472843391e+00 8.098987850013322776e-02 7.963097965975705905e-02 8.133973422319851210e-02 2.028584113875614714e-01 2.041263484648681015e-01 2.007355574352732985e-01
8.952572078377395215e+00 8.840866468565343472e-02 8.732581386045541738e-02 8.847064708906930697e-02 2.181159188913785463e-01 2.207631265890086236e-01 2.135744108468202451e-01
9.185076318281947039e+00 9.881039902661209462e-02 9.811146648626607736e-02 9.847425458722652847e-02 2.402606517063796132e-01 2.445220223793038716e-01 2.329096293823878228e-01
9.417580558186500639e+00 1.130275390112262107e-01 1.128477278823823010e-01 1.121910348672724572e-01 2.694669270791535398e-01 2.756266885571561076e-01 2.588957695385084579e-01
9.650084798091054239e+00 1.322986622971003556e-01 1.327975357679106183e-01 1.309172915707872420e-01 3.056525206858918819e-01 3.140300226058682642e-01 2.914893035604667615e-01
9.882589037995606063e+00 1.587033216318800288e-01 1.600699597363358373e-01 1.568622350593944503e-01 3.485394374595677802e-01 3.594677014560739847e-01 3.305374150019958490e-01
1.011509327790015789e+01 1.959189947006335364e-01 1.983938381901020898e-01 1.939148340387130132e-01 3.978316230367151540e-01 4.116311316610561377e-01 3.759626341152855211e-01
1.034759751780471149e+01 2.502928427937510247e-01 2.542057330384794867e-01 2.486960465100883366e-01 4.534933356878683708e-01 4.704377579369091733e-01 4.280214916924824364e-01
1.058010175770926509e+01 3.320018747706359741e-01 3.378047026413289466e-01 3.316506934067718904e-01 5.160474892445529038e-01 5.363116412460484650e-01 4.875570150840459749e-01
1.081260599761381691e+01 4.557423435311650506e-01 4.639866126089505216e-01 4.576094941213487699e-01 5.867570423396114565e-01 6.103369507171608754e-01 5.561149917148314747e-01
1.104511023751836873e+01 6.400703185012383001e-01 6.512611908184935405e-01 6.449617648311927187e-01 6.675300826083212513e-01 6.941361963518862810e-01 6.357778890248217962e-01
1.127761447742292233e+01 9.044873325685393040e-01 9.187627789435875991e-01 9.125974550333962876e-01 7.604265110756508461e-01 7.893732304045948389e-01 7.286135496709167381e-01
1.151011871732747593e+01 1.263943978745733610e+00 1.280605194697358673e+00 1.274393843788292680e+00 8.667581653318209289e-01 8.968964972194491958e-01 8.357525892340658125e-01
1.174262295723202776e+01 1.721686079657920310e+00 1.738741224830580245e+00 1.732259580855460390e+00 9.859519679423915939e-01 1.015702460261641793e+00 9.562810500145857429e-01
1.197512719713657958e+01 2.262812018587325280e+00 2.276832599919669686e+00 2.270100355531459169e+00 1.114524185112169663e+00 1.142051990242104242e+00 1.086297212319498495e+00
1.220763143704113318e+01 2.851578710009298856e+00 2.858193918759946328e+00 2.851603409302038372e+00 1.245590889195791640e+00 1.269121708670388760e+00 1.218535638632232354e+00
1.244013567694568678e+01 3.434560418666123827e+00 3.429719951132542910e+00 3.423719929835105980e+00 1.369233379823777463e+00 1.387449617377676248e+00 1.342837871377942749e+00
1.267263991685023861e+01 3.949383876488889999e+00 3.931106352031259021e+00 3.925394846416777384e+00 1.473761242848805830e+00 1.486164925876729770e+00 1.447473536358550028e+00
1.290514415675479043e+01 4.336290578701997411e+00 4.306173583339389488e+00 4.298794253146044575e+00 1.547597710539244886e+00 1.554707823247252430e+00 1.521017310553990587e+00
1.313764839665934403e+01 4.548853928007447145e+00 4.512471437931210971e+00 4.499528600772227271e+00 1.581316162442305329e+00 1.584602500054293373e+00 1.554318620502322057e+00
1.337015263656389585e+01 4.561301334223681891e+00 4.526981833254734688e+00 4.503531904369467043e+00 1.569361736567090215e+00 1.570903522714069300e+00 1.542124833138999396e+00
1.360265687646844945e+01 4.371886965151122517e+00 4.348154290286139201e+00 4.310152221692857388e+00 1.511138324132079269e+00 1.513103341963331516e+00 1.484068122675506807e+00
1.383516111637300128e+01 4.002896336309203384e+00 3.995622799682494009e+00 3.942021307970365651e+00 1.411302436850903952e+00 1.415421124838318834e+00 1.384880429549294911e+00
1.406766535627755488e+01 3.497570591561195208e+00 3.508126000328641414e+00 3.441948103102066447e+00 1.279214269396029779e+00 1.286428972134473492e+00 1.253802714160606957e+00
1.430016959618210670e+01 2.913610453488772567e+00 2.938798230592689631e+00 2.866507064037993491e+00 1.127591065085903344e+00 1.137984314510185557e+00 1.103246345486330826e+00
1.453267383608666030e+01 2.313398746218997548e+00 2.347049949016313253e+00 2.276502683768316881e+00 9.705540851096621235e-01 9.835377062401738923e-01 9.469073507197771633e-01
1.476517807599121213e+01 1.752768540049476353e+00 1.788094018029813714e+00 1.726118899226243286e+00 8.214415485439362508e-01 8.360829910894388428e-01 7.977061500739599520e-01
1.499768231589576573e+01 1.271611140018702457e+00 1.303223435571551514e+00 1.253925922122736125e+00 6.908663961015979460e-01 7.061916840854706168e-01 6.660150725637106195e-01
1.523018655580031755e+01 8.893629790863079032e-01 9.142778499162810268e-01 8.786233926025056595e-01 5.854308970212808161e-01 6.005870043051584339e-01 5.585466860700156744e-01
1.546269079570487115e+01 6.063527244131818872e-01 6.239128147292749560e-01 6.004128005223112741e-01 5.072877994247805278e-01 5.215407841868763272e-01 4.780305877722330621e-01
1.569519503560942297e+01 4.094976590153781570e-01 4.206266959614328727e-01 4.065242604106863444e-01 4.544886985705829385e-01 4.671258370321704767e-01 4.235449627857165722e-01
1.592769927551397657e+01 2.794605571684747325e-01 2.857711396239301926e-01 2.781278081357523302e-01 4.219134702075880705e-01 4.321626536345189451e-01 3.912405213731584008e-01
1.616020351541853017e+01 1.966517265161813188e-01 1.997676347541238462e-01 1.961303387651031627e-01 4.025550935269441299e-01 4.096139588847285129e-01 3.752397413607678756e-01
1.639270775532308022e+01 1.447819935420212867e-01 1.459903727493201964e-01 1.446196873531288563e-01 3.889639294922735413e-01 3.921585038477102270e-01 3.686242199684088838e-01
1.662521199522763382e+01 1.120347794212235570e-01 1.122071484487716792e-01 1.120162950677653230e-01 3.746485329790620877e-01 3.736566421878131927e-01 3.644989375609984372e-01
1.685771623513218742e+01 9.068040887684497564e-02 9.033978540148548952e-02 9.071675222276090467e-02 3.551837430100935333e-01 3.502093284758103220e-01 3.570722953136432620e-01
1.709022047503673747e+01 7.604242358669896507e-02 7.547335257009948895e-02 7.610181285114721306e-02 3.287719888264825641e-01 3.205715343261942296e-01 3.425656118480898127e-01
1.732272471494129462e+01 6.543714925738781940e-02 6.478236985501174827e-02 6.550957756026451473e-02 2.961177790680999955e-01 2.858508829099609128e-01 3.196938838485828827e-01
1.755522895484584467e+01 5.736129391328122912e-02 5.668773217847807716e-02 5.744346477500870962e-02 2.596940406327336026e-01 2.486548876797536611e-01 2.895388317836489755e-01
1.778773319475039827e+01 5.096624282246572935e-02 5.030344920770288969e-02 5.105640155865515117e-02 2.226922318668318468e-01 2.120288068819138061e-01 2.548487001961778908e-01
1.802023743465495187e+01 4.575449437122202506e-02 4.511462422359404506e-02 4.585113155987579486e-02 1.880326922335709416e-01 1.785523730292467304e-01 2.190244706357800386e-01
1.825274167455950192e+01 4.141708676302074260e-02 4.080447135786749446e-02 4.151879992735268976e-02 1.577252445753729027e-01 1.498324726587866029e-01 1.851536878114009577e-01
1.848524591446405552e+01 3.774986103045230301e-02 3.716536054190317656e-02 3.785542106919905642e-02 1.326767665959395492e-01 1.264271425072636124e-01 1.553806350170966188e-01
1.871775015436860912e+01 3.461038150839725047e-02 3.405332409787577980e-02 3.471876971342945095e-02 1.128569498494204071e-01 1.080745630899045268e-01 1.307155905818135622e-01
1.895025439427315916e+01 3.189499555167523565e-02 3.136404928400705894e-02 3.200539619952020437e-02 9.764003466738033210e-02 9.404140104456265581e-02 1.112011867538535287e-01
1.918275863417771632e+01 2.952587220058543183e-02 2.901944941634555103e-02 2.963764420763925073e-02 8.615124372034378697e-02 8.343929292081918303e-02 9.625744539502063823e-02
1.941526287408226636e+01 2.744317386439656600e-02 2.695962545637056729e-02 2.755581847950610772e-02 7.751818144634832486e-02 7.543518790974887422e-02 8.503443426213237732e-02
1.964776711398681996e+01 2.560003701797380557e-02 2.513774754548897886e-02 2.571316883264870151e-02 7.100406457295514728e-02 6.935023609696670810e-02 7.667100164834468601e-02
1.988027135389137356e+01 2.395919854594187257e-02 2.351663190238642218e-02 2.407252171803951624e-02 6.604770675192959961e-02 6.467882629997448451e-02 7.043448724030496044e-02
2.011277559379592361e+01 2.249064601493031695e-02 2.206636532491407579e-02 2.260393546356281175e-02 6.224989291606778524e-02 6.106609018258537386e-02 6.576527488105689268e-02
2.034527983370047721e+01 2.116993591233958666e-02 2.076260966777325467e-02 2.128302264142900579e-02 5.933921980207790964e-02 5.827248599895244741e-02 6.226577603279630224e-02
2.057778407360503081e+01 1.997696357749561072e-02 1.958536442369379280e-02 2.008972325706070983e-02 5.713701022452450512e-02 5.614085714242169484e-02 5.966746143790677831e-02
2.081028831350958086e+01 1.889504718940578434e-02 1.851804690409616233e-02 1.900739125929706841e-02 5.552939869525826827e-02 5.457137502169299298e-02 5.779622457243940165e-02
2.104279255341413446e+01 1.791023506241842811e-02 1.754679772272388014e-02 1.802210377904930189e-02 5.444788797178851114e-02 5.350440279051640186e-02 5.654474241746296898e-02
2.127529679331868806e+01 1.701077472949221597e-02 1.665994919539609542e-02 1.712213171064368850e-02 5.385686907392669975e-02 5.290939138198275798e-02 5.585355349619543219e-02
2.150780103322324166e+01 1.618670114990967621e-02 1.584761349558612420e-02 1.629752907900652165e-02 5.374615008410284223e-02 5.277790757380351055e-02 5.569966847269886001e-02
2.174030527312779171e+01 1.542951388182488281e-02 1.510136011678514176e-02 1.553981111434509822e-02 5.412717893821648862e-02 5.311974951450641053e-02 5.609102240381992621e-02
2.197280951303234531e+01 1.473192154099798451e-02 1.441396079340310186e-02 1.484169941701669361e-02 5.503266137488049131e-02 5.396224293033502484e-02 5.706566209036617598e-02
2.220531375293689891e+01 1.408763773223874020e-02 1.377918596755233448e-02 1.419691844525991509e-02 5.652029292597537946e-02 5.535382892984665876e-02 5.869556183918980125e-02
2.243781799284145251e+01 1.349121676566781593e-02 1.319164105656002277e-02 1.360003167266569078e-02 5.868213652684350218e-02 5.737364594164186260e-02 6.109616900728796068e-02
2.267032223274600256e+01 1.293792041593147708e-02 1.264663374721258088e-02 1.304630869981384181e-02 6.166180066131641407e-02 6.014897004691747984e-02 6.444423138968109754e-02
2.290282647265055616e+01 1.242360911491418099e-02 1.214006569024010489e-02 1.253161673059848859e-02 6.568236190232248917e-02 6.388263353499813724e-02 6.900823274964466847e-02
2.313533071255510976e+01 1.194465253106334265e-02 1.166834354014509648e-02 1.205233138162709397e-02 7.108940779235918550e-02 6.889369154850411014e-02 7.519764689162043714e-02
2.336783495245966336e+01 1.149785564636693867e-02 1.122830544873278796e-02 1.160526294748066498e-02 7.841533710499257182e-02 7.567666737615404149e-02 8.363791717723080554e-02
2.360033919236421340e+01 1.108039730899089068e-02 1.081715999072638962e-02 1.118759510893963145e-02 8.847048902940686521e-02 8.498525342166647623e-02 9.527394913452889857e-02
2.383284343226876700e+01 1.068977889491901437e-02 1.043243515685837557e-02 1.079683372461649922e-02 1.024575674489598826e-01 9.793927753702083572e-02 1.114894156375520751e-01
2.406534767217332060e+01 1.032378121171045361e-02 1.007193555042501520e-02 1.043076384469223891e-02 1.220798994553659172e-01 1.161305839600029616e-01 1.341957759293654351e-01
2.429785191207787420e+01 9.980428161791335059e-03 9.733706307907194488e-03 1.008741346860315448e-02 1.495684813272613600e-01 1.416602137331629541e-01 1.657966818028883127e-01
2.453035615198242425e+01 9.657955980510744831e-03 9.416002562085083044e-03 9.765022865458721987e-03 1.875041165005680854e-01 1.769897506010008892e-01 2.088969732071143393e-01
2.476286039188697785e+01 9.354787096678703062e-03 9.117263498399476654e-03 9.462018507787934088e-03 2.383056986406926203e-01 2.244772983527289489e-01 2.656539632133484430e-01
2.499536463179153145e+01 9.069507846062599410e-03 8.836090237817261980e-03 9.176990851460134491e-03 3.033540979046506214e-01 2.855543220455407094e-01 3.368113455052386684e-01
2.522786887169608505e+01 8.800849412949599340e-03 8.571226923789856608e-03 8.908675338869643731e-03 3.819387823630041034e-01 3.597077764217496698e-01 4.206917428941349124e-01
2.546037311160063510e+01 8.547671490083650486e-03 8.321544505778634415e-03 8.655936117385198275e-03 4.704534493478066959e-01 4.436771534337288769e-01 5.126140876824905046e-01
2.569287735150518870e+01 8.308948239631788399e-03 8.086026803852265632e-03 8.417752057198824370e-03 5.623275029761996002e-01 5.313592335640995312e-01 6.051517510161945612e-01
2.592538159140974230e+01 8.083756212336276267e-03 7.863758513055029223e-03 8.193204727061649539e-03 6.489142879116581719e-01 6.146644359457551499e-01 6.892879395335137493e-01
2.615788583131429590e+01 7.871263942512456840e-03 7.653914866451334668e-03 7.981468046800449176e-03 7.210689009482349476e-01 6.850632117538798527e-01 7.560599069712922171e-01
2.639039007121884595e+01 7.670722986032657044e-03 7.455752724946885027e-03 7.781799384938549620e-03 7.707976007996745205e-01 7.351646205988364713e-01 7.980786530469772266e-01
2.662289431112339955e+01 7.481460209218551878e-03 7.268602902490266422e-03 7.593531910515885497e-03 7.924531138825350318e-01 7.597461510028556964e-01 8.105426050944575245e-01
2.685539855102795315e+01 7.302871170475248343e-03 7.091863568896666220e-03 7.416068042141616204e-03 7.833854796408602494e-01 7.561588975000970159e-01 7.917872398503140730e-01
2.708790279093250675e+01 7.134414464999249555e-03 6.924994600759137170e-03 7.248873865876690956e-03 7.442786174141621247e-01 7.244728855351869612e-01 7.435823767207289103e-01
2.732040703083705679e+01 6.975606927154133496e-03 6.767512774893263972e-03 7.091474417908692415e-03 6.792838403206514775e-01 6.676541769362440704e-01 6.711570782322089368e-01
2.755291127074161039e+01 6.826019606100906453e-03 6.618987719457681586e-03 6.943449749119295217e-03 5.957030734743971045e-01 5.915894880364340747e-01 5.826389264742148910e-01
2.778541551064616399e+01 6.685274448807846520e-03 6.479038556112220841e-03 6.804431707373249927e-03 5.028856311722795791e-01 5.044739379116194300e-01 4.876805657817718243e-01
2.801791975055071404e+01 6.553041641356471304e-03 6.347331183014827578e-03 6.674101390392933250e-03 4.104003558321357992e-01 4.153536005895984706e-01 3.955298162497781211e-01
2.825042399045526764e+01 6.429037575147009305e-03 6.223576163748054807e-03 6.552187238074805645e-03 3.260897160375813564e-01 3.322394476970906285e-01 3.132424889519580535e-01
2.848292823035982124e+01 6.313023419801320514e-03 6.107527202003026900e-03 6.438463748678312226e-03 2.547831267523315568e-01 2.605890016073067472e-01 2.447222384321590394e-01
2.871543247026437484e+01 6.204804299882725818e-03 5.998980196634002594e-03 6.332750819108995746e-03 1.980876603807955605e-01 2.027546004829273441e-01 1.908166446595349064e-01
2.894793671016892489e+01 6.104229088667290602e-03 5.897772887173630477e-03 6.234913726213570095e-03 1.551010008180140620e-01 1.584323754951079133e-01 1.501794890481612521e-01
2.918044095007347849e+01 6.011190849868876251e-03 5.803785116796525249e-03 6.144863784390815729e-03 1.235280045755610956e-01 1.256762714969949513e-01 1.203703759338154433e-01
2.941294518997803209e+01 5.925627978351948218e-03 5.716939758910104773e-03 6.062559735845200228e-03 1.006916500255924940e-01 1.019386429920243059e-01 9.875858346912146091e-02
2.964544942988258569e+01 5.847526114600511832e-03 5.637204376124449988e-03 5.988009954653860170e-03 8.417489139468981030e-02 8.479742432303824518e-02 8.305181509767671499e-02
2.987795366978713574e+01 5.776920936520294099e-03 5.564593707712837609e-03 5.921275576014403859e-03 7.208475072491905833e-02 7.229953973924073407e-02 7.148585271436323774e-02
3.011045790969168934e+01 5.713901967985732765e-03 5.499173115682349545e-03 5.862474699620350699e-03 6.306391613409667585e-02 6.302099526525541118e-02 6.280439735779054511e-02
3.034296214959624294e+01 5.658617589045016223e-03 5.441063162751173972e-03 5.811787863822416925e-03 5.618838080397115659e-02 5.598448877149196645e-02 5.615229297891231180e-02
3.057546638950079654e+01 5.611281491506892559e-03 5.390445551347871657e-03 5.769465048859485565e-03 5.084379991052731529e-02 5.053901250841547760e-02 5.095870061015907865e-02
3.080797062940534659e+01 5.572180900849112682e-03 5.347570726074061392e-03 5.735834548278240068e-03 4.662251107763508429e-02 4.625356421029133691e-02 4.684259265789274956e-02
3.104047486930990019e+01 5.541686988257518882e-03 5.312767539820216663e-03 5.711314155221058550e-03 4.325064138985777740e-02 4.283990482927725607e-02 4.354640755201632379e-02
3.127297910921445379e+01 5.520268035583267285e-03 5.286455515874572894e-03 5.696425255386871993e-03 4.054068536249327837e-02 4.010171844443954220e-02 4.089283903557618810e-02
3.150548334911900739e+01 5.508506106418434647e-03 5.269160419541014072e-03 5.691810617029839821e-03 3.836184270213680719e-02 3.790271030577356537e-02 3.875766494115778782e-02
3.173798758902355743e+01 5.507118241168392631e-03 5.261534104760954254e-03 5.698256943985986235e-03 3.662165431653847253e-02 3.614688870680111271e-02 3.705281779064341363e-02
3.197049182892811103e+01 5.516983567560447034e-03 5.264379957014665018e-03 5.716723646224272821e-03 3.525456464878951729e-02 3.476633018163131916e-02 3.571578099181683952e-02
3.220299606883266108e+01 5.539178253981884639e-03 5.278685764314016565e-03 5.748379839163523901e-03 3.421472837676098333e-02 3.371351319016685499e-02 3.470289464769134302e-02
3.243550030873721823e+01 5.575021015870182221e-03 5.305666593718583526e-03 5.794652395418036818e-03 3.347148865569335441e-02 3.295650606054333770e-02 3.398514439718016561e-02
3.266800454864176828e+01 5.626133051661643888e-03 5.346821361102898316e-03 5.857289082220854155e-03 3.300662451620797050e-02 3.247602536788946753e-02 3.354561110846995126e-02
3.290050878854631833e+01 5.694518061307189336e-03 5.404008471435034315e-03 5.938442659871541462e-03 3.281286541397624573e-02 3.226381538850327246e-02 3.337812488805907279e-02
3.313301302845087548e+01 5.782670775272310063e-03 5.479548541494934713e-03 6.040784695249484283e-03 3.289342255923908415e-02 3.232206864898364701e-02 3.348690042365103092e-02
3.336551726835543263e+01 5.893726883944127269e-03 5.576366442532413627e-03 6.167662480117608835e-03 3.326246674826820876e-02 3.266379560938683507e-02 3.388710164833453470e-02
3.359802150825997558e+01 6.031674682043667961e-03 5.698191904128137829e-03 6.323320181534403291e-03 3.394664301912372895e-02 3.331421337362673596e-02 3.460644053809833198e-02
3.383052574816453273e+01 6.201661623921087343e-03 5.849849998866338448e-03 6.513218855174893879e-03 3.498789842415726825e-02 3.431340436917067888e-02 3.568810113054626115e-02
3.406302998806908988e+01 6.410452556599824901e-03 6.037694723330931310e-03 6.744514923598556207e-03 3.644816559130201888e-02 3.572074916924686261e-02 3.719555089283595878e-02
3.429553422797363993e+01 6.667142678951088960e-03 6.270281280229277228e-03 7.026806567848644866e-03 3.841687907012857756e-02 3.762204526780377895e-02 3.922024609257244304e-02
3.452803846787818998e+01 6.984327738690811888e-03 6.559462149290019861e-03 7.373366632753123456e-03 4.102305750817587110e-02 4.014093015643956791e-02 4.189400906129513158e-02
3.476054270778274713e+01 7.380169456271738065e-03 6.922300960715649550e-03 7.803341190732598215e-03 4.445502495629725936e-02 4.345748532406756154e-02 4.540920252024673726e-02
3.499304694768729718e+01 7.882390200404399208e-03 7.384728589580324791e-03 8.346041092966768188e-03 4.899313980710495731e-02 4.783909058041931062e-02 5.005206392671657234e-02
3.522555118759184722e+01 8.536735791857737524e-03 7.989242672277085261e-03 9.050014640988113604e-03 5.506437747088054752e-02 5.369205538028109376e-02 5.625776795357484428e-02
3.545805542749640438e+01 9.425904382684860069e-03 8.812285825772240080e-03 1.000292825506558098e-02 6.333132147742398521e-02 6.164664784226116939e-02 6.469876549089523254e-02
3.569055966740095442e+01 1.071138208017962876e-02 1.000365518136635962e-02 1.137395039252479811e-02 7.482731629414950125e-02 7.268875532579481547e-02 7.641593711557462254e-02
3.592306390730550447e+01 1.271809895419447924e-02 1.186936491674432138e-02 1.349596084426154391e-02 9.113168271873790804e-02 8.833654958096728849e-02 9.298362090772370470e-02
3.615556814721006162e+01 1.607829874218760086e-02 1.501944672560273468e-02 1.699978427560583372e-02 1.145228317361935838e-01 1.108081841147336710e-01 1.166464562644126957e-01
3.638807238711461167e+01 2.190794700779391535e-02 2.056237668740498389e-02 2.297315675244790412e-02 1.479379889848604912e-01 1.430178874708324943e-01 1.502665537296818676e-01
3.662057662701916172e+01 3.187644470747897502e-02 3.021066083063040850e-02 3.301832684635590265e-02 1.944416599756534081e-01 1.881019035102439174e-01 1.968059571361997773e-01
3.685308086692371887e+01 4.788228601262190659e-02 4.599409031668038467e-02 4.895003749266624293e-02 2.559019727046985548e-01 2.481506622812055807e-01 2.580661725552575447e-01
3.708558510682826892e+01 7.104801974246405250e-02 6.925085397658296837e-02 7.186656700428376010e-02 3.309157968956768503e-01 3.221405112245002700e-01 3.327146005201383483e-01
3.731808934673282607e+01 1.001721633309523574e-01 9.898857097151321505e-02 1.006960608569481830e-01 4.127867628989718707e-01 4.038190644880447766e-01 4.143321255879310328e-01
3.755059358663737612e+01 1.306029815042049069e-01 1.305876401772377571e-01 1.310896799399060009e-01 4.891295360348708599e-01 4.811117254571652402e-01 4.909597278000378262e-01
3.778309782654192617e+01 1.549926136505621610e-01 1.564023822156842269e-01 1.560570745836131201e-01 5.445366295527283018e-01 5.385642864005346642e-01 5.475561394271694082e-01
3.801560206644648332e+01 1.665252825270440162e-01 1.689899593534071320e-01 1.690162999855065185e-01 5.660958023324426103e-01 5.627546467911254124e-01 5.712731540538555919e-01
3.824810630635103337e+01 1.631464210061627507e-01 1.655337210823165650e-01 1.679785245429861185e-01 5.491969852670959273e-01 5.482250040329117446e-01 5.571840507100727091e-01
3.848061054625558342e+01 1.500363673951974619e-01 1.505551110044240637e-01 1.582169205887970775e-01 5.001001692525032238e-01 5.003705744499591379e-01 5.110307273802989769e-01
3.871311478616014057e+01 1.388262280998515674e-01 1.351804267168956464e-01 1.517594058811997659e-01 4.334937319631496089e-01 4.333258926807770361e-01 4.470959970574766018e-01
3.894561902606469062e+01 1.446111587355431716e-01 1.339739864564324368e-01 1.644308499462301121e-01 3.665348152558343120e-01 3.641473092089775321e-01 3.824480241820341631e-01
3.917812326596924777e+01 1.824046818368831313e-01 1.612727385556087245e-01 2.119082536849058729e-01 3.128122405759400926e-01 3.067022074021478750e-01 3.308521425127199933e-01
3.941062750587379782e+01 2.625054995582691841e-01 2.269119646603714457e-01 3.044572030230806581e-01 2.788875043001396437e-01 2.680585407905649586e-01 2.990762816053187390e-01
3.964313174577834786e+01 3.831670698929680596e-01 3.298150977950805585e-01 4.391767463229731550e-01 2.638782869685201149e-01 2.479826911604823547e-01 2.862491924339219396e-01
3.987563598568290502e+01 5.229950038137884949e-01 4.512864021321121299e-01 5.924627338665960918e-01 2.611614647139248735e-01 2.406239103949120439e-01 2.854915788851111746e-01
4.010814022558745506e+01 6.415911160827637572e-01 5.554944559820864658e-01 7.211431741467554390e-01 2.612839769662436695e-01 2.373541976225151950e-01 2.869185768843477424e-01
4.034064446549200511e+01 6.952752800112595999e-01 6.034136247783952189e-01 7.789363480283617580e-01 2.554556781532450471e-01 2.300547916785054825e-01 2.813120984055739737e-01
4.057314870539656226e+01 6.614062234152465747e-01 5.745740378721929664e-01 7.416840252143807044e-01 2.386645144263227492e-01 2.139659760088749585e-01 2.634185607432230070e-01
4.080565294530111231e+01 5.526707201936232883e-01 4.799087353410158574e-01 6.225003839031130193e-01 2.110754386616300882e-01 1.889512001935232111e-01 2.334652086004172511e-01
4.103815718520566946e+01 4.085426627049223991e-01 3.541743613121204892e-01 4.633983443605476094e-01 1.770031938420617568e-01 1.585913631956014092e-01 1.961329942533378834e-01
4.127066142511021951e+01 2.713389058735015125e-01 2.346278046813320972e-01 3.103530671764769822e-01 1.422245806339361152e-01 1.278104754741934135e-01 1.577412452608550897e-01
4.150316566501476956e+01 1.664498413732173332e-01 1.435028030274028699e-01 1.918903703845120656e-01 1.113628015258677773e-01 1.005675695937891662e-01 1.234379930386351326e-01
4.173566990491932671e+01 9.847160060715723362e-02 8.468419396690360368e-02 1.140932571922280148e-01 8.665777783515757338e-02 7.876886620565819175e-02 9.581430973822828434e-02
4.196817414482387676e+01 5.937520165162155084e-02 5.101728200343846192e-02 6.879613448313630364e-02 6.821246384364233750e-02 6.247460574965076757e-02 7.510286960517918720e-02
4.220067838472842681e+01 3.832475718041777890e-02 3.297828583572753186e-02 4.418751216651102542e-02 5.494888780044106247e-02 5.072643262395987868e-02 6.018506433574467157e-02
4.243318262463298396e+01 2.700695911078131520e-02 2.331814959513210314e-02 3.091311122474131590e-02 4.549437498655992118e-02 4.231439685710455811e-02 4.956612093284981646e-02
4.266568686453753401e+01 2.054875088639685626e-02 1.781806998283837901e-02 2.335803755188237477e-02 3.866746027092288901e-02 3.619759940151502653e-02 4.193281751095643411e-02
4.289819110444208405e+01 1.651270541254315841e-02 1.438235646883647030e-02 1.866290524647966700e-02 3.361340577584750328e-02 3.162326744945181956e-02 3.632406588433148564e-02
4.313069534434664121e+01 1.376464801952593901e-02 1.204176130024918467e-02 1.548311310481073795e-02 2.976229651902424431e-02 2.809331813887976093e-02 3.209459098732832943e-02
4.336319958425119125e+01 1.177045009158418122e-02 1.034180114457222861e-02 1.318442349175123068e-02 2.674183770169637556e-02 2.529005590301290976e-02 2.881857605169989289e-02
4.359570382415574841e+01 1.025831715695929569e-02 9.051693450849438924e-03 1.144582518006539117e-02 2.430456343267386674e-02 2.301048707505805660e-02 2.620495825024288933e-02
4.382820806406029845e+01 9.075369034439430271e-03 8.041681059128799255e-03 1.008808823206968838e-02 2.228267860988587812e-02 2.112118197846450315e-02 2.404557138131454067e-02
4.406071230396484850e+01 8.127831797758186191e-03 7.232150136941578426e-03 9.001936962083689070e-03 2.056400985852787841e-02 1.953119661617643693e-02 2.219311802710164164e-02
4.429321654386940565e+01 7.354428451447796340e-03 6.571054272932581701e-03 8.116254077495716271e-03 1.907773243077566516e-02 1.817687591292880406e-02 2.055466217594507927e-02
4.452572078377395570e+01 6.713258664037402915e-03 6.022790936375432141e-03 7.382540903124959301e-03 1.778175229488692180e-02 1.701285198325262760e-02 1.908446119177404504e-02
4.475822502367850575e+01 6.174675755863256663e-03 5.562161420607818034e-03 6.766545848558211222e-03 1.665009135108001803e-02 1.600589513388090551e-02 1.776830918930637562e-02
4.499072926358306290e+01 5.717125945319724394e-03 5.170841389454752975e-03 6.243400760640193704e-03 1.566296273064676434e-02 1.513057099752475147e-02 1.660366483682284081e-02
4.522323350348761295e+01 5.324584259543190153e-03 4.835205103215441808e-03 5.794634636678740007e-03 1.480179578822890529e-02 1.436657621905729210e-02 1.558497486777618568e-02
4.545573774339217010e+01 4.984908590331903720e-03 4.544928357959642125e-03 5.406261636697796795e-03 1.404853400352956173e-02 1.369742081095662485e-02 1.469894714689630975e-02
4.568824198329672015e+01 4.688747998819998118e-03 4.292061664839106304e-03 5.067515383680801407e-03 1.338676372570097271e-02 1.310983287097656005e-02 1.392719244018598458e-02
4.592074622320127020e+01 4.428798675455323901e-03 4.070398486076513486e-03 4.769987607704537572e-03 1.280270557793965203e-02 1.259337567912620533e-02 1.325081094269289772e-02
4.615325046310582735e+01 4.199284970742653104e-03 3.875034555013810809e-03 4.507028023961929392e-03 1.228544437929159246e-02 1.214008126916550113e-02 1.265342816191994922e-02
4.638575470301037740e+01 3.995590101965883038e-03 3.702054320683037178e-03 4.273317635859577232e-03 1.182663098949887116e-02 1.174411674210591554e-02 1.212211188945321212e-02
4.661825894291492745e+01 3.813988746174415585e-03 3.548303970744552931e-03 4.064559908151931834e-03 1.142004227430953693e-02 1.140155170065372883e-02 1.164704130019669770e-02
4.685076318281948460e+01 3.651450434691875038e-03 3.411224659092395271e-03 3.877253726287058916e-03 1.106122721982422293e-02 1.111027697006753551e-02 1.122081488812836508e-02
4.708326742272403465e+01 3.505493071750916123e-03 3.288728397000899913e-03 3.708524164053700681e-03 1.074731699554224741e-02 1.087011346838448467e-02 1.083783892939970371e-02
4.731577166262859180e+01 3.374072551520947497e-03 3.179104714526640851e-03 3.555994804386876807e-03 1.047701956941250560e-02 1.068317198892908444e-02 1.049390844067179043e-02
4.754827590253314185e+01 3.255498797733503719e-03 3.080949895073906413e-03 3.417690398914088098e-03 1.025083153339658402e-02 1.055458689361072483e-02 1.018596421945029522e-02
4.778078014243769189e+01 3.148371455764938879e-03 2.993113058072769186e-03 3.291962011242039257e-03 1.007155573073881608e-02 1.049386761736874514e-02 9.911994194503505676e-03
4.801328438234224905e+01 3.051530448144582422e-03 2.914655053888544171e-03 3.177429072161501878e-03 9.945315527022649191e-03 1.051733149387289526e-02 9.671072207184435582e-03
4.824578862224679909e+01 2.964017984300530185e-03 2.844817316240698911e-03 3.072934357041793088e-03 9.883420047453298635e-03 1.065243148081413196e-02 9.463566683528001205e-03
4.847829286215134914e+01 2.885049600412770490e-03 2.782998666611244138e-03 2.977509015074581052e-03 9.905608358144635250e-03 1.094510756000917871e-02 9.291604417260920443e-03
4.871079710205590629e+01 2.813992531581138018e-03 2.728738699074984616e-03 2.890345592257822973e-03 1.004500723570643690e-02 1.147058305439757619e-02 9.159931185842615231e-03
4.894330134196045634e+01 2.750350279883091026e-03 2.681706874073923330e-03 2.810777600107088135e-03 1.035337725044116822e-02 1.234345015902058203e-02 9.077281776694902382e-03
4.917580558186501349e+01 2.693752707793601285e-03 2.641696877590218179e-03 2.738264664769151421e-03 1.089998654530309127e-02 1.371062327821817757e-02 9.057950250590312766e-03
4.940830982176956354e+01 2.643951415107564495e-03 2.608626211504697177e-03 2.672382704612553256e-03 1.174957169471633860e-02 1.569486659646465027e-02 9.121894713348597389e-03
4.964081406167411359e+01 2.600820607352092011e-03 2.582541427634301064e-03 2.612818980729665272e-03 1.290545434780793893e-02 1.826475083976543401e-02 9.289460177299830451e-03
4.987331830157867074e+01 2.564364206529271949e-03 2.563629973148792880e-03 2.559372301187864442e-03 1.423278295771979000e-02 2.107864652589571883e-02 9.566373982763330328e-03
5.010582254148322079e+01 2.534730695962979317e-03 2.552240384549091679e-03 2.511959212320474810e-03 1.542947792535700850e-02 2.345822381497384909e-02 9.921698744480752716e-03
5.033832678138777084e+01 2.512238303436203218e-03 2.548913726259234916e-03 2.470627796813004880e-03 1.612353977935392438e-02 2.463838277059444623e-02 1.027629736015592266e-02
5.057083102129232799e+01 2.497414920934679962e-03 2.554431030190886052e-03 2.435581921620970109e-03 1.607816279275800161e-02 2.420494792124899472e-02 1.052561320830736058e-02
5.080333526119687804e+01 2.491060225623528777e-03 2.569884644062427666e-03 2.407220813122791167e-03 1.535122971283173557e-02 2.237423123071765815e-02 1.059690506813076166e-02
5.103583950110142808e+01 2.494342995497719068e-03 2.596787017578025113e-03 2.386202414574340597e-03 1.426323401009156264e-02 1.985412681068504659e-02 1.050096345023388174e-02
5.126834374100598524e+01 2.508957158142250191e-03 2.637241053045294523e-03 2.373545619906260347e-03 1.320558583324084670e-02 1.742039503268897477e-02 1.033255189997610984e-02
5.150084798091053528e+01 2.537381573245345301e-03 2.694217456490679077e-03 2.370799539062098168e-03 1.246080363310905770e-02 1.557473669992614530e-02 1.022058970362262412e-02
5.173335222081509244e+01 2.583335926774423235e-03 2.772030969593943742e-03 2.380335502756138286e-03 1.215400062029896484e-02 1.448544257697672970e-02 1.027508103750035887e-02
5.196585646071964248e+01 2.652641611715800263e-03 2.877220019586732621e-03 2.405881103364831790e-03 1.231441247077227734e-02 1.412638959014788330e-02 1.057098805368236923e-02
5.219836070062419253e+01 2.755025330060319709e-03 3.020348440494611663e-03 2.453581017491743548e-03 1.296444012200037750e-02 1.444119760733547815e-02 1.116975313988035137e-02
5.243086494052874968e+01 2.908454463552606010e-03 3.220249323038246441e-03 2.534364031116361545e-03 1.418930287977353266e-02 1.544902939447381947e-02 1.215770825078585360e-02
5.266336918043329973e+01 3.150949823258717385e-03 3.515484042739316136e-03 2.670003203899133041e-03 1.619055519176423180e-02 1.730436434692993533e-02 1.368909570248504418e-02
5.289587342033784978e+01 3.573078159245926706e-03 3.996196808618665552e-03 2.910007465099836727e-03 1.933698892850224324e-02 2.034374878434429268e-02 1.603498154056967606e-02
5.312837766024240693e+01 4.391234655406455606e-03 4.878439211159137957e-03 3.375484363217620253e-03 2.418448774764512046e-02 2.510541030656818565e-02 1.962995474174094451e-02
5.336088190014695698e+01 6.040250764965514156e-03 6.606841871491088945e-03 4.342312595318834241e-03 3.134503725313816935e-02 3.221045579159889649e-02 2.505493346758135009e-02
5.359338614005151413e+01 9.099816431797412217e-03 9.805959833388387323e-03 6.296250268948882026e-03 4.102460792864873890e-02 4.192135961792883142e-02 3.280821175505229531e-02
5.382589037995606418e+01 1.374060496552521535e-02 1.473760377121548573e-02 9.713015208377098753e-03 5.225655819743776215e-02 5.337403442377376683e-02 4.273095770245802921e-02
5.405839461986061423e+01 1.886986202471792676e-02 2.037810833060839377e-02 1.435855563424732161e-02 6.244650796915648255e-02 6.406101024129470800e-02 5.330194258066277974e-02
5.429089885976517138e+01 2.218430685355531409e-02 2.434983593298098090e-02 1.865990652728365812e-02 6.817599513190246430e-02 7.053958545372279731e-02 6.158507168649579588e-02
5.452340309966972143e+01 2.193552064486721520e-02 2.470921723847934598e-02 2.038606796332928170e-02 6.725828360610154599e-02 7.047339592977347467e-02 6.452738876320542050e-02
5.475590733957427148e+01 1.873820982943025931e-02 2.199700079780949474e-02 1.859543088457434740e-02 6.037904504471303113e-02 6.440487420545804031e-02 6.097081413804200656e-02
5.498841157947882863e+01 1.511402141699858155e-02 1.898492958022401228e-02 1.464203823417292369e-02 5.065795632265621129e-02 5.548176334139526267e-02 5.254149830115235204e-02
5.522091581938337868e+01 1.358292425544477787e-02 1.879784011250470663e-02 1.092958009991024451e-02 4.162228663567204417e-02 4.747056365859320809e-02 4.249450820167880588e-02
5.545342005928793583e+01 1.607399088853079042e-02 2.452899281826264460e-02 9.194343766544413668e-03 3.556466394447817952e-02 4.302383402846854388e-02 3.372268807006582186e-02
5.568592429919248588e+01 2.528722243521005705e-02 4.118067176143972580e-02 1.039783787880896836e-02 3.327957717277332805e-02 4.327408889721615082e-02 2.767499157548512431e-02
5.591842853909703592e+01 4.545294319377430475e-02 7.626848043587240722e-02 1.579558067974587768e-02 3.450249968520457261e-02 4.806133743477845888e-02 2.452191889622690538e-02
5.615093277900159308e+01 7.855749281034485332e-02 1.327993944017300254e-01 2.702977737962505844e-02 3.809958074318006704e-02 5.581560178466067612e-02 2.371973030730962009e-02
5.638343701890614312e+01 1.163707084949496817e-01 1.957862011173447658e-01 4.357518411706075290e-02 4.201912606770561581e-02 6.334787874178518519e-02 2.430228590316935167e-02
5.661594125881069317e+01 1.393576623484683863e-01 2.318047748467865765e-01 5.947702963174687774e-02 4.378885893187066392e-02 6.676252711308713894e-02 2.500405572784044489e-02
5.684844549871525032e+01 1.320449289549219807e-01 2.163171863226914238e-01 6.544377097147480171e-02 4.181402782002243551e-02 6.368992873118489717e-02 2.463205237496016164e-02
5.708094973861980037e+01 9.949849667015847610e-02 1.601646409415124761e-01 5.728496526715108617e-02 3.641467114046258863e-02 5.493210358011970523e-02 2.265930005550957638e-02
5.731345397852435042e+01 6.163250502457450625e-02 9.738326842754968515e-02 4.047630422093831393e-02 2.943523086327945806e-02 4.367701845339830302e-02 1.947558156291577525e-02
5.754595821842890757e+01 3.371185000209481197e-02 5.229879869601347653e-02 2.420972838573405908e-02 2.282966417838854997e-02 3.313143347281818918e-02 1.597758005982165622e-02
5.777846245833345762e+01 1.821778627126026742e-02 2.777952238103239754e-02 1.342453428581451280e-02 1.763666074611432502e-02 2.492445514889943606e-02 1.291824208241285424e-02
5.801096669823801477e+01 1.085034168818404220e-02 1.626692173971595184e-02 7.788521805729976301e-03 1.396041072339979094e-02 1.916860371233009355e-02 1.059553813358111822e-02
5.824347093814256482e+01 7.387607154602865260e-03 1.087264760733738268e-02 5.140065345718960489e-03 1.146144311736543853e-02 1.529002846108445772e-02 8.954847589403430730e-03
5.847597517804711487e+01 5.584021326836686831e-03 8.052525401326671162e-03 3.853548979586962370e-03 9.753888646456159925e-03 1.266255146078370565e-02 7.814932764518021935e-03
5.870847941795167202e+01 4.514354912438215198e-03 6.371842437784022532e-03 3.148509804049477029e-03 8.552857230429353197e-03 1.083068792068596527e-02 7.007811333776589775e-03
5.894098365785622207e+01 3.815087092425004708e-03 5.269063868462398395e-03 2.712545428370098308e-03 7.678200017792825849e-03 9.508246587955059351e-03 6.417044095869695215e-03
5.917348789776077211e+01 3.328696468860722728e-03 4.499457896499851027e-03 2.419772940296013083e-03 7.021214905033628349e-03 8.522782299762226774e-03 5.970128343794212609e-03
5.940599213766532927e+01 2.976937971969500791e-03 3.940394164117489405e-03 2.213077388647751928e-03 6.516188428138404952e-03 7.769700376086190012e-03 5.623070674108008975e-03
5.963849637756987931e+01 2.716821699583204641e-03 3.523743015402401330e-03 2.063094365860049847e-03 6.122877787772313188e-03 7.184199562342785672e-03 5.349043554482774306e-03
5.987100061747443647e+01 2.523670726384138596e-03 3.209459318527473938e-03 1.953545664259805689e-03 5.816568415960991605e-03 6.725407322524764794e-03 5.131714624680830394e-03
6.010350485737898651e+01 2.383850974219972781e-03 2.973876947799617733e-03 1.875462965769135503e-03 5.581833061476271576e-03 6.366963072791962351e-03 4.961478654770005645e-03
6.033600909728353656e+01 2.290421292468203252e-03 2.803206653413731469e-03 1.824799414330388571e-03 5.407256073919997769e-03 6.090376005296578056e-03 4.832838361340094022e-03
6.056851333718809371e+01 2.237957175546875267e-03 2.687851387380476003e-03 1.800736703748760702e-03 5.280930736094648428e-03 5.880289611393921083e-03 4.741582300117674897e-03
6.080101757709264376e+01 2.218897754661913746e-03 2.619163651403156115e-03 1.802616907740308208e-03 5.190281123333952140e-03 5.723943643300963280e-03 4.681960333678326924e-03
6.103352181699719381e+01 2.229514630946855674e-03 2.594651713435938267e-03 1.827451746077948889e-03 5.129169816693716390e-03 5.616517855162540297e-03 4.646835817263878302e-03
6.126602605690175096e+01 2.282776135218966915e-03 2.628699522209942355e-03 1.874679932389872314e-03 5.107230230922698427e-03 5.568186105223018809e-03 4.633549610447881308e-03
6.149853029680630101e+01 2.414786558076597450e-03 2.759943556800777305e-03 1.957067553999989815e-03 5.152797611623652525e-03 5.607053202117922089e-03 4.652005553753346852e-03
6.173103453671085816e+01 2.694467531566902344e-03 3.069386417828349947e-03 2.107463518747077370e-03 5.311092886481167882e-03 5.780275138589933449e-03 4.728075462242430950e-03
6.196353877661540821e+01 3.283268345642618904e-03 3.763169376951656323e-03 2.388446156372991611e-03 5.647407996366745307e-03 6.159859733551507899e-03 4.903121494273519551e-03
6.219604301651995826e+01 4.630887933305838193e-03 5.421223648540532229e-03 2.944185242707850550e-03 6.252670529510580451e-03 6.845012892485583846e-03 5.237472091374557187e-03
6.242854725642451541e+01 7.831055098262620223e-03 9.370146583804908266e-03 4.171891464189050533e-03 7.218686445859902150e-03 7.921340033823503698e-03 5.816135287914300095e-03
6.266105149632906546e+01 1.444048195353621507e-02 1.716513286683772274e-02 7.051762662274145728e-03 8.530569397062898185e-03 9.326983561858598337e-03 6.728833126629868086e-03
6.289355573623361551e+01 2.413538566983723654e-02 2.758220771487529185e-02 1.306488442215695579e-02 9.899059569493034311e-03 1.068641722155220034e-02 7.975535255416903516e-03
6.312605997613817266e+01 3.181029299659734327e-02 3.428682405834521107e-02 2.217856540467588733e-02 1.075360163157291701e-02 1.137706963941506437e-02 9.308344724639792261e-03
6.335856421604272271e+01 3.113308838851347807e-02 3.146008290823466835e-02 2.994415851160547176e-02 1.060700943200207358e-02 1.097545734218863082e-02 1.020197189269389515e-02
6.359106845594727986e+01 2.269335474423424606e-02 2.163350052360047543e-02 3.014891667239383635e-02 9.499838547711522002e-03 9.655924353097247378e-03 1.016896735571284904e-02
6.382357269585182991e+01 1.316524661162114980e-02 1.210805818925587453e-02 2.258936751026224821e-02 7.959393177620873241e-03 8.018253579426339733e-03 9.194527130201420040e-03
6.405607693575637995e+01 7.012052594327277018e-03 6.468628358494177624e-03 1.335822776737161620e-02 6.529467800471926327e-03 6.579235828014880737e-03 7.750443878403226981e-03
6.428858117566093711e+01 4.085624455804571543e-03 3.900673288300736483e-03 7.123771333240712031e-03 5.452560172072192825e-03 5.523864972480624531e-03 6.369037653116531479e-03
6.452108541556549426e+01 2.813919739650413195e-03 2.780110525953833137e-03 4.082126906628063580e-03 4.716161511831977807e-03 4.806686844439637257e-03 5.311653374053498626e-03
6.475358965547003720e+01 2.203695497079763942e-03 2.223582584482740841e-03 2.757349425628510819e-03 4.221324334669486825e-03 4.321411539042855320e-03 4.584459760036619508e-03
6.498609389537459435e+01 1.859653710755303745e-03 1.898702227996889105e-03 2.131854739459279700e-03 3.879363651303733857e-03 3.981698943726584387e-03 4.096858238904809227e-03
6.521859813527913730e+01 1.639937189864460907e-03 1.685732632446218125e-03 1.786016601377153016e-03 3.632242165561207475e-03 3.732732106133752718e-03 3.762120249764549628e-03
6.545110237518369445e+01 1.487572477836240567e-03 1.535037030200883191e-03 1.568650948656472380e-03 3.445377888949060965e-03 3.542013635603511769e-03 3.522201054306063530e-03
6.568360661508825160e+01 1.375643679940098977e-03 1.422471147481916024e-03 1.419881564372234067e-03 3.298292053141913156e-03 3.390195642264563942e-03 3.342272052837429609e-03
6.591611085499280875e+01 1.289769043657825040e-03 1.334861885000861994e-03 1.311842236954219396e-03 3.178518596203292867e-03 3.265395855929839955e-03 3.201711540736452456e-03
6.614861509489736591e+01 1.221583989189548242e-03 1.264427105597815907e-03 1.229806657533194731e-03 3.078185691447701822e-03 3.160039593351691468e-03 3.088005607820731684e-03
6.638111933480190885e+01 1.165912427237803363e-03 1.206290015574543878e-03 1.165280620007182188e-03 2.992138621436586741e-03 3.069120759268604420e-03 2.993285376090509039e-03
6.661362357470645179e+01 1.119393403788246540e-03 1.157249612630074226e-03 1.113043646496303515e-03 2.916887885809865515e-03 2.989220614378046165e-03 2.912421573507776966e-03
6.684612781461100894e+01 1.079758012229116264e-03 1.115124032431871097e-03 1.069726395986198919e-03 2.850000174674758267e-03 2.917935223227097370e-03 2.841958262965319990e-03
6.707863205451556610e+01 1.045424245189202151e-03 1.078378391466606806e-03 1.033067035662119234e-03 2.789733423368643498e-03 2.853529748937241699e-03 2.779497087521628964e-03
6.731113629442012325e+01 1.015258374990206857e-03 1.045903493754103729e-03 1.001496976551013388e-03 2.734810890819487899e-03 2.794722913735094016e-03 2.723329377951624018e-03
6.754364053432468040e+01 9.884284952945316966e-04 1.016878885238262607e-03 9.738980579063553347e-04 2.684277074170342281e-03 2.740548624779742468e-03 2.672209087551645663e-03
6.777614477422922334e+01 9.643114394970127073e-04 9.906851842529608085e-04 9.494541356848978540e-04 2.637403308586485327e-03 2.690264758038447487e-03 2.625208403921777071e-03
6.800864901413378050e+01 9.424318230951243694e-04 9.668462916455768759e-04 9.275571122680938791e-04 2.593624399489389588e-03 2.643291575376189705e-03 2.581623423078291488e-03
6.824115325403832344e+01 9.224210676386770860e-04 9.449903103492401663e-04 9.077456084302352882e-04 2.552495143086280349e-03 2.599169240025190394e-03 2.540911010947517496e-03
6.847365749394288059e+01 9.039892156502960224e-04 9.248225133265270672e-04 8.896638716547807533e-04 2.513659894820315186e-03 2.557527927263178544e-03 2.502645602730392896e-03
6.870616173384743774e+01 8.869051432608982682e-04 9.061062649119409635e-04 8.730335992554781946e-04 2.476830882065788643e-03 2.518066417284956383e-03 2.466489051213517029e-03
6.893866597375199490e+01 8.709824115843033858e-04 8.886493095406560556e-04 8.576342166841072027e-04 2.441772491603500569e-03 2.480536510601287145e-03 2.432169199498001970e-03
6.917117021365653784e+01 8.560689813211973470e-04 8.722937551977284678e-04 8.432888181121870252e-04 2.408289712550741157e-03 2.444731510832257038e-03 2.399464401226086667e-03
6.940367445356109499e+01 8.420396226859112356e-04 8.569086461758780799e-04 8.298539765081518714e-04 2.376219516781993661e-03 2.410477594894747458e-03 2.368192167847420725e-03
6.963617869346565215e+01 8.287902370952000657e-04 8.423843802757145132e-04 8.172122467438242607e-04 2.345424347175729170e-03 2.377627263539782657e-03 2.338200726641698982e-03
6.986868293337019509e+01 8.162335554088223167e-04 8.286284595838982634e-04 8.052665741990804385e-04 2.315787139407672612e-03 2.346054311473782291e-03 2.309362662597403727e-03
7.010118717327475224e+01 8.042958411171011093e-04 8.155622187498410853e-04 7.939360720994294773e-04 2.287207473857501283e-03 2.315649921675073854e-03 2.281570072882145323e-03
7.033369141317930939e+01 7.929143365652536720e-04 8.031182788606370734e-04 7.831527956782751787e-04 2.259598570301227065e-03 2.286319601307462788e-03 2.254730833355889433e-03
7.056619565308385233e+01 7.820352650511234538e-04 7.912385462593608679e-04 7.728592515741069049e-04 2.232884918125607309e-03 2.257980754676177162e-03 2.228765692397487608e-03
7.079869989298840949e+01 7.716122533297456064e-04 7.798726250963665179e-04 7.630064559046436734e-04 2.207000390766714320e-03 2.230560743402974951e-03 2.203605987048599946e-03
7.103120413289296664e+01 7.616050753082193470e-04 7.689765471879661529e-04 7.535524062601481332e-04 2.181886732694644608e-03 2.203995322865395703e-03 2.179191832122564457e-03
7.126370837279750958e+01 7.519786434594495032e-04 7.585117475394290284e-04 7.444608691168154739e-04 2.157492335648307762e-03 2.178227371873166403e-03 2.155470672252549243e-03
7.149621261270206674e+01 7.427021929860218351e-04 7.484442317548763764e-04 7.357004098778327852e-04 2.133771241382948370e-03 2.153205852845316553e-03 2.132396114979913555e-03
7.172871685260662389e+01 7.337486172113503839e-04 7.387438945782744517e-04 7.272436111932018736e-04 2.110682323241065000e-03 2.128884954645892443e-03 2.109926983323714804e-03
7.196122109251116683e+01 7.250939225479988278e-04 7.293839583990211753e-04 7.190664385892904043e-04 2.088188609980039072e-03 2.105223381277248739e-03 2.088026541135664695e-03
7.219372533241572398e+01 7.167167787131744012e-04 7.203405076859712569e-04 7.111477222467058826e-04 2.066256723588017017e-03 2.082183757889955258e-03 2.066661855512705835e-03
7.242622957232028114e+01 7.085981453385828107e-04 7.115921006641792897e-04 7.034687310242243976e-04 2.044856409064217239e-03 2.059732131802291619e-03 2.045803268707955310e-03
7.265873381222482408e+01 7.007209602555300931e-04 7.031194435980273310e-04 6.960128202486881750e-04 2.023960138878829439e-03 2.037837550965635337e-03 2.025423958117521239e-03
7.289123805212938123e+01 6.930698778813600960e-04 6.949051161341719424e-04 6.887651388756887635e-04 2.003542778451724172e-03 2.016471705950048567e-03 2.005499567569041675e-03
7.312374229203393838e+01 6.856310485448872082e-04 6.869333385334167172e-04 6.817123847283590964e-04 1.983581301781780007e-03 1.995608624335195799e-03 1.986007896686626563e-03
7.335624653193849554e+01 6.783919314509760049e-04 6.791897734605415642e-04 6.748425988959894832e-04 1.964054548525511704e-03 1.975224408578702372e-03 1.966928637836002931e-03
7.358875077184303848e+01 6.713411354329063127e-04 6.716613564361133097e-04 6.681449922046122725e-04 1.944943015516491062e-03 1.955297010147673438e-03 1.948243152267393682e-03
7.382125501174759563e+01 6.644682827750167083e-04 6.643361501807313121e-04 6.616097980924200194e-04 1.926228677048120357e-03 1.935806034049849080e-03 1.929934278721840866e-03
7.405375925165215278e+01 6.577638922812781720e-04 6.572032189720288528e-04 6.552281473328883978e-04 1.907894829295235170e-03 1.916732568972719618e-03 1.911986169059844316e-03
7.428626349155669573e+01 6.512192784731746144e-04 6.502525198418670702e-04 6.489919609210053307e-04 1.889925955087866849e-03 1.898059039093997038e-03 1.894384146492125330e-03
7.451876773146125288e+01 6.448264643642934732e-04 6.434748080063277522e-04 6.428938581280527328e-04 1.872307605920981279e-03 1.879769074313183963e-03 1.877114582803059324e-03
