# Tm3+ 10 200
5.000000000000000000e+00 5.376391521197888546e-01 1.110702074756235724e+00 1.872790046043014758e-02 2.537214169514646206e-02
5.359067938539668674e+00 8.878668454807490118e-01 1.287667213143324663e+00 2.256476234247379795e-02 2.665365812222944206e-02
5.718135877079338236e+00 1.279158059108019607e+00 1.405383446758432298e+00 2.673989742511486897e-02 2.772340832144654099e-02
6.077203815619007798e+00 1.703342733544298770e+00 1.492119498957645396e+00 3.055027259806852510e-02 2.846754022233713433e-02
6.436271754158676472e+00 2.132291619389738990e+00 1.546182687651204368e+00 3.326428642760415055e-02 2.874781708473824263e-02
6.795339692698345146e+00 2.379073175636851278e+00 1.501809272852533850e+00 3.431577310259364966e-02 2.845078190970789372e-02
7.154407631238014709e+00 2.133595827544068513e+00 1.363713442145761956e+00 3.347631952225892105e-02 2.755950942763009739e-02
7.513475569777684271e+00 1.800250294429453612e+00 1.207391468239818133e+00 3.093045396195508862e-02 2.619529534704031354e-02
7.872543508317352945e+00 1.360156258089733727e+00 1.073557048441698081e+00 2.721964108026691045e-02 2.459429832127135729e-02
8.231611446857021619e+00 8.993382755433539932e-01 8.951736627750954689e-01 2.308726871188892041e-02 2.302422539723661052e-02
8.590679385396690293e+00 5.712233537783215631e-01 8.083720130766863798e-01 1.931149447553553999e-02 2.169143936801471578e-02
8.949747323936360743e+00 4.195600712099195606e-01 7.289632227891463812e-01 1.662353841599497478e-02 2.071202308262052108e-02
9.308815262476029417e+00 3.256625344072440198e-01 6.675351991536977447e-01 1.570094498464990815e-02 2.017486392622137512e-02
9.667883201015698091e+00 3.885339612030987988e-01 6.552039232697278726e-01 1.696740892627130598e-02 2.021997851859612394e-02
1.002695113955536854e+01 6.543610405374863381e-01 7.075505644878017364e-01 2.028218463751363040e-02 2.100462200875465382e-02
1.038601907809503722e+01 1.161668488143460465e+00 8.996365269789416974e-01 2.508631874794503905e-02 2.253936610543367039e-02
1.074508701663470589e+01 1.760936532721857350e+00 1.026129195017890572e+00 3.059281488200627647e-02 2.456301916003128874e-02
1.110415495517437456e+01 2.458392621955705071e+00 1.281284743546028837e+00 3.580708785255874715e-02 2.659549596018787043e-02
1.146322289371404324e+01 3.147377311863039928e+00 1.484654745672272735e+00 3.965623991023115025e-02 2.810296320891117125e-02
1.182229083225371369e+01 3.484499660260056864e+00 1.503734221327814646e+00 4.126555626378825004e-02 2.866330403516647446e-02
1.218135877079338236e+01 3.235650642218558026e+00 1.425044516838450459e+00 4.024405397390033723e-02 2.808160573561764226e-02
1.254042670933305104e+01 2.711584019058057127e+00 1.275293617239716681e+00 3.682219165771713487e-02 2.643187034029580856e-02
1.289949464787272149e+01 1.951708091140222923e+00 9.539902961079872457e-01 3.176245188050505486e-02 2.401522721453617018e-02
1.325856258641239016e+01 1.242438417034641862e+00 7.862004038358042513e-01 2.608543926018138878e-02 2.125252073660565191e-02
1.361763052495205883e+01 7.293510199114757730e-01 5.025366320119225572e-01 2.074396886026058304e-02 1.855417617758743989e-02
1.397669846349172751e+01 3.493318746872712821e-01 3.664657046590540923e-01 1.638112923754622696e-02 1.621479211459067593e-02
1.433576640203139618e+01 2.236427777988808374e-01 2.777485065526589803e-01 1.323732430980059833e-02 1.436482118245667634e-02
1.469483434057106663e+01 1.227404818915633217e-01 1.898409701743028477e-01 1.119744058236749051e-02 1.298813857479517477e-02
1.505390227911073531e+01 7.749677860536952068e-02 1.520580113123116972e-01 9.946056597773714203e-03 1.198663647547368143e-02
1.541297021765040398e+01 7.012697603644352240e-02 1.435231942438954800e-01 9.161548821795057612e-03 1.125004096226173492e-02
1.577203815619007443e+01 4.469539968211804631e-02 1.042089517723661374e-01 8.627965171190792038e-03 1.069561283295290127e-02
1.613110609472974488e+01 3.209485464667595489e-02 9.891024366441196480e-02 8.232149699950518790e-03 1.027455840513200394e-02
1.649017403326941178e+01 3.850378594473944510e-02 9.863034685525934320e-02 7.920015397868379603e-03 9.963003364997280453e-03
1.684924197180907868e+01 3.367974429496523731e-02 9.424837513659363453e-02 7.664452217529253708e-03 9.753428954716848731e-03
1.720830991034874913e+01 2.808897815635804859e-02 7.992979452070937685e-02 7.450143565587650715e-03 9.652523942954637642e-03
1.756737784888841958e+01 3.240317578447658026e-02 7.987244685232873509e-02 7.267404783838925936e-03 9.683358563011720127e-03
1.792644578742808648e+01 3.717819206426149770e-02 9.521138142432315765e-02 7.109630167035454508e-03 9.883046742898755899e-03
1.828551372596775693e+01 3.438707557116434110e-02 9.375152245118506533e-02 6.972094957505777651e-03 1.028278592737331618e-02
1.864458166450742738e+01 1.012066308112366184e-02 1.301874197469560790e-01 6.851310892165778099e-03 1.086846360558452358e-02
1.900364960304709427e+01 1.578266613726279216e-02 1.441619746143127101e-01 6.744643473459945547e-03 1.154892351936251046e-02
1.936271754158676472e+01 1.218347776370155150e-02 1.530658260628304512e-01 6.650069722266992514e-03 1.216627064930855297e-02
1.972178548012643517e+01 1.795557315335095244e-02 1.853108863744052925e-01 6.566018134098010328e-03 1.254980833522000017e-02
2.008085341866610207e+01 6.404930886830015324e-03 1.739370712815983544e-01 6.491259649102203502e-03 1.258441029401245054e-02
2.043992135720577252e+01 6.230249950655497235e-03 1.634193449009580246e-01 6.424831718164215368e-03 1.225912022353542116e-02
2.079898929574544297e+01 1.397721602268598221e-02 1.386849277887894638e-01 6.365984658418083822e-03 1.167346645666399695e-02
2.115805723428510987e+01 1.797234689566578128e-02 1.163264633828356015e-01 6.314143549831949427e-03 1.099958832052274488e-02
2.151712517282478032e+01 1.929923973421406383e-02 9.434529476099551282e-02 6.268881359243789683e-03 1.041934196159463588e-02
2.187619311136444722e+01 1.621234585456154953e-02 8.870482171750634914e-02 6.229900506351290779e-03 1.006843146907438272e-02
2.223526104990411767e+01 4.643319844981025173e-03 8.132175253227555412e-02 6.197021091914536352e-03 1.001930888134358252e-02
2.259432898844378812e+01 2.073861153702979271e-02 9.594528827445238106e-02 6.170174710326195924e-03 1.030893892321635072e-02
2.295339692698345502e+01 1.565971105559973986e-02 1.252083721975018604e-01 6.149403299712773163e-03 1.097083705292141269e-02
2.331246486552312547e+01 1.108897787308312823e-02 1.535340235419052346e-01 6.134862932061219479e-03 1.201895109460989278e-02
2.367153280406279237e+01 1.690352778242562581e-02 1.970590873753605976e-01 6.126832883259982973e-03 1.338470826464194068e-02
2.403060074260246282e+01 1.698648121132831368e-02 2.953367043271692416e-01 6.125730815788793526e-03 1.486832414624957889e-02
2.438966868114213327e+01 7.469829653590664975e-03 3.411041010694130793e-01 6.132135536355691127e-03 1.616097405942890086e-02
2.474873661968180016e+01 1.465617543569707783e-02 3.986298059306900288e-01 6.146819673374053980e-03 1.694222985113843366e-02
2.510780455822147061e+01 1.729045497006375179e-02 3.960472072825229617e-01 6.170795940481253392e-03 1.700929938519309126e-02
2.546687249676114106e+01 5.800518852382391399e-03 3.718088444330812647e-01 6.205382730282868638e-03 1.637193831526007060e-02
2.582594043530080796e+01 1.869987857166144352e-02 3.556759629030966652e-01 6.252298191622375836e-03 1.526235218680729866e-02
2.618500837384047841e+01 1.717233058088323688e-02 2.630042746565383061e-01 6.313797776124143585e-03 1.405919373329653395e-02
2.654407631238014886e+01 1.668831648612499954e-02 1.782134941494274150e-01 6.392880693017349326e-03 1.316960725727269257e-02
2.690314425091981576e+01 8.633277082282172360e-03 2.107898010194662053e-01 6.493610523519094749e-03 1.291067882847421640e-02
2.726221218945948621e+01 4.865544134774671750e-03 2.206923432471798729e-01 6.621635624576161470e-03 1.340500128512822978e-02
2.762128012799915311e+01 2.329387895184173787e-02 2.554967696708272396e-01 6.785086266991329287e-03 1.452839199260733301e-02
2.798034806653882356e+01 2.558430496417787858e-02 3.686543630266735372e-01 6.996267468155348279e-03 1.594922718696386438e-02
2.833941600507849401e+01 2.133877370419967265e-02 4.374858071108703728e-01 7.275347155162718328e-03 1.723313307930334978e-02
2.869848394361816091e+01 3.135544288501554422e-02 4.991410332360208257e-01 7.659995764502517887e-03 1.798950779003369305e-02
2.905755188215783136e+01 3.802134642465634234e-02 4.981617764264332227e-01 8.232742224121732816e-03 1.803609579676657831e-02
2.941661982069749826e+01 7.456518941489946595e-02 4.298862503810142455e-01 9.184326736491880971e-03 1.751672324106604700e-02
2.977568775923716871e+01 1.187896785886571049e-01 4.337471667965289712e-01 1.087907780077774361e-02 1.690445163496292341e-02
3.013475569777683916e+01 2.449233967964937753e-01 4.206747775576429316e-01 1.374718272046816445e-02 1.682678058733293874e-02
3.049382363631650605e+01 4.670143538540043049e-01 4.951880631008528932e-01 1.792009768216260360e-02 1.766977914528544691e-02
3.085289157485617650e+01 9.172699222082347781e-01 5.751997526082953671e-01 2.288939991220358822e-02 1.923795228533990362e-02
3.121195951339584695e+01 1.332413403710251965e+00 7.172684761479679594e-01 2.748322843024318327e-02 2.089091837936355237e-02
3.157102745193551385e+01 1.713239197385990398e+00 7.988428219155602195e-01 3.027031623693597281e-02 2.194343286261371886e-02
3.193009539047518430e+01 1.752312878050605205e+00 7.617092623985065591e-01 3.025701806754940368e-02 2.197326990053467821e-02
3.228916332901485475e+01 1.358769019325091865e+00 7.363151126918557887e-01 2.744522537748204580e-02 2.095849288713881944e-02
3.264823126755452165e+01 8.681474375396205367e-01 5.627340889192906648e-01 2.283291816069502739e-02 1.921663292610115842e-02
3.300729920609418855e+01 4.767117287687474003e-01 4.021979504658742544e-01 1.785533832011811789e-02 1.718698249635775346e-02
3.336636714463385545e+01 2.236319605987941439e-01 3.231441016123448029e-01 1.368438602818003273e-02 1.521296962804313292e-02
3.372543508317352945e+01 1.163191941901999815e-01 2.375703289731257439e-01 1.082260014343753782e-02 1.347061163129816518e-02
3.408450302171320345e+01 5.674853965414676515e-02 1.655450643920128584e-01 9.130472532061353896e-03 1.202457651631721851e-02
3.444357096025287035e+01 3.470180540258856194e-02 1.180142140045178228e-01 8.174518852054776102e-03 1.088489412434561626e-02
3.480263889879253725e+01 4.587577323273060725e-02 9.860770781185553002e-02 7.592435890265136593e-03 1.001742755138427740e-02
3.516170683733220415e+01 3.346001935248014980e-02 7.849013145133690306e-02 7.196320195412648710e-03 9.357026397476229940e-03
3.552077477587187104e+01 3.092176598714725666e-02 5.852805180601560603e-02 6.905514725315797624e-03 8.841638296250373813e-03
3.587984271441154505e+01 2.548905270770771697e-02 3.665422217902497559e-02 6.683738126528011858e-03 8.433079896595687894e-03
3.623891065295121194e+01 3.057124323159220863e-02 2.545196269626021426e-02 6.512320324668877114e-03 8.111234934285716652e-03
3.659797859149088595e+01 3.751341355116842233e-03 4.326388545485651549e-02 6.380964509071331350e-03 7.861837088973856053e-03
3.695704653003055284e+01 1.355386483966246509e-02 3.512357547822846093e-02 6.284510240382453622e-03 7.672537713830784520e-03
3.731611446857021974e+01 1.278333908666713994e-02 3.704842732079839662e-02 6.222023940546995459e-03 7.534904194972532297e-03
3.767518240710988664e+01 5.430255911381922339e-03 3.830277378867284060e-02 6.197580383899887850e-03 7.446835779463811811e-03
3.803425034564956064e+01 1.019380558343016031e-02 2.720988114686202081e-02 6.224181453634267808e-03 7.414772393941695267e-03
3.839331828418922754e+01 1.194472020801276395e-02 4.652396813242043461e-02 6.337434931394533844e-03 7.457783575008770580e-03
3.875238622272889444e+01 7.736394377754068213e-03 3.631993341278271642e-02 6.634460281512746284e-03 7.613665162541059100e-03
3.911145416126856844e+01 2.952905286707649749e-02 3.220892035331415076e-02 7.320279161043642679e-03 7.936847658020817001e-03
3.947052209980823534e+01 6.065292331862250086e-02 2.697669436662304687e-02 8.607294600013505603e-03 8.462761413010749800e-03
3.982959003834790224e+01 8.901326010781789033e-02 6.088627954937148035e-02 1.042105180117179793e-02 9.136241613065351763e-03
4.018865797688757624e+01 1.761749220537996430e-01 9.183200961525816997e-02 1.225195336646900911e-02 9.774363824691781333e-03
4.054772591542724314e+01 2.265524542651177753e-01 9.652354021394023154e-02 1.335564814412085882e-02 1.013417713520191506e-02
4.090679385396691004e+01 2.206955053237181774e-01 1.075833996205036031e-01 1.320572535123696462e-02 1.005232751796729385e-02
4.126586179250658404e+01 1.538715387098353593e-01 5.985763985336954585e-02 1.186770012979037822e-02 9.548949080473979195e-03
4.162492973104625094e+01 7.911428734121002393e-02 5.904289112286700142e-02 9.950245325351637915e-03 8.811654012864702720e-03
4.198399766958591783e+01 4.050005841965121506e-02 5.412278410142732504e-02 8.177865625273984806e-03 8.074147372066133380e-03
4.234306560812558473e+01 3.508967124854928121e-02 3.858746732189470563e-02 6.968358911276185605e-03 7.489255832009881347e-03
4.270213354666525873e+01 1.968983345638404894e-02 1.479666043180171905e-02 6.314532269146922935e-03 7.089302782479330912e-03
4.306120148520492563e+01 1.016757482989798581e-02 1.248128671326437754e-02 5.993514491999819491e-03 6.835559428467267475e-03
4.342026942374459253e+01 1.781961197753156173e-02 7.736860172479461187e-03 5.829432540560333317e-03 6.680891987680258326e-03
4.377933736228426653e+01 4.761423136254203971e-03 1.895356551362362141e-02 5.748053954386973460e-03 6.596056589132737701e-03
4.413840530082393343e+01 -2.527799116953171818e-04 1.492140496020300140e-02 5.730461855408533131e-03 6.571008277572273903e-03
4.449747323936360033e+01 1.714120333935818113e-02 2.000852441756846220e-02 5.792009288105388377e-03 6.613080899733956089e-03
4.485654117790327433e+01 6.282229426130388206e-03 1.446366520965988722e-02 6.005793246622022005e-03 6.748726391936323704e-03
4.521560911644294123e+01 9.953610442674239167e-03 2.179952314367655103e-02 6.547609544302310930e-03 7.019041176852293396e-03
4.557467705498260813e+01 2.087235469052645120e-02 3.580356900765230971e-02 7.595448559111408517e-03 7.443209609707045378e-03
4.593374499352228213e+01 6.162755722663853380e-02 4.822250146752454780e-02 9.021770673342673422e-03 7.951182715344957963e-03
4.629281293206194903e+01 1.039305390805661949e-01 4.942090616808800935e-02 1.028265298251899648e-02 8.365050267633391753e-03
4.665188087060161592e+01 1.195124428649743525e-01 5.530695228580431722e-02 1.072301138627807134e-02 8.491884605102209549e-03
4.701094880914128993e+01 8.031750205664640874e-02 4.816836504640915201e-02 1.008079074706923553e-02 8.261818166245800746e-03
4.737001674768095683e+01 6.136093851677433542e-02 3.973988116418628036e-02 8.711992964130031020e-03 7.781827767394567871e-03
4.772908468622062372e+01 3.885913500749677008e-02 3.947072290237989972e-02 7.285847825202357644e-03 7.252764526770748635e-03
4.808815262476029773e+01 1.626768109669663939e-02 2.850098431447369018e-02 6.277762381893904620e-03 6.830778454094883247e-03
4.844722056329996462e+01 3.807591647707518623e-03 4.808630429607970228e-03 5.737955098563032180e-03 6.560525987779524185e-03
4.880628850183963152e+01 1.017385800595720785e-04 1.787735574631980906e-02 5.472966200338420448e-03 6.413644282610228217e-03
4.916535644037929842e+01 9.408518782992605911e-03 3.621484064486070464e-03 5.325468214005083488e-03 6.351772882561579694e-03
4.952442437891897242e+01 -2.303221094076399276e-03 1.393600362048626889e-02 5.229298019606543231e-03 6.352481588771967044e-03
4.988349231745863932e+01 6.061136786059892478e-03 1.118137407600450738e-02 5.160092052936124905e-03 6.409403101058707558e-03
5.024256025599830622e+01 2.109069433857810663e-03 4.113208013471153154e-03 5.107235076315942181e-03 6.529138430519054737e-03
5.060162819453798022e+01 4.599226243283854529e-03 1.642623508483869246e-02 5.065176124776898242e-03 6.732465662792529171e-03
5.096069613307764712e+01 5.210070662811658662e-03 1.199393619207127747e-02 5.030671723561046596e-03 7.061079721483966808e-03
5.131976407161731402e+01 1.033637835265794475e-02 2.305914902314355058e-02 5.001690541434402129e-03 7.585449412351038048e-03
5.167883201015698802e+01 -6.766265338863837638e-03 4.785224178555675528e-02 4.976896216834928235e-03 8.384565228694797548e-03
5.203789994869665492e+01 3.665206291497768477e-03 7.836716444613478494e-02 4.955376125946177150e-03 9.444917982206634324e-03
5.239696788723632181e+01 7.821802384189524907e-04 1.035370803800211986e-01 4.936488680877252309e-03 1.052474890149904425e-02
5.275603582577599582e+01 -1.212211561927883496e-03 1.386390480727658636e-01 4.919772700898730755e-03 1.119073305590011051e-02
5.311510376431566272e+01 -3.521940835342872445e-04 1.278295403011446563e-01 4.904891365727293701e-03 1.110692199101065772e-02
5.347417170285532961e+01 3.039049369773292111e-03 7.943998989849915260e-02 4.891596414140911460e-03 1.031581674497887395e-02
5.383323964139499651e+01 5.053263933895327936e-03 5.378553508507530334e-02 4.879704703387209921e-03 9.199240293453713607e-03
5.419230757993467051e+01 4.145150525017152372e-03 4.897604686727022316e-02 4.869082606325919431e-03 8.165978791039561063e-03
5.455137551847433741e+01 9.637189574651970972e-03 3.315216088198312538e-02 4.859635564183461404e-03 7.406256311695284117e-03
5.491044345701400431e+01 4.574357909353332467e-03 2.190819982622294743e-02 4.851301166225875650e-03 6.906010354672214094e-03
5.526951139555367831e+01 -4.773290065101890370e-03 1.363284354025137007e-02 4.844044756294544826e-03 6.587111831040669968e-03
5.562857933409334521e+01 -2.266528323232363477e-03 2.052568524723281246e-02 4.837856958790720183e-03 6.390593562535693342e-03
5.598764727263301211e+01 -2.918193836869958230e-03 1.293901593326327731e-02 4.832752776497228550e-03 6.290321262947089209e-03
5.634671521117268611e+01 -9.876382510343211657e-03 1.653631442060661191e-02 4.828772099171959112e-03 6.289676778100279642e-03
5.670578314971235301e+01 2.680349606905383427e-03 1.496342333650704792e-02 4.825981612377832491e-03 6.415446069943415638e-03
5.706485108825201991e+01 -7.488581709929517313e-03 1.037489245357322773e-02 4.824478236978699784e-03 6.675881761764947825e-03
5.742391902679169391e+01 -8.078989747728472851e-03 3.448193236608080442e-02 4.824394383945126638e-03 6.972151876880213622e-03
5.778298696533136081e+01 1.211197813253670147e-03 3.362723086443455967e-02 4.825905501343613450e-03 7.103075730568708321e-03
5.814205490387102770e+01 8.157458714740130606e-04 2.056688450255756209e-02 4.829240653338820813e-03 6.946233820199081838e-03
5.850112284241070171e+01 4.774185102695625675e-04 2.217419010916712313e-02 4.834697253871354274e-03 6.590192941031339582e-03
5.886019078095036861e+01 -8.192202967576369711e-05 1.054758387345445907e-02 4.842661660178915715e-03 6.227168120541539363e-03
5.921925871949003550e+01 1.285315680641993270e-03 1.077264851516603582e-02 4.853638249883261181e-03 5.967691694261220356e-03
5.957832665802970951e+01 3.922391362087758113e-03 5.875479467670590046e-03 4.868291103004015324e-03 5.810456514211147054e-03
5.993739459656937640e+01 -5.002440302394887267e-03 7.278521199881197133e-03 4.887504937981269025e-03 5.719826238162919844e-03
6.029646253510904330e+01 2.029327210749578420e-03 -2.276033071953847617e-03 4.912476382513063580e-03 5.670177125138780617e-03
6.065553047364871020e+01 3.277820649019975649e-03 1.164008307587853681e-02 4.944854773494289715e-03 5.648739799653529868e-03
6.101459841218838420e+01 1.404147838038457543e-03 5.158150239507117499e-03 4.986967301115813843e-03 5.650382331504425273e-03
6.137366635072805110e+01 1.538694408180809638e-03 7.542127923301956624e-03 5.042195241187147695e-03 5.674545098515512177e-03
6.173273428926771800e+01 1.104713965529024663e-02 1.254184441160172657e-02 5.115638230198327890e-03 5.724262158015828647e-03
6.209180222780739200e+01 6.602243511418240049e-03 4.377412376467213102e-03 5.215372913576991204e-03 5.806575160954050886e-03
6.245087016634705890e+01 2.572704483575129469e-03 1.669241072050687072e-02 5.355075011756235681e-03 5.934377166851237048e-03
6.280993810488672580e+01 6.542434424736189545e-03 9.475190846410914969e-03 5.560292698164813821e-03 6.130560712536965370e-03
6.316900604342639980e+01 1.971288587162980249e-02 1.307931450276702059e-02 5.887287826439382803e-03 6.436240082857485820e-03
6.352807398196606670e+01 1.718877554892772261e-02 2.402469684543677431e-02 6.496519302797689778e-03 6.921571252970446300e-03
6.388714192050573359e+01 3.689388809077243786e-02 2.137285943977168534e-02 7.845352983028909891e-03 7.666965718228647107e-03
6.424620985904540760e+01 1.043284881894790961e-01 4.768489363485899774e-02 1.039152520179337236e-02 8.624743483793946563e-03
6.460527779758507450e+01 2.146497147075147327e-01 6.261101086329104448e-02 1.310354684813321013e-02 9.427784073893958477e-03
6.496434573612474139e+01 2.390227248022904205e-01 7.086055833439275364e-02 1.366051620267391860e-02 9.566230903852409803e-03
6.532341367466440829e+01 1.305486737090038041e-01 5.157330911884985825e-02 1.147382825745388822e-02 8.932836885733763665e-03
6.568248161320408940e+01 5.941363147187391641e-02 4.079508595161097234e-02 8.612627192241921470e-03 7.956936946956372214e-03
6.604154955174374209e+01 2.748322416366818718e-02 1.796888929415104905e-02 6.842146730030213703e-03 7.104615888147238802e-03
6.640061749028342319e+01 1.965120586643592793e-02 1.419127502137386421e-02 6.042188954280006130e-03 6.518036801931926735e-03
6.675968542882309009e+01 1.271325075041875030e-02 1.747633408523344839e-02 5.638457858809203804e-03 6.135873841440053073e-03
6.711875336736275699e+01 5.412376661522279656e-04 6.289351471346219316e-03 5.391941988256271009e-03 5.878987353683394652e-03
6.747782130590242389e+01 3.310154129940874948e-03 -1.190816033601565030e-03 5.224546296752388339e-03 5.697837798123635625e-03
6.783688924444209079e+01 9.617171765736773348e-03 1.004775563615717404e-02 5.103560609896917732e-03 5.564530749685144516e-03
6.819595718298177189e+01 2.743440434707385741e-03 1.768175676881313888e-03 5.012297832781302011e-03 5.462914372596959500e-03
6.855502512152142458e+01 6.224662149103179186e-03 -1.016836950885988827e-02 4.941217175466478505e-03 5.383159068134542487e-03
6.891409306006110569e+01 5.755261461401472815e-03 4.173788576767620967e-03 4.884436977946662699e-03 5.319000479733285158e-03
6.927316099860077259e+01 -4.060856879121241790e-03 -1.265425732133666770e-03 4.838127820418381894e-03 5.266287265628354086e-03
6.963222893714043948e+01 -5.271325973392985455e-03 1.606546261782536983e-03 4.799689992240657906e-03 5.222176562274609933e-03
6.999129687568010638e+01 8.065298113411068989e-03 2.671858802491973960e-04 4.767298971062480101e-03 5.184666626193892847e-03
7.035036481421977328e+01 4.746005633646691729e-03 1.035175219547450863e-02 4.739639013565340175e-03 5.152313883510693804e-03
7.070943275275945439e+01 8.793372489743472159e-03 3.050180185763085028e-03 4.715739483733986936e-03 5.124055424667739098e-03
7.106850069129912129e+01 -2.128166021463295029e-03 4.249178936903457750e-03 4.694870350611747394e-03 5.099094182249306120e-03
7.142756862983878818e+01 1.355697763149276086e-03 4.472402754795963900e-03 4.676473284067996991e-03 5.076822650754644548e-03
7.178663656837845508e+01 9.381602740056116385e-03 4.177834783863287708e-03 4.660114965405444745e-03 5.056771012615297531e-03
7.214570450691812198e+01 1.897884332783651186e-03 6.951054621708355717e-04 4.645454699372580064e-03 5.038571123955320336e-03
7.250477244545778888e+01 -1.890174485162618087e-03 5.468188090332446079e-04 4.632221483301926859e-03 5.021931044974971108e-03
7.286384038399746998e+01 -5.876122026204346101e-03 3.213960922872116915e-03 4.620197477713628570e-03 5.006616725742672747e-03
7.322290832253713688e+01 4.924994522643940525e-03 1.167524442517175760e-03 4.609205899880701104e-03 4.992438637465517089e-03
7.358197626107680378e+01 4.720083694186590073e-03 1.745308340083088095e-03 4.599102029467499499e-03 4.979241879069834856e-03
7.394104419961647068e+01 1.041129110529554922e-03 -3.549898450364128051e-04 4.589766439771118291e-03 4.966898763156933454e-03
7.430011213815613758e+01 4.880940606378230892e-03 5.489400046388091467e-03 4.581099844062760593e-03 4.955303195438839035e-03
7.465918007669580447e+01 -3.206739915751834289e-03 2.753969600872542903e-03 4.573019129624993247e-03 4.944366368103646908e-03
7.501824801523547137e+01 -4.236967920157678688e-03 6.647840764603797289e-03 4.565454275789573510e-03 4.934013427149776601e-03
7.537731595377515248e+01 -4.909107829983951803e-04 1.228702487032656745e-03 4.558345937247932148e-03 4.924180869584444606e-03
7.573638389231481938e+01 -2.839483794244855933e-03 -7.475504850464788006e-03 4.551643533143732469e-03 4.914814493121419554e-03
7.609545183085448627e+01 -1.994139874435636988e-03 -2.923373852774712334e-03 4.545303724323792455e-03 4.905867768079122393e-03
7.645451976939415317e+01 6.604420400948381002e-03 5.279006062997445951e-03 4.539289191087112450e-03 4.897300534768617673e-03
