# [0.        0.        8.6459609], [0.         0.         8.58901313], [0.        0.        8.6884714]
5.000000000000000000e+00 5.412836031458660990e-01 5.311951789710439575e-01 5.790996913019655912e-01 1.139846349671974624e+00 1.163055336957869335e+00 1.138612640145140631e+00
5.238978326987940193e+00 7.395846107284513860e-01 7.275967505161509141e-01 7.858641116457164566e-01 1.234545150959653892e+00 1.256867751929404031e+00 1.240848993779005038e+00
5.477956653975880386e+00 9.925536054905425010e-01 9.774963927368963690e-01 1.045391577760823809e+00 1.323782362299084525e+00 1.343952567441450530e+00 1.337037364704694919e+00
5.716934980963820578e+00 1.288625963004842667e+00 1.269320983437391526e+00 1.343832998533859291e+00 1.403094707271978825e+00 1.419992814428872041e+00 1.421350174392221222e+00
5.955913307951760771e+00 1.602658673401680334e+00 1.578324255533416709e+00 1.654032472806538978e+00 1.467070775751439626e+00 1.479936623415928132e+00 1.487241868186856886e+00
6.194891634939700964e+00 1.897667911062792978e+00 1.868333139873748161e+00 1.938053116358775307e+00 1.509543925282613053e+00 1.518173671116175738e+00 1.527911699523136768e+00
6.433869961927642045e+00 2.131224538707414240e+00 2.097958441502726146e+00 2.154180683546451203e+00 1.524566409221170815e+00 1.529426487217332875e+00 1.537438891308318345e+00
6.672848288915582238e+00 2.265305084655538703e+00 2.230108006184222003e+00 2.266869804000282151e+00 1.507963665399295827e+00 1.510153138109789239e+00 1.512342476890173870e+00
6.911826615903522431e+00 2.276509146648761472e+00 2.241855773015440700e+00 2.256399256572550804e+00 1.458904060965104277e+00 1.459928080108132242e+00 1.453005149064736212e+00
7.150804942891462623e+00 2.162843495024884710e+00 2.131039265552569173e+00 2.124599803082955596e+00 1.380792649606787048e+00 1.382172238908708772e+00 1.364322826958988211e+00
7.389783269879402816e+00 1.944350176688445675e+00 1.916960919017326903e+00 1.894350635067640454e+00 1.281008216220652418e+00 1.283823475877220233e+00 1.255176254832440330e+00
7.628761596867343897e+00 1.657323925481795079e+00 1.634899562993920474e+00 1.603053327259909455e+00 1.169469803080674941e+00 1.173982808722983995e+00 1.136774632556350140e+00
7.867739923855284090e+00 1.344473325558325216e+00 1.326635941677059449e+00 1.292704230180534486e+00 1.056516615774392376e+00 1.062019090311743241e+00 1.020379383372228332e+00
8.106718250843224283e+00 1.044792548532465615e+00 1.030591899735782802e+00 1.000279885467923124e+00 9.508690015321803468e-01 9.558391664078774719e-01 9.151629067734484702e-01
8.345696577831164475e+00 7.865303627766044858e-01 7.748812191409749639e-01 7.515154431403673341e-01 8.583784276489090370e-01 8.609276630158430033e-01 8.268896723391487846e-01
8.584674904819104668e+00 5.849112881898685945e-01 5.749495644821954743e-01 5.593591250060727660e-01 7.819187543602962309e-01 7.804000377821337375e-01 7.577758953872446579e-01
8.823653231807044861e+00 4.442501783036187368e-01 4.355393769056877251e-01 4.264923803314648043e-01 7.223036504870088415e-01 7.158858440768012255e-01 7.074481582820713044e-01
9.062631558794985054e+00 3.627639301601126021e-01 3.553786744757721494e-01 3.501702252155932116e-01 6.797463308966332773e-01 6.687632983023091837e-01 6.745573796842578851e-01
9.301609885782925247e+00 3.380456452475786300e-01 3.326024295660828800e-01 3.274675483815217558e-01 6.552373463323194480e-01 6.411992556360475159e-01 6.584279211338464055e-01
9.540588212770865439e+00 3.715125651631254744e-01 3.691999161796241657e-01 3.594413091897981638e-01 6.513069291435418240e-01 6.365793174302650792e-01 6.601548238867307461e-01
9.779566539758805632e+00 4.706249431564045183e-01 4.732316770800383265e-01 4.531950275700526443e-01 6.718698839045543769e-01 6.591330246683221317e-01 6.827534548208923360e-01
1.001854486674674760e+01 6.480001341684150651e-01 6.578883136601868520e-01 6.210902303603177410e-01 7.211176451981641256e-01 7.127734019119617015e-01 7.302370909578445035e-01
1.025752319373468779e+01 9.168847151431910314e-01 9.368314074676631353e-01 8.765765084630123827e-01 8.016686115595126338e-01 7.993533025491090793e-01 8.057890360586482670e-01
1.049650152072262799e+01 1.283260839835291600e+00 1.316110543939096322e+00 1.226780725232760938e+00 9.124140961078950340e-01 9.167224667048093911e-01 9.094758542068454021e-01
1.073547984771056818e+01 1.736410148758720018e+00 1.784532725456017266e+00 1.663403898558058147e+00 1.046701244626743854e+00 1.057158385565240000e+00 1.036185604585971420e+00
1.097445817469850837e+01 2.241581751938161116e+00 2.306204924612320628e+00 2.155250893222685704e+00 1.191606428860845224e+00 1.206863542800515665e+00 1.174594341670599951e+00
1.121343650168644857e+01 2.739272480439010948e+00 2.819835843334428382e+00 2.646719571230993662e+00 1.328936018630614058e+00 1.347120781378559062e+00 1.307845939544286074e+00
1.145241482867438876e+01 3.154205752647523120e+00 3.247941402099036257e+00 3.065484421767258549e+00 1.438140845753615116e+00 1.457265862422202130e+00 1.416186797329255675e+00
1.169139315566232895e+01 3.413170013602029318e+00 3.515119734053686607e+00 3.339050653781087341e+00 1.500611650347990045e+00 1.518939245948393468e+00 1.481090291836682837e+00
1.193037148265026914e+01 3.466082536590932683e+00 3.569677662418670572e+00 3.415206937122968078e+00 1.504125573736086130e+00 1.520408634315739027e+00 1.489703146263765099e+00
1.216934980963820934e+01 3.301852492284508944e+00 3.400004541890020437e+00 3.278370631917415956e+00 1.445931172409034904e+00 1.459494715806771037e+00 1.438121064456500120e+00
1.240832813662614953e+01 2.952030516989311071e+00 3.038465308068145188e+00 2.954686666811363605e+00 1.333334998937835580e+00 1.344015669606123842e+00 1.332306490958293566e+00
1.264730646361408972e+01 2.480548974490817571e+00 2.550975142017424702e+00 2.503537484008614644e+00 1.181577803413775607e+00 1.189576750584674159e+00 1.186325452236713929e+00
1.288628479060202991e+01 1.964158034828118682e+00 2.016891561011512124e+00 1.999268830576159450e+00 1.009823190553832184e+00 1.015537721383612757e+00 1.018602446881373247e+00
1.312526311758997011e+01 1.471836030047159793e+00 1.507712218234204427e+00 1.510914729696882564e+00 8.367129869634755135e-01 8.405961130189060215e-01 8.475696865333827157e-01
1.336424144457791030e+01 1.050685844120115231e+00 1.072373182197225105e+00 1.087478321658256641e+00 6.768990742437493990e-01 6.793683781095651852e-01 6.881204550842033862e-01
1.360321977156585049e+01 7.216687423276583191e-01 7.327041979602209043e-01 7.525867844801618078e-01 5.393525938214215332e-01 5.407466840384511642e-01 5.497334499689238152e-01
1.384219809855379069e+01 4.838017363314008890e-01 4.877004817713175844e-01 5.076995157277561788e-01 4.274595601387438659e-01 4.280293660940316380e-01 4.363661011718916738e-01
1.408117642554173088e+01 3.226545685387155471e-01 3.223260073410998405e-01 3.400476377348770063e-01 3.403268304283202927e-01 3.402481143668378283e-01 3.476090380786823197e-01
1.432015475252967107e+01 2.188815735655845474e-01 2.164045111587531434e-01 2.310778599009728762e-01 2.745316812513062810e-01 2.739281568674062362e-01 2.803615432574425581e-01
1.455913307951761126e+01 1.542109938586256890e-01 1.508831802152555412e-01 1.626544850363952355e-01 2.256982187985548394e-01 2.246670475487315133e-01 2.304016766723440135e-01
1.479811140650555323e+01 1.143194683740244161e-01 1.108454564142681842e-01 1.202345166800508069e-01 1.895868778392265641e-01 1.882195113548168763e-01 1.935108551532229160e-01
1.503708973349349343e+01 8.932723203548037505e-02 8.602930872667167994e-02 9.360735582105378372e-02 1.626596713400386973e-01 1.610527587166761532e-01 1.660895979094189900e-01
1.527606806048143362e+01 7.303778467374881511e-02 7.002604564343843652e-02 7.627404647615977640e-02 1.422436253590475819e-01 1.404981757524993158e-01 1.453694137630062722e-01
1.551504638746937381e+01 6.182437794400434672e-02 5.910838087892539977e-02 6.438422472479959913e-02 1.264581216520366813e-01 1.246694720718893173e-01 1.293774899174397475e-01
1.575402471445731400e+01 5.365344208192730086e-02 5.120427301371562046e-02 5.575868487362440479e-02 1.140445048470388051e-01 1.122887753921645998e-01 1.167890075096660873e-01
1.599300304144525420e+01 4.739994918309397426e-02 4.517960896348718891e-02 4.918478520133469367e-02 1.041858793677372247e-01 1.025088864261639032e-01 1.067550755421856068e-01
1.623198136843319617e+01 4.243017786106385858e-02 4.040306812364720390e-02 4.397823923160092824e-02 9.636007872486826442e-02 9.477221341239443209e-02 9.875226888792983104e-02
1.647095969542113636e+01 3.837055382081556304e-02 3.650666353085201682e-02 3.973647378984977718e-02 9.023889863207493200e-02 8.871587482361201205e-02 9.247202728070597066e-02
1.670993802240907655e+01 3.498703468842073033e-02 3.326193043937338001e-02 3.620840014880705865e-02 8.563079915154034327e-02 8.411738721333933411e-02 8.775273453676248059e-02
1.694891634939701675e+01 3.212371860087699649e-02 3.051762014578677032e-02 3.322762525996922345e-02 8.245790148232554073e-02 8.087099715665888033e-02 8.454922550010816884e-02
1.718789467638495694e+01 2.967123927901878927e-02 2.816802770182845472e-02 3.067797102734978396e-02 8.075646229419478073e-02 7.898528614145738924e-02 8.292965205555839769e-02
1.742687300337289713e+01 2.754977355813091264e-02 2.613616919738730171e-02 2.847496605670693515e-02 8.068881134266972510e-02 7.859327695135572001e-02 8.308511625413098067e-02
1.766585133036083732e+01 2.569931393537984443e-02 2.436424593009660702e-02 2.655529942279264907e-02 8.255078723405032126e-02 7.996342601232127312e-02 8.533143846652840869e-02
1.790482965734877752e+01 2.407372373821781153e-02 2.280785608355139979e-02 2.487041163209541272e-02 8.675155749049269505e-02 8.349253722255613186e-02 9.007569303749915490e-02
1.814380798433671771e+01 2.263689362649433032e-02 2.143226795808385668e-02 2.338237253223204859e-02 9.373691888749388634e-02 8.965296781059757525e-02 9.771830885037581516e-02
1.838278631132465790e+01 2.136014543072529970e-02 2.020990882475025632e-02 2.206110886143914512e-02 1.038328183258763748e-01 9.886535263293433351e-02 1.084746116004071392e-01
1.862176463831259809e+01 2.022041941070683649e-02 1.911861417835960739e-02 2.088247499686126524e-02 1.170139234978792991e-01 1.112866790519546484e-01 1.221358613472056237e-01
1.886074296530053829e+01 1.919897565849308652e-02 1.814037480226460275e-02 1.982687468843152487e-02 1.326536797299890102e-01 1.265486966772594035e-01 1.378439468210168328e-01
1.909972129228847848e+01 1.828044445487794767e-02 1.726042116799057780e-02 1.887825546185336115e-02 1.493671467117630158e-01 1.435417755058533418e-01 1.539989920299426884e-01
1.933869961927641867e+01 1.745211980610916758e-02 1.646654265182079246e-02 1.802336200289106696e-02 1.650754458836506122e-01 1.603786542427915185e-01 1.684141859713580158e-01
1.957767794626435887e+01 1.670342616652149489e-02 1.574857382977059433e-02 1.725117355069043235e-02 1.773634277576852381e-01 1.746461332949163503e-01 1.787507031427319204e-01
1.981665627325229906e+01 1.602551080624106672e-02 1.509800189058044598e-02 1.655247452253480814e-02 1.840726118951521717e-01 1.839426523596081886e-01 1.831287384631398452e-01
2.005563460024023925e+01 1.541092883570500428e-02 1.450766329979646246e-02 1.591952322058642899e-02 1.839306820500997419e-01 1.865465281750245952e-01 1.806918973056926558e-01
2.029461292722817944e+01 1.485339758025753555e-02 1.397150721302072539e-02 1.534579383919879199e-02 1.769586346501852148e-01 1.819541100661875299e-01 1.718853471955262557e-01
2.053359125421611964e+01 1.434760358292064622e-02 1.348440949957803794e-02 1.482577402648153908e-02 1.644734769577269329e-01 1.710512712823110681e-01 1.583226209936910711e-01
2.077256958120405983e+01 1.388905007985783736e-02 1.304202564636416060e-02 1.435480512254463763e-02 1.486869762367401260e-01 1.558404562315803266e-01 1.423038597822779971e-01
2.101154790819200002e+01 1.347393601623801847e-02 1.264067392029194145e-02 1.392895562742565117e-02 1.320836788404358975e-01 1.388509751227563760e-01 1.261995473368826004e-01
2.125052623517994022e+01 1.309905998372449393e-02 1.227724239645910237e-02 1.354492091045208547e-02 1.168386331436445935e-01 1.224907423848355242e-01 1.119448280947036578e-01
2.148950456216788041e+01 1.276174414937424062e-02 1.194911508333937854e-02 1.319994396526447816e-02 1.044759414132940545e-01 1.085857038116155582e-01 1.007995355464429560e-01
2.172848288915582060e+01 1.245977450024567980e-02 1.165411358035930121e-02 1.289175334541938292e-02 9.582980817082427383e-02 9.822756673675880901e-02 9.338969559248780361e-02
2.196746121614376079e+01 1.219135467919350672e-02 1.139045161319334788e-02 1.261851542422018010e-02 9.124129385599438757e-02 9.190211164615036399e-02 8.994089340633347474e-02
2.220643954313170099e+01 1.195507142675873540e-02 1.115670049602964994e-02 1.237879890706053421e-02 9.086566703764982489e-02 8.977992315179655902e-02 9.058180976542574980e-02
2.244541787011964118e+01 1.174987023774009404e-02 1.095176413107672858e-02 1.217155015564899342e-02 9.497553646135330208e-02 9.204026960445939320e-02 9.562061971252956705e-02
2.268439619710758137e+01 1.157504033836992061e-02 1.077486262060608352e-02 1.199607841390543973e-02 1.041810380547954495e-01 9.913338276858180143e-02 1.057324061257333830e-01
2.292337452409552156e+01 1.143020853006751145e-02 1.062552397247023758e-02 1.185205049704495320e-02 1.195071258735382752e-01 1.119168238241211172e-01 1.220060975787425339e-01
2.316235285108346176e+01 1.131534186179593282e-02 1.050358375694900384e-02 1.173949495440437980e-02 1.422587260228886374e-01 1.316021874357069243e-01 1.457827647701797902e-01
2.340133117807140195e+01 1.123075951638657227e-02 1.040919294909077933e-02 1.165881617707606975e-02 1.735995111872903618e-01 1.594370214512562389e-01 1.782109440314683380e-01
2.364030950505934214e+01 1.117715475957721874e-02 1.034283459516804372e-02 1.161081942954549778e-02 2.138286239957027379e-01 1.960781506436563293e-01 2.195080660340138490e-01
2.387928783204728234e+01 1.115562834196283382e-02 1.030535040707664107e-02 1.159674838268543243e-02 2.615013781039930429e-01 2.407401186204738697e-01 2.680844777034762649e-01
2.411826615903522253e+01 1.116773541158688418e-02 1.029797895495509347e-02 1.161833746762603453e-02 3.127613007307237791e-01 2.904158834720657612e-01 3.199069446691107377e-01
2.435724448602316627e+01 1.121554885294319404e-02 1.032240784967131814e-02 1.167788232917022634e-02 3.613785128174233918e-01 3.396450933699029506e-01 3.685940964981580525e-01
2.459622281301110647e+01 1.130174310704616658e-02 1.038084325778460860e-02 1.177833293642697315e-02 3.998370334380283997e-01 3.812559255809814807e-01 4.065653017837421723e-01
2.483520113999904666e+01 1.142970407764246944e-02 1.047610137956148622e-02 1.192341565673678445e-02 4.213352844717755952e-01 4.081195434824152479e-01 4.270748501575372669e-01
2.507417946698698685e+01 1.160367288439384005e-02 1.061172830427490124e-02 1.211779303955786216e-02 4.219845173011146922e-01 4.153699362482508595e-01 4.263925565659315020e-01
2.531315779397492705e+01 1.182893427872803473e-02 1.079215717605290156e-02 1.236727352900635589e-02 4.022136473957658720e-01 4.021324996470574398e-01 4.051429208047728214e-01
2.555213612096286724e+01 1.211206494676488749e-02 1.102291522790759676e-02 1.267908835482312729e-02 3.666893775155664614e-01 3.719237078162812571e-01 3.681426103689167117e-01
2.579111444795080743e+01 1.246126340556938383e-02 1.131089855477841223e-02 1.306226028062567636e-02 3.228069789841340187e-01 3.315351797840641046e-01 3.228291267795445063e-01
2.603009277493874762e+01 1.288679291868588019e-02 1.166474044061962742e-02 1.352810008180194666e-02 2.785207754251076695e-01 2.889926669272279702e-01 2.770693713991540519e-01
2.626907110192668782e+01 1.340158375028840596e-02 1.209531119106767652e-02 1.409088386947902893e-02 2.405084015847337719e-01 2.515727788468971049e-01 2.373366267805796515e-01
2.650804942891462801e+01 1.402206445924089953e-02 1.261640641753750472e-02 1.476879161705887435e-02 2.133147510076439657e-01 2.246517658391284922e-01 2.078863887642502795e-01
2.674702775590256820e+01 1.476932968438651739e-02 1.324571128374855272e-02 1.558523154577077900e-02 1.994992848799150842e-01 2.115606713050284526e-01 1.909536866807485522e-01
2.698600608289050840e+01 1.567081487644736773e-02 1.400617906166216377e-02 1.657074962015916628e-02 2.003107260580196669e-01 2.140445436708657834e-01 1.875208628469739736e-01
2.722498440987844859e+01 1.676275798291553334e-02 1.492805042614314508e-02 1.776585457943934132e-02 2.162527557911851361e-01 2.326789783014357738e-01 1.980523780391586497e-01
2.746396273686638878e+01 1.809392894601256560e-02 1.605190090076620904e-02 1.922533300083691457e-02 2.470733872332679659e-01 2.667552292391958124e-01 2.227216509173045589e-01
2.770294106385432897e+01 1.973150291041127213e-02 1.743341993396121253e-02 2.102511787625011702e-02 2.910959266452516347e-01 3.135956442337591299e-01 2.609467735634680152e-01
2.794191939084226917e+01 2.177080133597910500e-02 1.915130473244727391e-02 2.327384446287559042e-02 3.442785938087695730e-01 3.677936292495421755e-01 3.104288333249392573e-01
2.818089771783020936e+01 2.435261796716930646e-02 2.132125779189419229e-02 2.613377072793460210e-02 3.997553810932408247e-01 4.211965285363512557e-01 3.662690485196748447e-01
2.841987604481814955e+01 2.769680673145385671e-02 2.412311314982440100e-02 2.986204012227729188e-02 4.486095627172969613e-01 4.642739833616214562e-01 4.209450648830573294e-01
2.865885437180608974e+01 3.217307080344665449e-02 2.785821934552569143e-02 3.489844112028425011e-02 4.820897121690728149e-01 4.887774595230524044e-01 4.657034039876087883e-01
2.889783269879402994e+01 3.845762022011656178e-02 3.307741613726324081e-02 4.205846712134819754e-02 4.945827769301476273e-01 4.906799276780764996e-01 4.932096424642142818e-01
2.913681102578197013e+01 4.787605659619236648e-02 4.086430318683598878e-02 5.294622854193797856e-02 4.859937460665965103e-01 4.719643990481156015e-01 5.004392253698122239e-01
2.937578935276991032e+01 6.309680047243457213e-02 5.341702638066185560e-02 7.075667187199315145e-02 4.623172398870795119e-01 4.403301051328772919e-01 4.904120194615702033e-01
2.961476767975785052e+01 8.933449925645846335e-02 7.508228890005569367e-02 1.015848075716003218e-01 4.341195874364538465e-01 4.070133951390078608e-01 4.718444727715313536e-01
2.985374600674579071e+01 1.359509594770374197e-01 1.137967516623738518e-01 1.559858630143815539e-01 4.137022905424653785e-01 3.838380102494766688e-01 4.568196200144482022e-01
3.009272433373373090e+01 2.175723710927740251e-01 1.822777746751824413e-01 2.496562631539842314e-01 4.121081928632527869e-01 3.806587772790230861e-01 4.574030650296189715e-01
3.033170266072167109e+01 3.527050669857643150e-01 2.973237159518027917e-01 4.010384181748908872e-01 4.366977431198277859e-01 4.036517442670022326e-01 4.822554756629023887e-01
3.057068098770961129e+01 5.573618897912965275e-01 4.749922683201910911e-01 6.236345233146189937e-01 4.893578396464849378e-01 4.541756130343687081e-01 5.339203237579658312e-01
3.080965931469755148e+01 8.331789524565731409e-01 7.206864706199879178e-01 9.135074258868512986e-01 5.652610654923790889e-01 5.278708503105725702e-01 6.072268689597175584e-01
3.104863764168549167e+01 1.154564233607919599e+00 1.017151945491880927e+00 1.237791976175738551e+00 6.526099271002087088e-01 6.142887304259448955e-01 6.894104177078128615e-01
3.128761596867343187e+01 1.464559984169571338e+00 1.318188176057009775e+00 1.534159033801716143e+00 7.342972142475443498e-01 6.979577475162600519e-01 7.626357685832999556e-01
3.152659429566137206e+01 1.688162648148504585e+00 1.556606855230479480e+00 1.728134358373434321e+00 7.919941644195791497e-01 7.615748409939206987e-01 8.089069210348011074e-01
3.176557262264931580e+01 1.761556433967264024e+00 1.667823998525584051e+00 1.763589868710437658e+00 8.117137714445732399e-01 7.907912486232504534e-01 8.158849966802139697e-01
3.200455094963725600e+01 1.662150994494342671e+00 1.618530492020861633e+00 1.629578322365123899e+00 7.884341208656910904e-01 7.786795852756520642e-01 7.810059635542493384e-01
3.224352927662519619e+01 1.420058178647678915e+00 1.423113345898250337e+00 1.365913847984847385e+00 7.273374156501305476e-01 7.276572690980148694e-01 7.117359750138296803e-01
3.248250760361313638e+01 1.103015162169720620e+00 1.136752556105941503e+00 1.043596367664079816e+00 6.410080195310116080e-01 6.478951107580031010e-01 6.218739643851266541e-01
3.272148593060107657e+01 7.851066580013540408e-01 8.297131681865035358e-01 7.332926470107625772e-01 5.442879249715294465e-01 5.532137554356459930e-01 5.260596578960008429e-01
3.296046425758901677e+01 5.190748369557929287e-01 5.592567589889380075e-01 4.810149590961227406e-01 4.495905726399406777e-01 4.566777828677852091e-01 4.353720422190462958e-01
3.319944258457695696e+01 3.257633814107600001e-01 3.543413857289076652e-01 3.015405871962551498e-01 3.646238633406106988e-01 3.677620538458565846e-01 3.557128747891591947e-01
3.343842091156489715e+01 2.003053532719780150e-01 2.169424397630470014e-01 1.867096896014570351e-01 2.926240565043198849e-01 2.916274503084663738e-01 2.887132891906077359e-01
3.367739923855283735e+01 1.254862491851018724e-01 1.332630822478221844e-01 1.186742759642710893e-01 2.338807412364190541e-01 2.298668015190118707e-01 2.336815087331522156e-01
3.391637756554077754e+01 8.302351744829247759e-02 8.551175669820282321e-02 7.996629055639666028e-02 1.872454752058725636e-01 1.817483902511050631e-01 1.891998330751074042e-01
3.415535589252871773e+01 5.907342284132779953e-02 5.893103356790415498e-02 5.787557489118754644e-02 1.510292504383151380e-01 1.453200953826285224e-01 1.538427763166469453e-01
3.439433421951665792e+01 4.503191976272385988e-02 4.380596941513128367e-02 4.468256125896007125e-02 1.233785493224164725e-01 1.181902678874738460e-01 1.262543747175304543e-01
3.463331254650459812e+01 3.620535550280583326e-02 3.464801075135013481e-02 3.622254620967882421e-02 1.024455019008023160e-01 9.803224141046416873e-02 1.050513489704098247e-01
3.487229087349253831e+01 3.022073639672398157e-02 2.864688886723863043e-02 3.038926681306557478e-02 8.654044329757382137e-02 8.288105697207448497e-02 8.883207002942472563e-02
3.511126920048047850e+01 2.590154143273487239e-02 2.442498744642125630e-02 2.612650725493637430e-02 7.427264239376250854e-02 7.125634803094398062e-02 7.630670794970181858e-02
3.535024752746841870e+01 2.264318010572729037e-02 2.129684957279393692e-02 2.288090913410709137e-02 6.461790744289604149e-02 6.214326779306482418e-02 6.643603989514272612e-02
3.558922585445635889e+01 2.011124422892112545e-02 1.889895138375372735e-02 2.033978106202226008e-02 5.688930953577453487e-02 5.488648276557019784e-02 5.848711095112202329e-02
3.582820418144429908e+01 1.810514908609808099e-02 1.702158793319505717e-02 1.831202539244210920e-02 5.064510060564035576e-02 4.906259882763024799e-02 5.199349353506894228e-02
3.606718250843223927e+01 1.649647580190153826e-02 1.553456262202746255e-02 1.667341660292879710e-02 4.558914823178269321e-02 4.437888512938440583e-02 4.666569092518706857e-02
3.630616083542017947e+01 1.519951935446451491e-02 1.435314626876727472e-02 1.533986095501210789e-02 4.150117451174090838e-02 4.061453955617067013e-02 4.230582817241227561e-02
3.654513916240811966e+01 1.415611015429535206e-02 1.342135054492916632e-02 1.425327035171688669e-02 3.820362252929406649e-02 3.759604371800152195e-02 3.875581744721513788e-02
3.678411748939605985e+01 1.332735708594546230e-02 1.270326277329299550e-02 1.337364882010727042e-02 3.555266164856449307e-02 3.519000671400080577e-02 3.587895828988091340e-02
3.702309581638400005e+01 1.268924779900512320e-02 1.217876491157324562e-02 1.267463272518280955e-02 3.343822060450062084e-02 3.330114486137318586e-02 3.356016116524124931e-02
3.726207414337194024e+01 1.223089599622231329e-02 1.184234259795765437e-02 1.214128968043979608e-02 3.178452997014306891e-02 3.187064918806022107e-02 3.171076461994130208e-02
3.750105247035988043e+01 1.195531943358079177e-02 1.170516830391657090e-02 1.176982012184524251e-02 3.054964569231359561e-02 3.087541510307722711e-02 3.027148446738859786e-02
3.774003079734782062e+01 1.188391152989599561e-02 1.180264048555685306e-02 1.156957050725603529e-02 2.972608264942632264e-02 3.033068424717057579e-02 2.921348973751328182e-02
3.797900912433576082e+01 1.206847923559752934e-02 1.221407131946858522e-02 1.156911520990205541e-02 2.934567232652254831e-02 3.029913871013439550e-02 2.854046090785583925e-02
3.821798745132370101e+01 1.262135243211366144e-02 1.311180540962938665e-02 1.183141881529643780e-02 2.949174339115562260e-02 3.090939015698365017e-02 2.829496317629677515e-02
3.845696577831164120e+01 1.378819089503240808e-02 1.487699901433350153e-02 1.249085388554327554e-02 3.032086011478956483e-02 3.238490380880396091e-02 2.857207178156939698e-02
3.869594410529958139e+01 1.610790360685513886e-02 1.833927548902822627e-02 1.383961785699192384e-02 3.209205597274947253e-02 3.507661352361774593e-02 2.954152013798685625e-02
3.893492243228752159e+01 2.070138357259236964e-02 2.516688454749228462e-02 1.650588537819428978e-02 3.518872336353146696e-02 3.947355749154472793e-02 3.147359464287020903e-02
3.917390075927546178e+01 2.962656235377298178e-02 3.824700459587826451e-02 2.174226516620422420e-02 4.009425574032121631e-02 4.613727917142623758e-02 3.474903426860129901e-02
3.941287908626340197e+01 4.594884739779857286e-02 6.150011770596883198e-02 3.170056276412736712e-02 4.725900184462699521e-02 5.549035469238512014e-02 3.980983058946448161e-02
3.965185741325134217e+01 7.283561659999668314e-02 9.826900063274160435e-02 4.927195970851258600e-02 5.681136089713598181e-02 6.743615504144155615e-02 4.699411276498498269e-02
3.989083574023928236e+01 1.111678888411310184e-01 1.480059833942203584e-01 7.685855876474603776e-02 6.816634036640534244e-02 8.093180360664220530e-02 5.623456722674457370e-02
4.012981406722722255e+01 1.564907004228452692e-01 2.029263742647018087e-01 1.139097022951384153e-01 7.975443519914870993e-02 9.381724107682390401e-02 6.671666478963401981e-02
4.036879239421516274e+01 1.979615103264641685e-01 2.481809938682259242e-01 1.545140798793663839e-01 8.918839213272218569e-02 1.032270035371030820e-01 7.674002426075290928e-02
4.060777072120310294e+01 2.219089787802548397e-01 2.678636550255459881e-01 1.876634335202064241e-01 9.401358589606879923e-02 1.066084353313149213e-01 8.404504957767465478e-02
4.084674904819104313e+01 2.190976839986903402e-01 2.540751056731977986e-01 2.017671703667658911e-01 9.275739281668725356e-02 1.028686480025717415e-01 8.662131669661561617e-02
4.108572737517898332e+01 1.905291329775778419e-01 2.120721625249577524e-01 1.912406243413420359e-01 8.564714641896448155e-02 9.292235018955080639e-02 8.361292523454005865e-02
4.132470570216692352e+01 1.468239135744295321e-01 1.569454199859994237e-01 1.600949352996298702e-01 7.449885073573474237e-02 7.924995651043474643e-02 7.574344611658714865e-02
4.156368402915486371e+01 1.017024084737244011e-01 1.046860091200813164e-01 1.193890289721850906e-01 6.185301184840517191e-02 6.476883602166470799e-02 6.495977820655866874e-02
4.180266235614280390e+01 6.501624658499481624e-02 6.485280990939955303e-02 8.074786219380088170e-02 4.994110986993202661e-02 5.174783526940528872e-02 5.354319147772462067e-02
4.204164068313074409e+01 4.004180503781793604e-02 3.914857603911717915e-02 5.112300966110067818e-02 4.006858630869588461e-02 4.131643402231538476e-02 4.326306523605114723e-02
4.228061901011868429e+01 2.516745662164354344e-02 2.449150347281951051e-02 3.179926897929881424e-02 3.258680347104526281e-02 3.360317511421466452e-02 3.499909442471649257e-02
4.251959733710662448e+01 1.704218783251137959e-02 1.672869355002590264e-02 2.059585902187141201e-02 2.723138449242133718e-02 2.817618661423637594e-02 2.885231685991714035e-02
4.275857566409456467e+01 1.273129710368862966e-02 1.267301876318100741e-02 1.452414179854907665e-02 2.350758228791114887e-02 2.445058065576055650e-02 2.448794302118079136e-02
4.299755399108250487e+01 1.037632232634984504e-02 1.046370804822258256e-02 1.126043000641849950e-02 2.094037375232785797e-02 2.191761923120662606e-02 2.145083736032096788e-02
4.323653231807044506e+01 9.006753964252557296e-03 9.184056377952113520e-03 9.425373815365813840e-03 1.917213449180768872e-02 2.021580112574470831e-02 1.934272161115384303e-02
4.347551064505839236e+01 8.170480334960331104e-03 8.425641970364938782e-03 8.323881435600311018e-03 1.796836222666584743e-02 1.912040908901387060e-02 1.787712481002221715e-02
4.371448897204633255e+01 7.669125533991315302e-03 8.019960651314049158e-03 7.635914050673236163e-03 1.719125652690639550e-02 1.851194982235187386e-02 1.687089708916448411e-02
4.395346729903427274e+01 7.424258285620645610e-03 7.918853872301444621e-03 7.220613444832000086e-03 1.677371309942459268e-02 1.835232090773029207e-02 1.621845862281246289e-02
4.419244562602221293e+01 7.427469474103730145e-03 8.167820594501815079e-03 7.023644156458863121e-03 1.670488765422618871e-02 1.867713834652555069e-02 1.587056333039213452e-02
4.443142395301015313e+01 7.742531584917906190e-03 8.954063960097352268e-03 7.045488774429674826e-03 1.702901199118344797e-02 1.960350239685590412e-02 1.582377674749043880e-02
4.467040227999809332e+01 8.562757079478284031e-03 1.075242517414046368e-02 7.348934881361623116e-03 1.785573299384463769e-02 2.134469906636274686e-02 1.612099764039367014e-02
4.490938060698603351e+01 1.035560990760139161e-02 1.458318117447610952e-02 8.112853678785473741e-03 1.937476696131870332e-02 2.420756037777486297e-02 1.686133425822386803e-02
4.514835893397397371e+01 1.410735631414110521e-02 2.224674399074081516e-02 9.761871594820554013e-03 2.185330691520210797e-02 2.852538910764056135e-02 1.821296322729643383e-02
4.538733726096191390e+01 2.151917191427778556e-02 3.608528876764984655e-02 1.318131449257088639e-02 2.557317590432450771e-02 3.447472538321622038e-02 2.040993760218668199e-02
4.562631558794985409e+01 3.468100247449308615e-02 5.766156970145072669e-02 1.988132199208415482e-02 3.066082082619786195e-02 4.178443435276690127e-02 2.369538463900880063e-02
4.586529391493779428e+01 5.463835393456081130e-02 8.542392235519184751e-02 3.168855933833318594e-02 3.682303671364102471e-02 4.948347912264242782e-02 2.817108542633154841e-02
4.610427224192573448e+01 7.912138707792683301e-02 1.130365957659243137e-01 4.945891114501424490e-02 4.313621345397027074e-02 5.594799075626378376e-02 3.356705166810382973e-02
4.634325056891367467e+01 1.014284507696317783e-01 1.309213370528710674e-01 7.107930229833021862e-02 4.813878588598773101e-02 5.941479730322543618e-02 3.906269228845758723e-02
4.658222889590161486e+01 1.128694343325175181e-01 1.314542039694884534e-01 9.054601625164612755e-02 5.035723677806278054e-02 5.878198514656665652e-02 4.337704453146758871e-02
4.682120722288955506e+01 1.081893558160595820e-01 1.141901257912870948e-01 1.002156161865375289e-01 4.903610672317132435e-02 5.419046192619317998e-02 4.523589473431893077e-02
4.706018554987749525e+01 8.946035783721049961e-02 8.630562636974327406e-02 9.561947428603521926e-02 4.456378694359736103e-02 4.695285438098872194e-02 4.400722690578543622e-02
4.729916387686543544e+01 6.455085438760613248e-02 5.770024250428008178e-02 7.879387603216274349e-02 3.825395054178181570e-02 3.887898625959569643e-02 4.005955584638808825e-02
4.753814220385337563e+01 4.169719575575573517e-02 3.528307510534248875e-02 5.677385405651726863e-02 3.165674729290119532e-02 3.148778863321000793e-02 3.455536945140971067e-02
4.777712053084131583e+01 2.524568599325137733e-02 2.087775959609559917e-02 3.675508243730408325e-02 2.591136735865779903e-02 2.558282943790387426e-02 2.884415124278687237e-02
4.801609885782925602e+01 1.532442717028578878e-02 1.285746939838187247e-02 2.243015157698194373e-02 2.150449700936704275e-02 2.129492689315785545e-02 2.390475102036424687e-02
4.825507718481719621e+01 9.993092078437935261e-03 8.725206085352519431e-03 1.381421099447828656e-02 1.841067938552986769e-02 1.837270414233853344e-02 2.014698329832320320e-02
4.849405551180513640e+01 7.239783744270206732e-03 6.585836601524820699e-03 9.175240385262243420e-03 1.636756047586650567e-02 1.646249398766303981e-02 1.754175859189271991e-02
4.873303383879307660e+01 5.755403625713717899e-03 5.384956985289835601e-03 6.761385479792626600e-03 1.508625585372035810e-02 1.526208566741725503e-02 1.586169037573727236e-02
4.897201216578101679e+01 4.871634031894403472e-03 4.630821159393476959e-03 5.444784483280866970e-03 1.434470523084315809e-02 1.456379281842619909e-02 1.486155638342869303e-02
4.921099049276895698e+01 4.287088072380981947e-03 4.109235928195894422e-03 4.651722555863145071e-03 1.400214472651398548e-02 1.424401529046296667e-02 1.435720361120126215e-02
4.944996881975689718e+01 3.868046352533364898e-03 3.723447491678744115e-03 4.122591946265454117e-03 1.398398554076604738e-02 1.424111705514197537e-02 1.423768600705343189e-02
4.968894714674483737e+01 3.550648791819864449e-03 3.424868239667424111e-03 3.741068208703983086e-03 1.426507618228965019e-02 1.453908943314372211e-02 1.445340928369987302e-02
4.992792547373277756e+01 3.300788775073983106e-03 3.186132810515776397e-03 3.450901901764399839e-03 1.486081785952823864e-02 1.516085844736063219e-02 1.500435968146336500e-02
5.016690380072071775e+01 3.098340720258677995e-03 2.990408079843933937e-03 3.221739858429172737e-03 1.582797249628773231e-02 1.617145894326986813e-02 1.593708732902250971e-02
5.040588212770865795e+01 2.930538059205939089e-03 2.826685503555832670e-03 3.035551457957545197e-03 1.727652040907598843e-02 1.769261567195549653e-02 1.735346384336368397e-02
5.064486045469659814e+01 2.788855710687542042e-03 2.687441088823135961e-03 2.880852386357241057e-03 1.939660562930578883e-02 1.993357668879824213e-02 1.943494287345719912e-02
5.088383878168453833e+01 2.667377422534489891e-03 2.567354868150700624e-03 2.749953498426068073e-03 2.250769120016196667e-02 2.324598398167164112e-02 2.248873674726457536e-02
5.112281710867247853e+01 2.561870090294967629e-03 2.462560541377927653e-03 2.637508787530836330e-03 2.713412314079756069e-02 2.820536824281566143e-02 2.702000638614553835e-02
5.136179543566041872e+01 2.469227786156440781e-03 2.370183133258289485e-03 2.539688051575103578e-03 3.408392452700107628e-02 3.568672128880624045e-02 3.380942811813388710e-02
5.160077376264835891e+01 2.387122826172310020e-03 2.288042720012932203e-03 2.453678336157493704e-03 4.442731693138173010e-02 4.680759122850741000e-02 4.390096635199007558e-02
5.183975208963629910e+01 2.313778900213467413e-03 2.214458387694260254e-03 2.377370277031842956e-03 5.915277948438572159e-02 6.249175781233220345e-02 5.829012120331706487e-02
5.207873041662423930e+01 2.247819164488461339e-03 2.148114963495072367e-03 2.309153788388013714e-03 7.829146540729696457e-02 8.247229266207958820e-02 7.710134866390892794e-02
5.231770874361217949e+01 2.188161951927263243e-03 2.087970296974023688e-03 2.247781064552772760e-03 9.973943120854208977e-02 1.041030348584180143e-01 9.843676427610741075e-02
5.255668707060011968e+01 2.133947612070412336e-03 2.033189441530775399e-03 2.192272424593852149e-03 1.187945198814000652e-01 1.221627424534236644e-01 1.178332032653794104e-01
5.279566539758805988e+01 2.084486215761805969e-03 1.983097101034320305e-03 2.141850212175315776e-03 1.295938497670235945e-01 1.307585144444252112e-01 1.295071123664065516e-01
5.303464372457600007e+01 2.039219556654073631e-03 1.937142737352050715e-03 2.095891528492996227e-03 1.282093832817098600e-01 1.266488750273080388e-01 1.293026122452598514e-01
5.327362205156394026e+01 1.997693145276685251e-03 1.894874619188620032e-03 2.053893889043385997e-03 1.151447414683850895e-01 1.113731325135757094e-01 1.172798051191785706e-01
5.351260037855188045e+01 1.959535315146638916e-03 1.855920294265018221e-03 2.015449927471033888e-03 9.499449634231708905e-02 9.021472623683478298e-02 9.766805238577021264e-02
5.375157870553982065e+01 1.924441477325956147e-03 1.819971750312271604e-03 1.980228550161437350e-03 7.359122431424920674e-02 6.898252070214100362e-02 7.623486422188417710e-02
5.399055703252776084e+01 1.892162163154445216e-03 1.786774051610303575e-03 1.947960771192309547e-03 5.513621322993999402e-02 5.136755483196464578e-02 5.737838844862622883e-02
5.422953535951570103e+01 1.862493899783181778e-03 1.756116591168768726e-03 1.918429001627026129e-03 4.121421466354745211e-02 3.841815302235826457e-02 4.294273538594019918e-02
5.446851368650364122e+01 1.835272239986086330e-03 1.727826342483913639e-03 1.891458933186930666e-03 3.151063518931308816e-02 2.952034963607888876e-02 3.278340147077923872e-02
5.470749201349158142e+01 1.810366460531114864e-03 1.701762666019678970e-03 1.866913407287475657e-03 2.497633243447528253e-02 2.355352347547755645e-02 2.590789636599401605e-02
5.494647034047952161e+01 1.787675580242854053e-03 1.677813347968861411e-03 1.844687835860939944e-03 2.058800127444635614e-02 1.953404829536077927e-02 2.128300448052768135e-02
5.518544866746746180e+01 1.767125448099779537e-03 1.655891638128653698e-03 1.824706865663106676e-03 1.760649420094943102e-02 1.678434153708844787e-02 1.813980007859198468e-02
5.542442699445540200e+01 1.748666725483531388e-03 1.635934120411200454e-03 1.806922069461567443e-03 1.556710200728633753e-02 1.488804497174813987e-02 1.598613461415036505e-02
5.566340532144334219e+01 1.732273643367307015e-03 1.617899300856914585e-03 1.791310516752847278e-03 1.420099915778339460e-02 1.360714597570045550e-02 1.453259875721367618e-02
5.590238364843128238e+01 1.717943460671302091e-03 1.601766839174196188e-03 1.777874131139680746e-03 1.337130435106578114e-02 1.282272560201645067e-02 1.362620640135457119e-02
5.614136197541922257e+01 1.705696588555960080e-03 1.587537384607522022e-03 1.766639786749002071e-03 1.303955845162210921e-02 1.250575944368879575e-02 1.321334809432112532e-02
5.638034030240716277e+01 1.695577380473274609e-03 1.575233008342162132e-03 1.757660136305875956e-03 1.325437731371217724e-02 1.270643794977097986e-02 1.332713577839225554e-02
5.661931862939510296e+01 1.687655622277082004e-03 1.564898255269262222e-03 1.751015202198243472e-03 1.413832468864441652e-02 1.353534795030928752e-02 1.408127298490384309e-02
5.685829695638304315e+01 1.682028793408070272e-03 1.556601870226815426e-03 1.746814802300932683e-03 1.582271929349491138e-02 1.508641282287005551e-02 1.562894405161121061e-02
5.709727528337098335e+01 1.678825212130286536e-03 1.550439290441712591e-03 1.745201927826582101e-03 1.827261066717078900e-02 1.725963480364254080e-02 1.802267189450694126e-02
5.733625361035892354e+01 1.678208228582088414e-03 1.546536039955147311e-03 1.746357244912539715e-03 2.104343715281328797e-02 1.955982493726528618e-02 2.096649798467096690e-02
5.757523193734686373e+01 1.680381693604189380e-03 1.545052217324486849e-03 1.750504959916195091e-03 2.321989856544579012e-02 2.112559202154502130e-02 2.364754904781920380e-02
5.781421026433480392e+01 1.685597015121728139e-03 1.546188340275397692e-03 1.757920376994071216e-03 2.381084286510222470e-02 2.116964059794080449e-02 2.497433914264021032e-02
5.805318859132274412e+01 1.694162225972506474e-03 1.550192907826156196e-03 1.768939594543256178e-03 2.242279340130786183e-02 1.954378203784046253e-02 2.424471633976775509e-02
5.829216691831068431e+01 1.706453639974696204e-03 1.557372172668429261e-03 1.783971947440835069e-03 1.956467878628753015e-02 1.685152463983455307e-02 2.167651707515487469e-02
5.853114524529863161e+01 1.722930885024284231e-03 1.568102800368319834e-03 1.803516023646315391e-03 1.624438628343577093e-02 1.398074131770829162e-02 1.822921789578768950e-02
5.877012357228657180e+01 1.744156400437280735e-03 1.582848351371966659e-03 1.828180394768614062e-03 1.330018980945847813e-02 1.155886922631127814e-02 1.491510169830645785e-02
5.900910189927451199e+01 1.770820912096564932e-03 1.602180893631345061e-03 1.858710643201793005e-03 1.107911452846727270e-02 9.782068266573382825e-03 1.228962900663599887e-02
5.924808022626245219e+01 1.803777017301158667e-03 1.626809594943101189e-03 1.896024908880914600e-03 9.546231317133146640e-03 8.568160654801693782e-03 1.043219257132814437e-02
5.948705855325039238e+01 1.844083922274827956e-03 1.657618944923607051e-03 1.941261119139865406e-03 8.524787531351919745e-03 7.756584862431138185e-03 9.186501133426802287e-03
5.972603688023833257e+01 1.893067740485362277e-03 1.695720462111316830e-03 1.995840469197780048e-03 7.846796066201536940e-03 7.211834941083325283e-03 8.363186119917173297e-03
5.996501520722627276e+01 1.952403843346050020e-03 1.742523590969795397e-03 2.061553854963412823e-03 7.396126570303211169e-03 6.844539960783306391e-03 7.819767702438374865e-03
6.020399353421421296e+01 2.024230998526918828e-03 1.799834389244028008e-03 2.140681267960470834e-03 7.102091192579244698e-03 6.601360235934514674e-03 7.466351291803856663e-03
6.044297186120215315e+01 2.111312193564626304e-03 1.869995244522287131e-03 2.236159401759273569e-03 6.923974489740102045e-03 6.451877603776670980e-03 7.250322431323541136e-03
6.068195018819009334e+01 2.217265462316447659e-03 1.956086479293303072e-03 2.351821218924756395e-03 6.839518695460285007e-03 6.379751423125328523e-03 7.142398145794605878e-03
6.092092851517803354e+01 2.346902145947943937e-03 2.062223584632086847e-03 2.492745389254402352e-03 6.838283799181207011e-03 6.377825391996091130e-03 7.128005384672160202e-03
6.115990684216597373e+01 2.506734423941902462e-03 2.194006309305369593e-03 2.665777828611287908e-03 6.918325545666698800e-03 6.445784887742867474e-03 7.202756433767424152e-03
6.139888516915391392e+01 2.705757665451465673e-03 2.359216568636260825e-03 2.880330788216086541e-03 7.084973630173217046e-03 6.589447787036197511e-03 7.370547415081177625e-03
6.163786349614185411e+01 2.956694731501102475e-03 2.568939192312285572e-03 3.149644867628208483e-03 7.351142117062926806e-03 6.821317965145458698e-03 7.643477247311120451e-03
6.187684182312979431e+01 3.278049114292386646e-03 2.839432930246332896e-03 3.492854151437278180e-03 7.739129603011048186e-03 7.162466142332783725e-03 8.043396251783687181e-03
6.211582015011773450e+01 3.697645279581212186e-03 3.195404124917491928e-03 3.938511736683712738e-03 8.284365281594449279e-03 7.646253232725742748e-03 8.605439191293043355e-03
6.235479847710567469e+01 4.259073429918751146e-03 3.676080165961374824e-03 4.530928107521681701e-03 9.042238328933407607e-03 8.325077951306596169e-03 9.384578684498665405e-03
6.259377680409361489e+01 5.034262517176020177e-03 4.347374301390145683e-03 5.342338023491426113e-03 1.010032604833583682e-02 9.282518070177827110e-03 1.046735857447093736e-02
6.283275513108155508e+01 6.150415954296033910e-03 5.329009125710538336e-03 6.498385370451425364e-03 1.160048546304620100e-02 1.065535335954140121e-02 1.199299669375050205e-02
6.307173345806949527e+01 7.855918705732045648e-03 6.865030637570298036e-03 8.238462205212050693e-03 1.377865470969699691e-02 1.267281540407981695e-02 1.419135663390399919e-02
6.331071178505743546e+01 1.071061870215220778e-02 9.540415165250887633e-03 1.108310439679842038e-02 1.703186588069249829e-02 1.571905449055758380e-02 1.744782850798226939e-02
6.354969011204537566e+01 1.618747372895011291e-02 1.496687023258319246e-02 1.635305954280457524e-02 2.200376243039248864e-02 2.039678821355783711e-02 2.239233552653639367e-02
6.378866843903331585e+01 2.828119267495122699e-02 2.742679632728876535e-02 2.760980135493525112e-02 2.958887840075192371e-02 2.746772442299825340e-02 2.993379150727332877e-02
6.402764676602126315e+01 5.563831155859419453e-02 5.527375444755230210e-02 5.294508808137705219e-02 4.055547992050995143e-02 3.738653830514947901e-02 4.096950801725896679e-02
6.426662509300919623e+01 1.081531882645747206e-01 1.056321472178514964e-01 1.032400906760198300e-01 5.444466736620161285e-02 4.926643172674588511e-02 5.538068994754778707e-02
6.450560341999712932e+01 1.797697620038133104e-01 1.678473665985655006e-01 1.771074901477086849e-01 6.823103990953388598e-02 6.000504418651532446e-02 7.056680010020523197e-02
6.474458174698507662e+01 2.337176698408282294e-01 2.059743372922750171e-01 2.422679033694826456e-01 7.668044384852082396e-02 6.521299466973731751e-02 8.128611550020911625e-02
6.498356007397302392e+01 2.289434020105887424e-01 1.894515770370927554e-01 2.525425461069906730e-01 7.564884137778635220e-02 6.225479855361731180e-02 8.254480293995140883e-02
6.522253840096095701e+01 1.690344607523630027e-01 1.312500132008065645e-01 1.991336138566423830e-01 6.562564115124451536e-02 5.256280959246224099e-02 7.365073478377764937e-02
6.546151672794889009e+01 9.806843555608187046e-02 7.203087864894536230e-02 1.223941675776428484e-01 5.130517487251326503e-02 4.040150424069947205e-02 5.885598745355297146e-02
6.570049505493683739e+01 4.947465925663376007e-02 3.523864825389139144e-02 6.374428218377639621e-02 3.770560492314428691e-02 2.956121553308190333e-02 4.375713119735450546e-02
6.593947338192478469e+01 2.534086455007063948e-02 1.815922794271941990e-02 3.242770271614840716e-02 2.730998905650226100e-02 2.156135402990624547e-02 3.170605692809763676e-02
6.617845170891271778e+01 1.483475502710876123e-02 1.092344885124809858e-02 1.841318657320938079e-02 2.020868657765059057e-02 1.618120903476754496e-02 2.328593768022337723e-02
6.641743003590065086e+01 9.980617446512282664e-03 7.539121817776351167e-03 1.204275992185626504e-02 1.553305273560880509e-02 1.264523668298140127e-02 1.770420097979769417e-02
6.665640836288859816e+01 7.369204808136521102e-03 5.673074647445522714e-03 8.721263610489504367e-03 1.242055096948132403e-02 1.027777394545235576e-02 1.399894086180270870e-02
6.689538668987654546e+01 5.769430540699746132e-03 4.507661255421257541e-03 6.735305195819061945e-03 1.028072280472596203e-02 8.636196647605759447e-03 1.146888882745934930e-02
6.713436501686447855e+01 4.702545955145009775e-03 3.719961872185267079e-03 5.432039225166782406e-03 8.754789098573731443e-03 7.455142538551722854e-03 9.678353842997415579e-03
6.737334334385241164e+01 3.949344144375868497e-03 3.158293132489470301e-03 4.522349592228866802e-03 7.629114723947072636e-03 6.576556911193884129e-03 8.366929348744847617e-03
6.761232167084035893e+01 3.395028739892567374e-03 2.741642367990816502e-03 3.858631278651305108e-03 6.773835564905548307e-03 5.903823875575425414e-03 7.376939446243588848e-03
6.785129999782830623e+01 2.973724947423638312e-03 2.422859752313185136e-03 3.357664884018968492e-03 6.107327631942869629e-03 5.375790778580717341e-03 6.609904738062474631e-03
6.809027832481623932e+01 2.645089933323735779e-03 2.172758743220266041e-03 2.969142765322773173e-03 5.576483915112635109e-03 4.952393171493503672e-03 6.002174163013074271e-03
6.832925665180417241e+01 2.383163061090391634e-03 1.972396875744231431e-03 2.661016940540577701e-03 5.145631556840899248e-03 4.606546146958692169e-03 5.511256410921708086e-03
6.856823497879211970e+01 2.170566660985960919e-03 1.809005100700545373e-03 2.412008965390261429e-03 4.790117748119136938e-03 4.319423146097059116e-03 5.107950570161429345e-03
6.880721330578006700e+01 1.995285403539145963e-03 1.673702335422352439e-03 2.207505404729876147e-03 4.492472687119978061e-03 4.077613389273035578e-03 4.771667228835992959e-03
6.904619163276800009e+01 1.848782488813467337e-03 1.560146652575662663e-03 2.037182623580432745e-03 4.240039583417201836e-03 3.871355163412405938e-03 4.487555969091147449e-03
6.928516995975594739e+01 1.724849952665720703e-03 1.463705889752219425e-03 1.893569996264435210e-03 4.023467056454818440e-03 3.693405446106709598e-03 4.244688476498096989e-03
6.952414828674388048e+01 1.618881551794755470e-03 1.380929723266818539e-03 1.771148004082257702e-03 3.835724217865196795e-03 3.538297487989602429e-03 4.034877749626832912e-03
6.976312661373182777e+01 1.527398692177054295e-03 1.309203537568416533e-03 1.665763976036338349e-03 3.671441593251527444e-03 3.401841585779463197e-03 3.851891701876333611e-03
7.000210494071976086e+01 1.447733078442156509e-03 1.246515580236300319e-03 1.574243160127227360e-03 3.526460448850159655e-03 3.280782194129820608e-03 3.690917749667175715e-03
7.024108326770770816e+01 1.377809305983604795e-03 1.191296750452921268e-03 1.494123587575423842e-03 3.397518551724048371e-03 3.172557867359637133e-03 3.548190954254371379e-03
7.048006159469564125e+01 1.315992842147010533e-03 1.142308136704705580e-03 1.423471488963088272e-03 3.282027154100791450e-03 3.075130254334789044e-03 3.420731060036642096e-03
7.071903992168358855e+01 1.260981771142796531e-03 1.098560649164904285e-03 1.360750361347667914e-03 3.177910156556760547e-03 2.986860347814267007e-03 3.306153470470958675e-03
7.095801824867152163e+01 1.211728428678189758e-03 1.059256656749315260e-03 1.304726519153445253e-03 3.083486401707963634e-03 2.906417632365796127e-03 3.202531329080529534e-03
7.119699657565946893e+01 1.167381825908397333e-03 1.023746982768429644e-03 1.254399921749417470e-03 2.997382368804308098e-03 2.832712499838501569e-03 3.108293504792720464e-03
7.143597490264740202e+01 1.127244773322625673e-03 9.914987951636766023e-04 1.208952810735584252e-03 2.918466614102826519e-03 2.764845360482118264e-03 3.022148182386444164e-03
7.167495322963534932e+01 1.090741555788313482e-03 9.620713393967596097e-04 1.167711089311186581e-03 2.845799977988425038e-03 2.702067894596450574e-03 2.943024966243921927e-03
7.191393155662328240e+01 1.057393285352892145e-03 9.350973935416531180e-04 1.130114946339151778e-03 2.778597367516154500e-03 2.643753241615390444e-03 2.870030540903937503e-03
7.215290988361122970e+01 1.026798911613245819e-03 9.102689504050340708e-04 1.095696274168718063e-03 2.716198136154369860e-03 2.589372844000622370e-03 2.802414376277142724e-03
7.239188821059916279e+01 9.986204496078745618e-04 8.873260579971785876e-04 1.064061138318761436e-03 2.658042917743153391e-03 2.538478299019424067e-03 2.739541956895479372e-03
7.263086653758711009e+01 9.725713855971214895e-04 8.660480448942649680e-04 1.034876044917490195e-03 2.603655354559320564e-03 2.490687016384991563e-03 2.680873704590287440e-03
7.286984486457504318e+01 9.484075012918595461e-04 8.462465641752197135e-04 1.007857092119900056e-03 2.552627571286096575e-03 2.445670794989408987e-03 2.625948250358935317e-03
7.310882319156299047e+01 9.259195556804750322e-04 8.277600367972990161e-04 9.827613322656637319e-04 2.504608541201289260e-03 2.403146657937552198e-03 2.574369058092886801e-03
7.334780151855092356e+01 9.049274060329579386e-04 8.104491810803504540e-04 9.593798436145144042e-04 2.459294703799074899e-03 2.362869448835852246e-03 2.525793653049929807e-03
7.358677984553887086e+01 8.852752529445890315e-04 7.941933918636564366e-04 9.375321349791411810e-04 2.416422348551199722e-03 2.324625812149158990e-03 2.479924890302382268e-03
7.382575817252680395e+01 8.668277699548753833e-04 7.788877893530437831e-04 9.170615975771736648e-04 2.375761394175115830e-03 2.288229269013486531e-03 2.436503832591618499e-03
7.406473649951475124e+01 8.494669342582172314e-04 7.644407995193782399e-04 8.978317856033078605e-04 2.337110278100617503e-03 2.253516165936011572e-03 2.395303906691570450e-03
7.430371482650268433e+01 8.330894168126058794e-04 7.507721592025522108e-04 8.797233570737568540e-04 2.300291734863714466e-03 2.220342323475547278e-03 2.356126082057016617e-03
7.454269315349063163e+01 8.176044216152023730e-04 7.378112626751697021e-04 8.626315441078891578e-04 2.265149290607336961e-03 2.188580249638649462e-03 2.318794871934113343e-03
7.478167148047856472e+01 8.029318877919659194e-04 7.254957843603502621e-04 8.464640503081420977e-04 2.231544337806831788e-03 2.158116811473852377e-03 2.283155000042705676e-03
7.502064980746651202e+01 7.890009864082788305e-04 7.137705261379750574e-04 8.311392946545491855e-04 2.199353682703917949e-03 2.128851280458394970e-03 2.249068608857431820e-03
7.525962813445444510e+01 7.757488579712290425e-04 7.025864482716563924e-04 8.165849380601082966e-04 2.168467479865231629e-03 2.100693684395167106e-03 2.216412910930225418e-03
7.549860646144239240e+01 7.631195474995740346e-04 6.918998512179307201e-04 8.027366416869166762e-04 2.138787485350041040e-03 2.073563411883659613e-03 2.185078204448843726e-03
7.573758478843032549e+01 7.510631025484517742e-04 6.816716820101261214e-04 7.895370162184516981e-04 2.110225573337878770e-03 2.047388025894650385e-03 2.154966189673100489e-03
7.597656311541827279e+01 7.395348062587377494e-04 6.718669439651950943e-04 7.769347291998495494e-04 2.082702471595041741e-03 2.022102251233313247e-03 2.125988535042768433e-03
7.621554144240620587e+01 7.284945227790601621e-04 6.624541924597168209e-04 7.648837438025135604e-04 2.056146679498778874e-03 1.997647107223285336e-03 2.098065651366204550e-03
7.645451976939415317e+01 7.179061366001040926e-04 6.534051026997929204e-04 7.533426673224776025e-04 2.030493538979700249e-03 1.973969162165139287e-03 2.071125640146753797e-03
