# [4.10369342 4.10369342 2.04609618], [3.95750922 3.95750922 0.74241207], [4.24394393 4.24394393 2.10172919]
5.000000000000000000e+00 2.556220916014480260e-02 2.237426203453237936e-02 2.505210733759700645e-02 7.534865739981058685e-02 6.485301827657706519e-02 7.418061160778485763e-02
5.276435817946728335e+00 2.238020753265635224e-02 1.959436207035294975e-02 2.194512863833185043e-02 6.730308962367673176e-02 5.865367396497910696e-02 6.636889865851874903e-02
5.552871635893457558e+00 1.983501696264347233e-02 1.737126224046756096e-02 1.945682836984062233e-02 6.099640156933614638e-02 5.408105784739635630e-02 6.027989687372560523e-02
5.829307453840185893e+00 1.774788903455352951e-02 1.554850794913539315e-02 1.741458003917277161e-02 5.612824690271079470e-02 5.094032986055503642e-02 5.562596718883164315e-02
6.105743271786915116e+00 1.600430155191442938e-02 1.402594316021757437e-02 1.570748583877366530e-02 5.250528721525316717e-02 4.912661919405936217e-02 5.222079627019880765e-02
6.382179089733643451e+00 1.452690691189718018e-02 1.273595927006147127e-02 1.426043670070412973e-02 4.999322455361782797e-02 4.857058893468955280e-02 4.992994227528507051e-02
6.658614907680371786e+00 1.326091615988480091e-02 1.163068028808140163e-02 1.302010299089095650e-02 4.847293804936275707e-02 4.918165708850250756e-02 4.862545447223504819e-02
6.935050725627101009e+00 1.216599628002996807e-02 1.067486747966491477e-02 1.194715594648965151e-02 4.780035822869071332e-02 5.079252659944975129e-02 4.814549647794729575e-02
7.211486543573830232e+00 1.121156691678926523e-02 9.841804839041125644e-03 1.101173903119311362e-02 4.777518150600533475e-02 5.311679706003237522e-02 4.826538247283297667e-02
7.487922361520558567e+00 1.037391453106109064e-02 9.110776150631114470e-03 1.019067954689093815e-02 4.812719774304656528e-02 5.573615951853813644e-02 4.868937556416284840e-02
7.764358179467286902e+00 9.634323716085513994e-03 8.465431915565072366e-03 9.465677325278623946e-03 4.852835921326473928e-02 5.813085718986080869e-02 4.907052860065019839e-02
8.040793997414017014e+00 8.977810832987683301e-03 7.892682864670550261e-03 8.822074194213007717e-03 4.863257132400723021e-02 5.975518252772013539e-02 4.905814930505530275e-02
8.317229815360743572e+00 8.392234622419477222e-03 7.381922921419262033e-03 8.247988195401938921e-03 4.813513361032460691e-02 6.014217293686123511e-02 4.836165782635298838e-02
8.593665633307473684e+00 7.867654136186560260e-03 6.924468263386789404e-03 7.733687754819419148e-03 4.683427255145916623e-02 5.900638265018579021e-02 4.681086086212393055e-02
8.870101451254202019e+00 7.395855073212043856e-03 6.513143516168666720e-03 7.271129566293861070e-03 4.467362439458055778e-02 5.630944725701687165e-02 4.439125938086242035e-02
9.146537269200930353e+00 6.969994138237449455e-03 6.141971058257167729e-03 6.853611374138721644e-03 4.174984051133955737e-02 5.226421763598654985e-02 4.124092447299793074e-02
9.422973087147660465e+00 6.584328020667098644e-03 5.805934253366729948e-03 6.475507222866054742e-03 3.828206370863333763e-02 4.727556366767143164e-02 3.760966992160781619e-02
9.699408905094387023e+00 6.234004186495214692e-03 5.500794684619443424e-03 6.132062995712741181e-03 3.455409940216189191e-02 4.183913657159031574e-02 3.379504218449373709e-02
9.975844723041117135e+00 5.914897541615823928e-03 5.222949463218916517e-03 5.819236722129499627e-03 3.084903397037737013e-02 3.643251930928641247e-02 3.007658494064747307e-02
1.025228054098784547e+01 5.623481606280834183e-03 4.969318686905807754e-03 5.533572584858206626e-03 2.739614588617254876e-02 3.143113648395991222e-02 2.666738470861098123e-02
1.052871635893457380e+01 5.356725971083021835e-03 4.737255858549407894e-03 5.272100601981249621e-03 2.434232283472030287e-02 2.706703928366391287e-02 2.369251210670925839e-02
1.080515217688130392e+01 5.112013986556758482e-03 4.524475981270524062e-03 5.032256083217486430e-03 2.174952608796111922e-02 2.343064266335857446e-02 2.119302574116918580e-02
1.108158799482803225e+01 4.887076184816285286e-03 4.328997397419859401e-03 4.811814466234532947e-03 1.961128663291634641e-02 2.050207565685912767e-02 1.914663584220109571e-02
1.135802381277476059e+01 4.679936043967823298e-03 4.149094410492493168e-03 4.608838223109115034e-03 1.787766411644150719e-02 1.819413555838189298e-02 1.749401811508990989e-02
1.163445963072148892e+01 4.488865516793964262e-03 3.983258437365006996e-03 4.421633317886581975e-03 1.647936374309432253e-02 1.639192294892163893e-02 1.616215303614127949e-02
1.191089544866821726e+01 4.312348343250387885e-03 3.830165960707077651e-03 4.248713279800038489e-03 1.534559085560512591e-02 1.498109782567321260e-02 1.508038436157270804e-02
1.218733126661494737e+01 4.149049612260488108e-03 3.688651941008491003e-03 4.088769392074551555e-03 1.441426126105275173e-02 1.386330111048327506e-02 1.418877122071170518e-02
1.246376708456167570e+01 3.997790374148285468e-03 3.557687641073424729e-03 3.940645824249780840e-03 1.363586354886927102e-02 1.296138130768303802e-02 1.344055831347065917e-02
1.274020290250840404e+01 3.857526360323981600e-03 3.436362038846920135e-03 3.803318785346076775e-03 1.297328300575624135e-02 1.221840044520094287e-02 1.280119789660174277e-02
1.301663872045513237e+01 3.727330062519231164e-03 3.323866175391737565e-03 3.675878966429430451e-03 1.239972128195556723e-02 1.159388646147743902e-02 1.224594316359166497e-02
1.329307453840186248e+01 3.606375575063884304e-03 3.219479916921137892e-03 3.557516688924731649e-03 1.189615673116952571e-02 1.105958054289010381e-02 1.175727106526276537e-02
1.356951035634859082e+01 3.493925721383058045e-03 3.122560712608080970e-03 3.447509290094935997e-03 1.144908627468068686e-02 1.059577400036036676e-02 1.132271631314609416e-02
1.384594617429531915e+01 3.389321078136223447e-03 3.032534010477685484e-03 3.345210367313677241e-03 1.104879543910293298e-02 1.018855627286896146e-02 1.093326440058637293e-02
1.412238199224204749e+01 3.291970583191919635e-03 2.948885057266482403e-03 3.250040573941800816e-03 1.068814148241430811e-02 9.827905664891355142e-03 1.058224266258151434e-02
1.439881781018877582e+01 3.201343471396698309e-03 2.871151858598495425e-03 3.161479716132305825e-03 1.036173801884843204e-02 9.506423210845289101e-03 1.026458471820538253e-02
1.467525362813550593e+01 3.116962328216958851e-03 2.798919116121967050e-03 3.079059945017539358e-03 1.006542072415497237e-02 9.218509709480222566e-03 9.976350034478734252e-03
1.495168944608223427e+01 3.038397088358287240e-03 2.731812990599843168e-03 3.002359874968854765e-03 9.795898073923304042e-03 8.959831363402068552e-03 9.714409278105178014e-03
1.522812526402896260e+01 2.965259836348491801e-03 2.669496566055446808e-03 2.930999487867891589e-03 9.550520343529331560e-03 8.726968477063553470e-03 9.476235136699397849e-03
1.550456108197569094e+01 2.897200290307097321e-03 2.611665911251941953e-03 2.864635707055435392e-03 9.327123716780018683e-03 8.517179751896907305e-03 9.259760226327099983e-03
1.578099689992242105e+01 2.833901869876539938e-03 2.558046652044586745e-03 2.802958543963686953e-03 9.123922591283953679e-03 8.328240386744794818e-03 9.063278299396713283e-03
1.605743271786914761e+01 2.775078265462814324e-03 2.508390982278049797e-03 2.745687736274432175e-03 8.939433471978844997e-03 8.158328283234180314e-03 8.885374074461995300e-03
1.633386853581587772e+01 2.720470439233701933e-03 2.462475052526094579e-03 2.692569809471798310e-03 8.772420137300639131e-03 8.005942413629960411e-03 8.724872537450464177e-03
1.661030435376260783e+01 2.669843999308852550e-03 2.420096685574616661e-03 2.643375504419153907e-03 8.621853567529971438e-03 7.869843283352377650e-03 8.580801909871985794e-03
1.688674017170933439e+01 2.622986897689042786e-03 2.381073375517492145e-03 2.597897522517364499e-03 8.486882446049595977e-03 7.749008993011373587e-03 8.452366533555313866e-03
1.716317598965606450e+01 2.579707410063340148e-03 2.345240533974437321e-03 2.555948547439676217e-03 8.366811490726789105e-03 7.642602623029958429e-03 8.338927214438495925e-03
1.743961180760279461e+01 2.539832361983573438e-03 2.312449952497172122e-03 2.517359508661793071e-03 8.261085800964950224e-03 7.549948078404701036e-03 8.239987409327046916e-03
1.771604762554952117e+01 2.503205571230945892e-03 2.282568454901422531e-03 2.481978057235315581e-03 8.169280023707444979e-03 7.470512460930810346e-03 8.155184210182919030e-03
1.799248344349624773e+01 2.469686480702420594e-03 2.255476717207515348e-03 2.449667228666962959e-03 8.091091571512347771e-03 7.403893668871580451e-03 8.084283488588863212e-03
1.826891926144297784e+01 2.439148959962349119e-03 2.231068236220698064e-03 2.420304271509762881e-03 8.026337442615841256e-03 7.349812372858814842e-03 8.027178876001728886e-03
1.854535507938970795e+01 2.411480256858472126e-03 2.209248430639642029e-03 2.393779623463931916e-03 7.974954444709986962e-03 7.308107852856102031e-03 7.983894518205284299e-03
1.882179089733643451e+01 2.386580083389838128e-03 2.189933861034496117e-03 2.369996019521292650e-03 7.937002844264864909e-03 7.278737451376493008e-03 7.954591788148201656e-03
1.909822671528316462e+01 2.364359822419189513e-03 2.173051557156132491e-03 2.348867719047974083e-03 7.912673677484301574e-03 7.261779636607012221e-03 7.939580398338854858e-03
1.937466253322989473e+01 2.344741843911577351e-03 2.158538442885523604e-03 2.330319840752300645e-03 7.902300190773547256e-03 7.257440902941291599e-03 7.939334650641888605e-03
1.965109835117662129e+01 2.327658921211552597e-03 2.146340850756469666e-03 2.314287796283864742e-03 7.906374152812365927e-03 7.266066991342284148e-03 7.954515931249161662e-03
1.992753416912335140e+01 2.313053739491146947e-03 2.136414119429052693e-03 2.300716814803173242e-03 7.925568127461684459e-03 7.288159216348695686e-03 7.986003046175785616e-03
2.020396998707008152e+01 2.300878489951295371e-03 2.128722268791367195e-03 2.289561552289274497e-03 7.960765257985396789e-03 7.324397076299102305e-03 8.034932661114862346e-03
2.048040580501680807e+01 2.291094544676150566e-03 2.123237748555699671e-03 2.280785780650522974e-03 8.013098747714345049e-03 7.375668848273063925e-03 8.102753053372491188e-03
2.075684162296353463e+01 2.283672208254568150e-03 2.119941257320561746e-03 2.274362152902506019e-03 8.084004119151944057e-03 7.443112602690244925e-03 8.191295748853572381e-03
2.103327744091026474e+01 2.278590543424618715e-03 2.118821630118190597e-03 2.270272041805003298e-03 8.175288629818561192e-03 7.528171126954770649e-03 8.302871635302131945e-03
2.130971325885699486e+01 2.275837269091884798e-03 2.119875793482509530e-03 2.268505450433262825e-03 8.289224136213160093e-03 7.632665800885224741e-03 8.440401191176685747e-03
2.158614907680372497e+01 2.275408730146179226e-03 2.123108788079072339e-03 2.269060994222780753e-03 8.428672579966869569e-03 7.758896808002978263e-03 8.607593176919071595e-03
2.186258489475045153e+01 2.277309939579307517e-03 2.128533859959801881e-03 2.271945955096148044e-03 8.597257709752670340e-03 7.909780678348186586e-03 8.809193580080556391e-03
2.213902071269718164e+01 2.281554694514516517e-03 2.136172622566123638e-03 2.277176409380949826e-03 8.799603651508263596e-03 8.089041866803297481e-03 9.051338682978206027e-03
2.241545653064390820e+01 2.288165768923802659e-03 2.146055292730775395e-03 2.284777432386114748e-03 9.041672255071081174e-03 8.301484330020278066e-03 9.342066235665386076e-03
2.269189234859063831e+01 2.297175187062080928e-03 2.158221005150277871e-03 2.294783383750175626e-03 9.331249926423482860e-03 8.553384492116929486e-03 9.692073046020316732e-03
2.296832816653736842e+01 2.308624583021043775e-03 2.172718211149799166e-03 2.307238279041575087e-03 9.678666615212874400e-03 8.853073350586486423e-03 1.011586688980389837e-02
2.324476398448409498e+01 2.322565653339024334e-03 2.189605169078076043e-03 2.322196254616736445e-03 1.009788502801455684e-02 9.211821344459450792e-03 1.063356403850543135e-02
2.352119980243082509e+01 2.339060711341529094e-03 2.208950535397111517e-03 2.339722134470588553e-03 1.060819442508716300e-02 9.645219534775756678e-03 1.127375724565480783e-02
2.379763562037755165e+01 2.358183353884409864e-03 2.230834067523423600e-03 2.359892109799606626e-03 1.123690615695261200e-02 1.017538575881826550e-02 1.207814470103634602e-02
2.407407143832428176e+01 2.380019253493020990e-03 2.255347451799514895e-03 2.382794544303517333e-03 1.202370178699460612e-02 1.083453380773405014e-02 1.310893689901135827e-02
2.435050725627101187e+01 2.404667091615627500e-03 2.282595272705665885e-03 2.408530920956220879e-03 1.302761043622431038e-02 1.167070774524178560e-02 1.446023808580304201e-02
2.462694307421773843e+01 2.432239651935932424e-03 2.312696142660900390e-03 2.437216949175454242e-03 1.433781717057839612e-02 1.275664946350250559e-02 1.627404223940849548e-02
2.490337889216446854e+01 2.462865096539252566e-03 2.345784015629877230e-03 2.468983855133048255e-03 1.608910450729659006e-02 1.420238609544602348e-02 1.875906379599225418e-02
2.517981471011119510e+01 2.496688452351874653e-03 2.382009712401364065e-03 2.503979882521665049e-03 1.848064903570877104e-02 1.617031440965048181e-02 2.220500450303346598e-02
2.545625052805792521e+01 2.533873340864680954e-03 2.421542691025424000e-03 2.542372036616195961e-03 2.179177138249173071e-02 1.888723520657812488e-02 2.697594497223264332e-02
2.573268634600465532e+01 2.574603990952647591e-03 2.464573102732397960e-03 2.584348111174143009e-03 2.637966207807120392e-02 2.264076046801331843e-02 3.345812978502066964e-02
2.600912216395138188e+01 2.619087582920091514e-03 2.511314182015462766e-03 2.630119045908891479e-03 3.263515345648669574e-02 2.774056962971151175e-02 4.193904192474469383e-02
2.628555798189811199e+01 2.667556982133195264e-03 2.562005029834724980e-03 2.679921672326077229e-03 4.087204612130108244e-02 3.442552856333985778e-02 5.241843795347584517e-02
2.656199379984484210e+01 2.720273933256826468e-03 2.616913861602767222e-03 2.734021918129402907e-03 5.114557901978956239e-02 4.271546889996601093e-02 6.440111382394386741e-02
2.683842961779156866e+01 2.777532801854217231e-03 2.676341807398298876e-03 2.792718555816519569e-03 6.304174559552938595e-02 5.224473768547765323e-02 7.677547226871118957e-02
2.711486543573829877e+01 2.839664969800324672e-03 2.740627371585570293e-03 2.856347600329837456e-03 7.553509778854632095e-02 6.215861131169886367e-02 8.789738893798654251e-02
2.739130125368502533e+01 2.907044015740020085e-03 2.810151683820834474e-03 2.925287484791698912e-03 8.703682520274669265e-02 7.116878756077456292e-02 9.593509708808177494e-02
2.766773707163175544e+01 2.980091843195561366e-03 2.885344704795244058e-03 2.999965173878431455e-03 9.570366584611827987e-02 7.781709714574160108e-02 9.939591567625226387e-02
2.794417288957848555e+01 3.059285958901779724e-03 2.966692589982332460e-03 3.080863413187925805e-03 9.995029961091152215e-02 8.089088423851144294e-02 9.762504649143344260e-02
2.822060870752521211e+01 3.145168155219723195e-03 3.054746465792841040e-03 3.168529362596140403e-03 9.896994693903767015e-02 7.982690374861374505e-02 9.103995244813042897e-02
2.849704452547194222e+01 3.238354916705078745e-03 3.150132938494179004e-03 3.263584925543611300e-03 9.302091789710013880e-02 7.491321134978548568e-02 8.098126280843766234e-02
2.877348034341866878e+01 3.339549957080867933e-03 3.253566741942259637e-03 3.366739169161568103e-03 8.333462559399325287e-02 6.718661700301288564e-02 6.925648679073609371e-02
2.904991616136539889e+01 3.449559405871806261e-03 3.365866042365408400e-03 3.478803338620639271e-03 7.169219275972725514e-02 5.807829989001943305e-02 5.759791579485751267e-02
2.932635197931212900e+01 3.569310313389182678e-03 3.487971066532855047e-03 3.600709112053296877e-03 5.987732562185574953e-02 4.898051555053859613e-02 4.726298900419556581e-02
2.960278779725885556e+01 3.699873342100308375e-03 3.620966916828062890e-03 3.733530932458529322e-03 4.924255915192395777e-02 4.091911937671256771e-02 3.889083138891518548e-02
2.987922361520558567e+01 3.842490780862677091e-03 3.766111701749471838e-03 3.878513507977310055e-03 4.052474761766262923e-02 3.442871271836647068e-02 3.258599255358547025e-02
3.015565943315231223e+01 3.998611383667544789e-03 3.924871470052322502e-03 4.037105917374510591e-03 3.390037625979114289e-02 2.961244510257214288e-02 2.811686385637023056e-02
3.043209525109904234e+01 4.169934036680020273e-03 4.098963930189341957e-03 4.211004230520513231e-03 2.917516709573160158e-02 2.629837681922124817e-02 2.511582885422674466e-02
3.070853106904577245e+01 4.358462955986606296e-03 4.290413621464731105e-03 4.402205208572816317e-03 2.599036049338077428e-02 2.420094990491371972e-02 2.321794745301151638e-02
3.098496688699249901e+01 4.566578102838382731e-03 4.501622165450169452e-03 4.613074566582307974e-03 2.397333187174375407e-02 2.303480121240680453e-02 2.212813868497667466e-02
3.126140270493922912e+01 4.797125909444657776e-03 4.735458596487085968e-03 4.846434585326317088e-03 2.281536996284247443e-02 2.257122865633808678e-02 2.163688271852418771e-02
3.153783852288595568e+01 5.053537447885002830e-03 4.995376750709085330e-03 5.105677738729057398e-03 2.229377214045500863e-02 2.265275658341487849e-02 2.161029238865168345e-02
3.181427434083268579e+01 5.339984182171074976e-03 5.285569602715306861e-03 5.394915755738198711e-03 2.226443663547475471e-02 2.318671437707755037e-02 2.197336170178629602e-02
3.209071015877941591e+01 5.661585960771487770e-03 5.611174791252672781e-03 5.719177638040644392e-03 2.264526882080830639e-02 2.413344407636538319e-02 2.269603396292857803e-02
3.236714597672614246e+01 6.024692833354717593e-03 5.978552217328326167e-03 6.084676390831510184e-03 2.340136884172151072e-02 2.549750616374031609e-02 2.378555483190676612e-02
3.264358179467286902e+01 6.437273146713779447e-03 6.395664967337713093e-03 6.499173913976918036e-03 2.453616216224825675e-02 2.732542433192849604e-02 2.528596875864458013e-02
3.292001761261960269e+01 6.909457900783757406e-03 6.872611426950674292e-03 6.972488942604288670e-03 2.608950359143551515e-02 2.971174113670417213e-02 2.728526769419381201e-02
3.319645343056632925e+01 7.454320500918677588e-03 7.422383885737840123e-03 7.517218261735880355e-03 2.814322044412652032e-02 3.281540438766610696e-02 2.993088522832889481e-02
3.347288924851305580e+01 8.089021415814226859e-03 8.061975906694576061e-03 8.149784454044930321e-03 3.083499516014191061e-02 3.688906038048912067e-02 3.345288669747926297e-02
3.374932506645978947e+01 8.836538528171899998e-03 8.814044875466001822e-03 8.891999722238913897e-03 3.438118141176388365e-02 4.232195860160622297e-02 3.818866630177989580e-02
3.402576088440651603e+01 9.728380022394338134e-03 9.709495972423464946e-03 9.773478176255822811e-03 3.910574321319823521e-02 4.968846950207553292e-02 4.459115158937304590e-02
3.430219670235324259e+01 1.080904517278894958e-02 1.079168191959830291e-02 1.083551664180977189e-02 4.546338073506601268e-02 5.977426843473434420e-02 5.318733307528861198e-02
3.457863252029997625e+01 1.214384689295377670e-02 1.212365312633831294e-02 1.213769876057490225e-02 5.403024944426387116e-02 7.352379664421286598e-02 6.444927741081041273e-02
3.485506833824670281e+01 1.383382863931866338e-02 1.380171796642312189e-02 1.377001465382837395e-02 6.542460670385806532e-02 9.183714407291880544e-02 7.856958664885789478e-02
3.513150415619342937e+01 1.604693846230366081e-02 1.598326816389844182e-02 1.587723247015102382e-02 8.013373581914765009e-02 1.151846113366412488e-01 9.521182056392984983e-02
3.540793997414016303e+01 1.908774072220243215e-02 1.894845540917056148e-02 1.871220470400030214e-02 9.828477206857341719e-02 1.431369221988266494e-01 1.134039836743026691e-01
3.568437579208688959e+01 2.355476116500678993e-02 2.324036827799649818e-02 2.275715404267970171e-02 1.194953614623890659e-01 1.740904034607764772e-01 1.317742173605163658e-01
3.596081161003361615e+01 3.067287458288080887e-02 2.996850346556480943e-02 2.899100413686064512e-02 1.430022882211734458e-01 2.055510462256587012e-01 1.492056037178150496e-01
3.623724742798034981e+01 4.289778691743950656e-02 4.138568329668126933e-02 3.941586082940658903e-02 1.681810521592765062e-01 2.351485892196355232e-01 1.657239278026158835e-01
3.651368324592706927e+01 6.475386174340987122e-02 6.175372545008205732e-02 5.789612955602362054e-02 1.952909262933082424e-01 2.620623930170515314e-01 1.831776923611988239e-01
3.679011906387380293e+01 1.034286399433411163e-01 9.812488346611127066e-02 9.103437123696868361e-02 2.259372938656679652e-01 2.880289167680657458e-01 2.052068275845167211e-01
3.706655488182052949e+01 1.679624357457672468e-01 1.599539082310542926e-01 1.481158214274820584e-01 2.626236679625488790e-01 3.170018600594359803e-01 2.361920953192339079e-01
3.734299069976726315e+01 2.656017975336480430e-01 2.559610298785260363e-01 2.385160329247942301e-01 3.071239766092765389e-01 3.531034676431029640e-01 2.792650394157624172e-01
3.761942651771398971e+01 3.952006485389352175e-01 3.876042858841388661e-01 3.655637563033249382e-01 3.582074070662693566e-01 3.975526967361533992e-01 3.339502144677998774e-01
3.789586233566071627e+01 5.407693960700226121e-01 5.416291358597120631e-01 5.187093529909200251e-01 4.100479470047335151e-01 4.461993113938057531e-01 3.944993729401720106e-01
3.817229815360744993e+01 6.710748398656227742e-01 6.876536202198275660e-01 6.696883650524838583e-01 4.527632723776832124e-01 4.894365492097991766e-01 4.501618655197311969e-01
3.844873397155417649e+01 7.494697523179517651e-01 7.862775285754743937e-01 7.789054143292619692e-01 4.755312371398461302e-01 5.152193777978356648e-01 4.880536257405561074e-01
3.872516978950090305e+01 7.507758460208716622e-01 8.063388199767974607e-01 8.121348735585068868e-01 4.710324482423532966e-01 5.140467239877477557e-01 4.978497528222719515e-01
3.900160560744762961e+01 6.747011081480579486e-01 7.412186496825250437e-01 7.582666881013371274e-01 4.387902208754155264e-01 4.832773405714012038e-01 4.760586040331725721e-01
3.927804142539436327e+01 5.460053577118958446e-01 6.125228640879450959e-01 6.355173295649515497e-01 3.854312028226394293e-01 4.283105570237655257e-01 4.274594390643855490e-01
3.955447724334108983e+01 4.012883908022910062e-01 4.583416449832398709e-01 4.813594742223857859e-01 3.218027657704168321e-01 3.600782323045810807e-01 3.628819027942116748e-01
3.983091306128781639e+01 2.720549069891509131e-01 3.148209364240110997e-01 3.337899015538747793e-01 2.587809978030201075e-01 2.905485182073008765e-01 2.947522930523481799e-01
4.010734887923455005e+01 1.746669623567785878e-01 2.031880208114434094e-01 2.167156983117944913e-01 2.040507488618782395e-01 2.288201381521676181e-01 2.329531674105842776e-01
4.038378469718127661e+01 1.105501247787231828e-01 1.278366261681518901e-01 1.365322038161873031e-01 1.610503021782767330e-01 1.794543284463845090e-01 1.828279510347426140e-01
4.066022051512800317e+01 7.258159300138350423e-02 8.236614487554010100e-02 8.764853497108068825e-02 1.297769044437942776e-01 1.430148242395710978e-01 1.454995563393928493e-01
4.093665633307473684e+01 5.173324553570004397e-02 5.707360634879377753e-02 6.029325824760482094e-02 1.083587010288629693e-01 1.177039276128678119e-01 1.194579460203105542e-01
4.121309215102146339e+01 4.079077540304243410e-02 4.367758464199134744e-02 4.577541877787435348e-02 9.443325376403616245e-02 1.009539963708843135e-01 1.022202573111796048e-01
4.148952796896818995e+01 3.521318541200637448e-02 3.675668025660060872e-02 3.828003971097916625e-02 8.593757698408545365e-02 9.041396518557814899e-02 9.141503406598322501e-02
4.176596378691492362e+01 3.255659740917097450e-02 3.331630394310814564e-02 3.455299700934572060e-02 8.137493710151245951e-02 8.432778216901858082e-02 8.523324718985109127e-02
4.204239960486165018e+01 3.163837901162178112e-02 3.188105460394220769e-02 3.297907648346654758e-02 7.979098752141618178e-02 8.154625542598929744e-02 8.247648649509431440e-02
4.231883542280837673e+01 3.193215532915184840e-02 3.178075451342424196e-02 3.282121667973925822e-02 8.065564116114785909e-02 8.140364703595041884e-02 8.244472415286833999e-02
4.259527124075510329e+01 3.323945633424854607e-02 3.274487599541074656e-02 3.377884095545824472e-02 8.375408805219472508e-02 8.359042904794329598e-02 8.480870862548439693e-02
4.287170705870183696e+01 3.554393190022488158e-02 3.471518285669421278e-02 3.578090937366083801e-02 8.912181815293480913e-02 8.807042608962346864e-02 8.952367319652550226e-02
4.314814287664856352e+01 3.896412185060827565e-02 3.777826577185389167e-02 3.890957769900527802e-02 9.702877064669813978e-02 9.505067788116806915e-02 9.679614163244314173e-02
4.342457869459529007e+01 4.376368429881024452e-02 4.216446728778987935e-02 4.339539919176282207e-02 1.080140594492032119e-01 1.050041716843589240e-01 1.071047229955426894e-01
4.370101451254202374e+01 5.041680057914134372e-02 4.830273872884333769e-02 4.967027331996393819e-02 1.229825058025671020e-01 1.187539440774303678e-01 1.212831089826511000e-01
4.397745033048875030e+01 5.977176605293248179e-02 5.696636723140993674e-02 5.851054893210042018e-02 1.433917983554054976e-01 1.376442664239454772e-01 1.406904173946834369e-01
4.425388614843547685e+01 7.344732626117114749e-02 6.962923688682880197e-02 7.138630330929961187e-02 1.715803099851395119e-01 1.638463567351678696e-01 1.675158916772731821e-01
4.453032196638221052e+01 9.479818426148729771e-02 8.933899249787324859e-02 9.131883007483522496e-02 2.112920267546856412e-01 2.008563344279886420e-01 2.052763980161297630e-01
4.480675778432893708e+01 1.311087827447280640e-01 1.227249898747072715e-01 1.248711623872611476e-01 2.683861975808790601e-01 2.541869559473015627e-01 2.595125067954399678e-01
4.508319360227566364e+01 1.977572654753998738e-01 1.838910018346159025e-01 1.860761118490893984e-01 3.514540907204671272e-01 3.320156128336080870e-01 3.384555972929129131e-01
4.535962942022239019e+01 3.237147453610842440e-01 2.997767808094657926e-01 3.020218100728521149e-01 4.715020632592859529e-01 4.450163960810056829e-01 4.529040038522392231e-01
4.563606523816912386e+01 5.533438275137887441e-01 5.125238917649357351e-01 5.157416843736418732e-01 6.392155908782714002e-01 6.039428757389800895e-01 6.138618617353049922e-01
4.591250105611585042e+01 9.336657039753931686e-01 8.686052137045746635e-01 8.758744938196530994e-01 8.585013379546635459e-01 8.135816358530019166e-01 8.264926805474680505e-01
4.618893687406257698e+01 1.478388935487398914e+00 1.385485213999583243e+00 1.402870760914109782e+00 1.117291033788512689e+00 1.063758435044847461e+00 1.080962324947886799e+00
4.646537269200931064e+01 2.121059656514222347e+00 2.005660788668492511e+00 2.040711736749960981e+00 1.380823791840400716e+00 1.322209687856406912e+00 1.344959152744245268e+00
4.674180850995603720e+01 2.699796862337064951e+00 2.577770375042694351e+00 2.634970407135317494e+00 1.595252767691106133e+00 1.537080079061414750e+00 1.565857676539442522e+00
4.701824432790276376e+01 3.014651916686122757e+00 2.906854541371119094e+00 2.982753071959020286e+00 1.705335328377838300e+00 1.653393386016742461e+00 1.687242672586810155e+00
4.729468014584949742e+01 2.939851458367548798e+00 2.861994907400669419e+00 2.944800863515917300e+00 1.679170785534214394e+00 1.637422305300404446e+00 1.673882693359165730e+00
4.757111596379622398e+01 2.506183872851895700e+00 2.461691842940702646e+00 2.536898797161797781e+00 1.524416138381455177e+00 1.493818756784895729e+00 1.529667566726309325e+00
4.784755178174295054e+01 1.880188928618725885e+00 1.861323741354145023e+00 1.919077999086755915e+00 1.284284181864314700e+00 1.263168021091793269e+00 1.295553601273948807e+00
4.812398759968968420e+01 1.259247332920944151e+00 1.254225478822444950e+00 1.292633237584680073e+00 1.016289160127847868e+00 1.001787644085669005e+00 1.029054079985376013e+00
4.840042341763641076e+01 7.723739174158862353e-01 7.719588547860971595e-01 7.949856001014538043e-01 7.685574764315550311e-01 7.580174488264609378e-01 7.798359775091645574e-01
4.867685923558313732e+01 4.518050893466540874e-01 4.514992130121968650e-01 4.647594846512523858e-01 5.671694056642312409e-01 5.588337567403038886e-01 5.757927551043257042e-01
4.895329505352986388e+01 2.660073413139413256e-01 2.647547004958966110e-01 2.726747526087737739e-01 4.172052097153683414e-01 4.101825025341656605e-01 4.232438575511420220e-01
4.922973087147659754e+01 1.660267188102786673e-01 1.641582787012514921e-01 1.693291012315802091e-01 3.112498309691872356e-01 3.051748168494425317e-01 3.152893941300857206e-01
4.950616668942332410e+01 1.127444906330674623e-01 1.107409583697691879e-01 1.144354111621633113e-01 2.379411708552127414e-01 2.326669004075143099e-01 2.406084975201852050e-01
4.978260250737005066e+01 8.278736130244117308e-02 8.091530989267842200e-02 8.372640675722774206e-02 1.869894878278027806e-01 1.824241195478666089e-01 1.887673141492984263e-01
5.005903832531678432e+01 6.437171350419995663e-02 6.271576103325976481e-02 6.494110348602688543e-02 1.508239141153543961e-01 1.468784799847595857e-01 1.520341475458478198e-01
5.033547414326351088e+01 5.201848906981777765e-02 5.057782039254189732e-02 5.238822607848233476e-02 1.244189813206113410e-01 1.210037590704707011e-01 1.252633394662799049e-01
5.061190996121023744e+01 4.316692380420718289e-02 4.191428928918411456e-02 4.341862403947571031e-02 1.045791494650072373e-01 1.016106538070732368e-01 1.051822467487766727e-01
5.088834577915697110e+01 3.652856359665470481e-02 3.543381229485325495e-02 3.670564844306281604e-02 8.928079842024971846e-02 8.668640755786710672e-02 8.972059916301604321e-02
5.116478159710369766e+01 3.138684834005148888e-02 3.042363945540902878e-02 3.151453089925536355e-02 7.721856872296414820e-02 7.493753103234149227e-02 7.754506200182005593e-02
5.144121741505042422e+01 2.730648461091351661e-02 2.645322024378568559e-02 2.740035196713015708e-02 6.752633403663042821e-02 6.550875513354290081e-02 6.777245821794025682e-02
5.171765323299715078e+01 2.400529614978865953e-02 2.324453912994111845e-02 2.407542391625053582e-02 5.961196705846333321e-02 5.781711901790255459e-02 5.979999420693543621e-02
5.199408905094388444e+01 2.129164384095861423e-02 2.060931282818349169e-02 2.134476754840600177e-02 5.305922919924357245e-02 5.145384826454805355e-02 5.320457161290350484e-02
5.227052486889061100e+01 1.903073857533767177e-02 1.841539842229312704e-02 1.907148272561643224e-02 4.756820557147533463e-02 4.612501735443361867e-02 4.768174766231177142e-02
5.254696068683733756e+01 1.712510383951883208e-02 1.656739962447478093e-02 1.715671402866546930e-02 4.291807527978383496e-02 4.161459249190834625e-02 4.300764211187863006e-02
5.282339650478407123e+01 1.550260932463290442e-02 1.499482795654974616e-02 1.552740589695627942e-02 3.894314707529356739e-02 3.776071435571395213e-02 3.901445332578568070e-02
5.309983232273079778e+01 1.410883092313471900e-02 1.364456382214048087e-02 1.412849920553964182e-02 3.551700733514239622e-02 3.444004970455934178e-02 3.557428494133045571e-02
5.337626814067752434e+01 1.290200796005875304e-02 1.247589100752048707e-02 1.291778897628601160e-02 3.254177403091383647e-02 3.155720659484519824e-02 3.258819605846734885e-02
5.365270395862425801e+01 1.184962135707678769e-02 1.145713329899718073e-02 1.186244004082615162e-02 2.994065105799220347e-02 2.903741427980919762e-02 2.997862334025493819e-02
5.392913977657098457e+01 1.092601625525154579e-02 1.056332130824716095e-02 1.093656936867934241e-02 2.765266766589418584e-02 2.682135986430921396e-02 2.768403285244368586e-02
5.420557559451771112e+01 1.011071609825584319e-02 9.774540121360192693e-03 1.011953357639439055e-02 2.562889615132979068e-02 2.486148126940842043e-02 2.565507864439177388e-02
5.448201141246444479e+01 9.387205311400557278e-03 9.074737627267844692e-03 9.394693729160168844e-03 2.382968922624503078e-02 2.311926304874125510e-02 2.385179954693004631e-02
5.475844723041117135e+01 8.742036123624478614e-03 8.450851082050330615e-03 8.748509922372266906e-03 2.222263317303233704e-02 2.156323513868008135e-02 2.224154405477397900e-02
5.503488304835789791e+01 8.164163727071698309e-03 7.892157579730031680e-03 8.169867927665247498e-03 2.078101151592633838e-02 2.016747229364302188e-02 2.079741401930854106e-02
5.531131886630462446e+01 7.644444927980314358e-03 7.389784668431224370e-03 7.649571838268866622e-03 1.948263811537572290e-02 1.891045539946323642e-02 1.949708344514506503e-02
5.558775468425135813e+01 7.175255592374051895e-03 6.936337216541452189e-03 7.179957224054582011e-03 1.830896115161522938e-02 1.777419785838268290e-02 1.832189212193541597e-02
5.586419050219808469e+01 6.750195569965531869e-03 6.525609807229438598e-03 6.754592954431454244e-03 1.724436817685875631e-02 1.674356853274652779e-02 1.725614310163086501e-02
5.614062632014481125e+01 6.363858825887337700e-03 6.152362835738612624e-03 6.368049065277664109e-03 1.627564209539276996e-02 1.580576210028828560e-02 1.628655308122011966e-02
5.641706213809154491e+01 6.011652726793837928e-03 5.812146590924328372e-03 6.015714375164502893e-03 1.539153161666322392e-02 1.494988112466171838e-02 1.540181868256811255e-02
5.669349795603827147e+01 5.689654764534484051e-03 5.501161858254397310e-03 5.693651967152719116e-03 1.458240937236239543e-02 1.416660361442702125e-02 1.459227143245796394e-02
5.696993377398499803e+01 5.394498067259520177e-03 5.216148588177843548e-03 5.398483769137455909e-03 1.383999777205533604e-02 1.344791659438557448e-02 1.384960124247358940e-02
5.724636959193173169e+01 5.123279243848283260e-03 4.954296325027525254e-03 5.127297695867259926e-03 1.315714764114534960e-02 1.278690108187962270e-02 1.316663323568575440e-02
5.752280540987845825e+01 4.873483698517619249e-03 4.713171648937366891e-03 4.877572430287076960e-03 1.252765831109893188e-02 1.217755741031069372e-02 1.253714644777316305e-02
5.779924122782518481e+01 4.642924717593416642e-03 4.490659022909389807e-03 4.647116103433748292e-03 1.194613050458825064e-02 1.161466245637146968e-02 1.195572564147042924e-02
5.807567704577191137e+01 4.429693492316016251e-03 4.284912279644037189e-03 4.434016005616254683e-03 1.140784534685646695e-02 1.109365227114333767e-02 1.141763948936320820e-02
5.835211286371864503e+01 4.232117885138888050e-03 4.094314611448661607e-03 4.236597113487177053e-03 1.090866432739643309e-02 1.061052507320805680e-02 1.091873989262793533e-02
5.862854868166537159e+01 4.048728231811571376e-03 3.917445399880425949e-03 4.053387708411083576e-03 1.044494616596284946e-02 1.016176066480371613e-02 1.045537834763210494e-02
5.890498449961209815e+01 3.878228839810114303e-03 3.753052581129539232e-03 3.883090734147407429e-03 1.001347739895793072e-02 9.744253172935245580e-03 1.002433614488329461e-02
5.918142031755883181e+01 3.719474125607533880e-03 3.600029518110511341e-03 3.724559826980283848e-03 9.611414164773457447e-03 9.355254663287683806e-03 9.622765855171246455e-03
5.945785613550555837e+01 3.571448550708754711e-03 3.457395562190131080e-03 3.576779171221513513e-03 9.236233179511350172e-03 8.992327674522933648e-03 9.248142076422556646e-03
5.973429195345228493e+01 3.433249685248876068e-03 3.324279652038342886e-03 3.438846503656964402e-03 8.885690294153260685e-03 8.653305109796772393e-03 8.898219818843460666e-03
6.001072777139901859e+01 3.304073860000662950e-03 3.199906425713139844e-03 3.309958723896398117e-03 8.557785337713319160e-03 8.336256227524036291e-03 8.570999222755728078e-03
6.028716358934574515e+01 3.183203971560399307e-03 3.083584423290149784e-03 3.189399672543763182e-03 8.250732198318165914e-03 8.039457714217830564e-03 8.264695553548721471e-03
6.056359940729247171e+01 3.069999087790306613e-03 2.974696037481597451e-03 3.076529722225308360e-03 7.962933290632171271e-03 7.761369013404299973e-03 7.977713616701425162e-03
6.084003522523920537e+01 2.963885566195269359e-03 2.872688933547809780e-03 2.970776892765329170e-03 7.692957715021380913e-03 7.500611237334383827e-03 7.708625894466554843e-03
6.111647104318593193e+01 2.864349450525415560e-03 2.777068711023074777e-03 2.871629254955538561e-03 7.439522540042185945e-03 7.255949110984333955e-03 7.456153833382441268e-03
6.139290686113265849e+01 2.770929953372541169e-03 2.687392621136867454e-03 2.778628430310544576e-03 7.201476741936041308e-03 7.026275497184636572e-03 7.219151815072455750e-03
6.166934267907938505e+01 2.683213867062742616e-03 2.603264187454854689e-03 2.691364029164687501e-03 6.977787417984711131e-03 6.810598132690246116e-03 6.996593427050273352e-03
6.194577849702611871e+01 2.600830773446709179e-03 2.524328604857897871e-03 2.609468898177323953e-03 6.767527958859857577e-03 6.608028271538141096e-03 6.787559719569792940e-03
6.222221431497284527e+01 2.523448946591899233e-03 2.450268814830990245e-03 2.532615072138677190e-03 6.569867921661654182e-03 6.417770987232674675e-03 6.591229192173209302e-03
6.249865013291957183e+01 2.450771861950875284e-03 2.380802174188420637e-03 2.460510344993904492e-03 6.384064392705984976e-03 6.239116931624159174e-03 6.406869302084029598e-03
6.277508595086630550e+01 2.382535242174216739e-03 2.315677650657923733e-03 2.392895392112578869e-03 6.209454669330693836e-03 6.071435387803878446e-03 6.233829328065760081e-03
6.305152176881303205e+01 2.318504584058935208e-03 2.254673492879338478e-03 2.329541390758740112e-03 6.045450124724043549e-03 5.914168488582641388e-03 6.071534459572888384e-03
6.332795758675975861e+01 2.258473123769558395e-03 2.197595334933264387e-03 2.270248099094923123e-03 5.891531150456051462e-03 5.766826502558191313e-03 5.919481013465495087e-03
6.360439340470649228e+01 2.202260208960266780e-03 2.144274707024293545e-03 2.214842366449792238e-03 5.747243099257152814e-03 5.628984117654617890e-03 5.777232710594937259e-03
6.388082922265321884e+01 2.149710057241681436e-03 2.094567934886989308e-03 2.163177059531484845e-03 5.612193176781525746e-03 5.500277678488223534e-03 5.644417973475011202e-03
6.415726504059995250e+01 2.100690891041718383e-03 2.048355421340295954e-03 2.115130401323179338e-03 5.486048256721358894e-03 5.380403360117190156e-03 5.520728235323418658e-03
6.443370085854667195e+01 2.055094449790244478e-03 2.005541314691751398e-03 2.070605732142419275e-03 5.368533619848956870e-03 5.269116287857689845e-03 5.405917281378026448e-03
6.471013667649340562e+01 2.012835892047758722e-03 1.966053580952655498e-03 2.029531716460186101e-03 5.259432645613944766e-03 5.166230642225952061e-03 5.299801677149656477e-03
6.498657249444013928e+01 1.973854113327959577e-03 1.929844510741068149e-03 1.991863035383124782e-03 5.158587516284024281e-03 5.071620821262064205e-03 5.202262377082820730e-03
6.526300831238685873e+01 1.938112520706721962e-03 1.896891708154960828e-03 1.957581624246878919e-03 5.065901030084405711e-03 4.985223771441775475e-03 5.113247653366980762e-03
6.553944413033359240e+01 1.905600323857365320e-03 1.867199628867786780e-03 1.926698538917966151e-03 4.981339663651006971e-03 4.907042645563414705e-03 5.032777541510356084e-03
6.581587994828032606e+01 1.876334425209863098e-03 1.840801759654522862e-03 1.899256564992380780e-03 4.904938078355041385e-03 4.837152004664017381e-03 4.960950070935951119e-03
6.609231576622704551e+01 1.850362021260740708e-03 1.817763563419595284e-03 1.875333723626991522e-03 4.836805333688980538e-03 4.775704855544234823e-03 4.897949640974055482e-03
6.636875158417377918e+01 1.827764065077428423e-03 1.798186355211418234e-03 1.855047879747274454e-03 4.777133159386002040e-03 4.722941911838767284e-03 4.844058023067256483e-03
6.664518740212051284e+01 1.808659790113435620e-03 1.782212329358266603e-03 1.838562727788119666e-03 4.726206753831637027e-03 4.679203593032649731e-03 4.799668629787436601e-03
6.692162322006723230e+01 1.793212562336827468e-03 1.770031030960147458e-03 1.826095524023640471e-03 4.684418730210502396e-03 4.644945444009394506e-03 4.765304906026596350e-03
6.719805903801396596e+01 1.781637418183809607e-03 1.761887663987467831e-03 1.817927063194820034e-03 4.652287038747402598e-03 4.620757884124297721e-03 4.741643989933343011e-03
6.747449485596069962e+01 1.774210769854363658e-03 1.758093763999563335e-03 1.814414575641275836e-03 4.630477974953465213e-03 4.607391503150180118e-03 4.729547193519244644e-03
6.775093067390741908e+01 1.771282931470103414e-03 1.759040951920979885e-03 1.816008471973752430e-03 4.619835771393755383e-03 4.605789546271288511e-03 4.730099413539362238e-03
6.802736649185413853e+01 1.773294361214224459e-03 1.765218750114899487e-03 1.823274219493235815e-03 4.621420810432507777e-03 4.617129822497707294e-03 4.744660374220078039e-03
6.830380230980088641e+01 1.780796858405888977e-03 1.777237819020828676e-03 1.836921150302491847e-03 4.636559256764222030e-03 4.642879106451191541e-03 4.774931733672269259e-03
6.858023812774760586e+01 1.794481450614394003e-03 1.795860516921150016e-03 1.857840756949177743e-03 4.666907995866044663e-03 4.684864297580191780e-03 4.823045722987914091e-03
6.885667394569432531e+01 1.815215432557708633e-03 1.822041482909106521e-03 1.887158157250171109e-03 4.714540338462100931e-03 4.745366330544408678e-03 4.891683392929315789e-03
6.913310976364105898e+01 1.844092099863862489e-03 1.856982130482128434e-03 1.926302116189089562e-03 4.782060262473124268e-03 4.827245372398426305e-03 4.984234133966725447e-03
6.940954558158779264e+01 1.882498358094672431e-03 1.902204737930271580e-03 1.977101648426799006e-03 4.872756411010539628e-03 4.934109636004929168e-03 5.105013584980141843e-03
6.968598139953452630e+01 1.932207914042363521e-03 1.959654598901178560e-03 2.041921382412229848e-03 4.990812291955120522e-03 5.070545896775205397e-03 5.259565466863073274e-03
6.996241721748124576e+01 1.995511737294641298e-03 2.031843074954825523e-03 2.123854578682423267e-03 5.141597194300768538e-03 5.242438697306159301e-03 5.455086146622950376e-03
7.023885303542797942e+01 2.075403898822863764e-03 2.122051456149370244e-03 2.227003813098042424e-03 5.332075039798153844e-03 5.457419246216566044e-03 5.701032095784468005e-03
7.051528885337471309e+01 2.175851511740357902e-03 2.234627230484785218e-03 2.356898295042982733e-03 5.571388814038062687e-03 5.725507590810051395e-03 6.010005588113242689e-03
7.079172467132143254e+01 2.302195578519228118e-03 2.375424291462132319e-03 2.521130199691481565e-03 5.871711828038062540e-03 6.060048836886305218e-03 6.399073404765734732e-03
7.106816048926816620e+01 2.461761351706373904e-03 2.552473702246570771e-03 2.730353519418606684e-03 6.249513756819200135e-03 6.479107040086488391e-03 6.891776446561057728e-03
7.134459630721489987e+01 2.664814887011577194e-03 2.777035778633207136e-03 2.999905758468197296e-03 6.727487673571883910e-03 7.007589550441713742e-03 7.521272420567419285e-03
7.162103212516161932e+01 2.926113196682725813e-03 3.065306718674097076e-03 3.352547818855299098e-03 7.337559652164963968e-03 7.680569833185580363e-03 8.335393135347026958e-03
7.189746794310835298e+01 3.267517588075960055e-03 3.441299116926040125e-03 3.823320433403875566e-03 8.125725046836375365e-03 8.548636956613397953e-03 9.405041773616370018e-03
7.217390376105508665e+01 3.722613769530832770e-03 3.941941769843165799e-03 4.468677884497796945e-03 9.160066790885780172e-03 9.686785008356979879e-03 1.083860653507791490e-02
7.245033957900180610e+01 4.345373363507168407e-03 4.626658093739709210e-03 5.385025968165675116e-03 1.054449813505538812e-02 1.120969258112921793e-02 1.280750782075329441e-02
7.272677539694853976e+01 5.227661776607719739e-03 5.596775159186323859e-03 6.750447187498936213e-03 1.244309098479994512e-02 1.329887086189562341e-02 1.559248583684436432e-02
7.300321121489525922e+01 6.538428850121172885e-03 7.039125866859214861e-03 8.933294565985239188e-03 1.512414333559836642e-02 1.625207087501952946e-02 1.966633854919178082e-02
7.327964703284199288e+01 8.624959959002830023e-03 9.339313529161305180e-03 1.282613307828892046e-02 1.903915178975148018e-02 2.057234956561335149e-02 2.582481015190950593e-02
7.355608285078872655e+01 1.232213316143994375e-02 1.342995594545490570e-02 2.092036926964848179e-02 2.494915806813665163e-02 2.711155904961679020e-02 3.530575879111457621e-02
7.383251866873544600e+01 1.994956118653770302e-02 2.191683433226911809e-02 3.984865011411736768e-02 3.404668524862252549e-02 3.721011654611090791e-02 4.956682380813378502e-02
7.410895448668217966e+01 3.772629763157052396e-02 4.178582980752694465e-02 8.145707938723635577e-02 4.776980936572192832e-02 5.248644718841012635e-02 6.899641122980845753e-02
7.438539030462891333e+01 7.708458723822185499e-02 8.574346610277816527e-02 1.497056667152488474e-01 6.661119959545498681e-02 7.347952183992911834e-02 9.041181142289218819e-02
7.466182612257563278e+01 1.429152618642657024e-01 1.587402338825339709e-01 2.140063930280759474e-01 8.769908275679808018e-02 9.690616709679018836e-02 1.060072232243011031e-01
7.493826194052236644e+01 2.074825426934727990e-01 2.291514508914647419e-01 2.220333482286693805e-01 1.035783250779697823e-01 1.143407473732479113e-01 1.077414171986832425e-01
7.521469775846910011e+01 2.193908399167379952e-01 2.403531950585034715e-01 1.661180310596971355e-01 1.061824685651047290e-01 1.168168798323835356e-01 9.459319956810283148e-02
7.549113357641581956e+01 1.673402257080138511e-01 1.816814519161004116e-01 9.457849486796005012e-02 9.399524258241725994e-02 1.028803126526121464e-01 7.359824148158279622e-02
7.576756939436255323e+01 9.672926414690256880e-02 1.041397606118804331e-01 4.656346702955803385e-02 7.358392786014207598e-02 8.006925829870796540e-02 5.320720793254559572e-02
7.604400521230928689e+01 4.786713176037693529e-02 5.124166448523023720e-02 2.369712122862249054e-02 5.335357886816712025e-02 5.773440532764318595e-02 3.767958595372040975e-02
7.632044103025600634e+01 2.420174928503101772e-02 2.586213911812279206e-02 1.395716913057815783e-02 3.777814900571237894e-02 4.069357137230909111e-02 2.718493858263314536e-02
7.659687684820274001e+01 1.410831777006967165e-02 1.507875957242417117e-02 9.415183475796801843e-03 2.720220452811415723e-02 2.919727124514885641e-02 2.033864424987658071e-02
7.687331266614947367e+01 9.447166492126481824e-03 1.009309540807446989e-02 6.932832965265521043e-03 2.030082247263628042e-02 2.172550284472891599e-02 1.581079781815247429e-02
7.714974848409619312e+01 6.925349730798023573e-03 7.388791451369477840e-03 5.399543804453209479e-03 1.574516358274431413e-02 1.680407282548599529e-02 1.271410473396831185e-02
7.742618430204292679e+01 5.378035920470388906e-03 5.726398013601820790e-03 4.373886061038201843e-03 1.263724019921511239e-02 1.345033138268124373e-02 1.051702586120482029e-02
7.770262011998966045e+01 4.347456526071649327e-03 4.617913491199066196e-03 3.649028552076904065e-03 1.043746986062341932e-02 1.107801855477179125e-02 8.905005270585630850e-03
7.797905593793637991e+01 3.621346470066695751e-03 3.836404587379192883e-03 3.115356321992851334e-03 8.826842597582202146e-03 9.341795386626028028e-03 7.687324572892764198e-03
7.825549175588311357e+01 3.087994853822928314e-03 3.262176467634451439e-03 2.709635466011029847e-03 7.612378044064497216e-03 8.033133451684328422e-03 6.744293771148937404e-03
7.853192757382984723e+01 2.683268602816661977e-03 2.826401193546757267e-03 2.393054173552439275e-03 6.673264226015974097e-03 7.021601713472006012e-03 5.998148889564227856e-03
7.880836339177656669e+01 2.367944530758085350e-03 2.486932036769585932e-03 2.140618074672129972e-03 5.931187112818891473e-03 6.222684733362172232e-03 5.396734792269676333e-03
7.908479920972330035e+01 2.116833809014293747e-03 2.216675968379747032e-03 1.935596327102962269e-03 5.333728679119105823e-03 5.579822428147440151e-03 4.904068607471208895e-03
7.936123502767001980e+01 1.913113482692637953e-03 1.997523663072068353e-03 1.766425514144317251e-03 4.844788530289769607e-03 5.054062646694016704e-03 4.494697339303314366e-03
7.963767084561675347e+01 1.745178246824428741e-03 1.816974018190776856e-03 1.624894947417318200e-03 4.438869959819296759e-03 4.617893255869563035e-03 4.150214875800350804e-03
7.991410666356348713e+01 1.604800726869548685e-03 1.666159576430955875e-03 1.505038027544673349e-03 4.097560239803691752e-03 4.251444399753561906e-03 3.857048118080307324e-03
8.019054248151020658e+01 1.486010339211943105e-03 1.538642145734871224e-03 1.402430835674069523e-03 3.807297650954702753e-03 3.940079659971083836e-03 3.605012015794674483e-03
8.046697829945694025e+01 1.384385459158187512e-03 1.429651840785901721e-03 1.313734843766871472e-03 3.557916515658014495e-03 3.672826633852933811e-03 3.386343666174442858e-03
8.074341411740367391e+01 1.296592772218387816e-03 1.335591536402861487e-03 1.236390894781428176e-03 3.341676077693693948e-03 3.441329430981408897e-03 3.195042596813751998e-03
8.101984993535039337e+01 1.220079487570418283e-03 1.253705573657165747e-03 1.168409660076860385e-03 3.152598115391412083e-03 3.239134157657064771e-03 3.026411322855000231e-03
8.129628575329712703e+01 1.152862874635659195e-03 1.181853107071180117e-03 1.108225208511499742e-03 2.986006198952997990e-03 3.061191878856870090e-03 2.876729688120295732e-03
8.157272157124386069e+01 1.093383367379550681e-03 1.118349837599140690e-03 1.054590800539839061e-03 2.838199467485064999e-03 2.903506664616849111e-03 2.743020302029517809e-03
8.184915738919058015e+01 1.040400141085925413e-03 1.061855460107503533e-03 1.006503507546999392e-03 2.706217892523930541e-03 2.762882312736601731e-03 2.622877098730552834e-03
8.212559320713731381e+01 9.929156482077741621e-04 1.011292294488591722e-03 9.631488689727027560e-04 2.587670865182448501e-03 2.636737376518666614e-03 2.514338340265957414e-03
8.240202902508404748e+01 9.501202631234730326e-04 9.657855792229872111e-04 9.238597092950632953e-04 2.480610324704464117e-03 2.522968241951932446e-03 2.415791375576083720e-03
8.267846484303076693e+01 9.113511230054118688e-04 9.246190634724931086e-04 8.880851119432768516e-04 2.383435683408114975e-03 2.419846508818297628e-03 2.325900398451374428e-03
8.295490066097750059e+01 8.760611424944662320e-04 8.872015667593145067e-04 8.553667791687098948e-04 2.294821760670461355e-03 2.325941197900699073e-03 2.243551071717656432e-03
8.323133647892423426e+01 8.437954205447382961e-04 8.530415100480551356e-04 8.253208307878404787e-04 2.213663577535510563e-03 2.240059152220555579e-03 2.167807664191363261e-03
8.350777229687095371e+01 8.141730866211770948e-04 8.217273140764763759e-04 7.976236546801444231e-04 2.139033651018207045e-03 2.161198927916876608e-03 2.097879570934838879e-03
8.378420811481768737e+01 7.868731962028180978e-04 7.929121666935958846e-04 7.720008082272111858e-04 2.070148655715702609e-03 2.088514795360002334e-03 2.033094940778205385e-03
8.406064393276442104e+01 7.616236734291656311e-04 7.663020787256035740e-04 7.482182400641675850e-04 2.006343176217840942e-03 2.021288394231763978e-03 1.972879737649893724e-03
8.433707975071114049e+01 7.381925697926347693e-04 7.416464399260169413e-04 7.260752929060435663e-04 1.947048877636627269e-03 1.958906237635887372e-03 1.916740992723534130e-03
8.461351556865787416e+01 7.163810996476410340e-04 7.187304933380577951e-04 7.053990854017824341e-04 1.891777852619730329e-03 1.900841725298818086e-03 1.864253315290528021e-03
8.488995138660460782e+01 6.960180507399986449e-04 6.973692945460517037e-04 6.860399703968816064e-04 1.840109214320852660e-03 1.846640661563348461e-03 1.815047957132046551e-03
8.516638720455132727e+01 6.769552674984901817e-04 6.774028296191847822e-04 6.678678397921374629e-04 1.791678231670270531e-03 1.795909518661057075e-03 1.768803892310879047e-03
8.544282302249806094e+01 6.590639776722960821e-04 6.586920441109543655e-04 6.507691000153942307e-04 1.746167470340273531e-03 1.748305866007474627e-03 1.725240498574489917e-03
8.571925884044478039e+01 6.422317867222172632e-04 6.411155935401066479e-04 6.346441822838355586e-04 1.703299526930594342e-03 1.703530520219561847e-03 1.684111519747341157e-03
8.599569465839151405e+01 6.263602045085311628e-04 6.245671690831601508e-04 6.194054820533278745e-04 1.662831036931139385e-03 1.661321070960210472e-03 1.645200058934641330e-03
8.627213047633824772e+01 6.113625990025757908e-04 6.089532847829236652e-04 6.049756449729489644e-04 1.624547707311890755e-03 1.621446513584413407e-03 1.608314406019661262e-03
8.654856629428496717e+01 5.971624946332810971e-04 5.941914372781429386e-04 5.912861341813931051e-04 1.588260178108968955e-03 1.583702777332411313e-03 1.573284544107985761e-03
8.682500211223170083e+01 5.836921503619593417e-04 5.802085679326321552e-04 5.782760272674477035e-04 1.553800558421121339e-03 1.547908982124805493e-03 1.539959211378600420e-03
8.710143793017843450e+01 5.708913660302244878e-04 5.669397717666218835e-04 5.658910016682866095e-04 1.521019513926559919e-03 1.513904291233907377e-03 1.508203419533975980e-03
8.737787374812515395e+01 5.587064759469335170e-04 5.543272088469595495e-04 5.540824754318077585e-04 1.489783807666342609e-03 1.481545253705682458e-03 1.477896349392130489e-03
8.765430956607188762e+01 5.470894968056243691e-04 5.423191825691522699e-04 5.428068766674912660e-04 1.459974215109071131e-03 1.450703551212619187e-03 1.448929559393495776e-03
