# Yb3+ 10 200
5.000000000000000000e+00 2.559243292790932059e-02 7.222293945811919524e-02 7.163629297646313329e-03 9.453651852914850273e-03
5.415348289276742832e+00 2.808449601616607588e-02 7.083835000126936787e-02 6.869466155785882745e-03 9.023894664947452321e-03
5.830696578553486553e+00 2.018020485433838843e-02 5.547693853296051941e-02 6.634887399984263495e-03 8.707599337240029200e-03
6.246044867830229386e+00 2.769914766713107643e-02 4.283900471057102560e-02 6.440991431287575175e-03 8.495512933407584066e-03
6.661393157106973106e+00 8.490519680059704921e-04 5.585680283497349713e-02 6.277005185473980356e-03 8.382277662097904758e-03
7.076741446383715939e+00 9.856493802639500895e-03 5.798060800619320859e-02 6.136093173725253383e-03 8.353353474235936105e-03
7.492089735660458771e+00 1.160533260770283542e-02 4.988243431244884091e-02 6.013549029768630247e-03 8.375555824803914209e-03
7.907438024937201604e+00 9.910144579484209820e-03 4.720268232614052706e-02 5.905955043041574704e-03 8.399336192439732854e-03
8.322786314213946213e+00 1.697841016208424467e-02 3.676644743129901804e-02 5.810740371409026800e-03 8.373306630058688013e-03
8.738134603490689045e+00 8.998783569948130140e-03 4.348482760086385540e-02 5.725921542948927273e-03 8.262269405393610211e-03
9.153482892767431878e+00 7.044102479603062128e-03 2.427018631768100565e-02 5.649937756192645669e-03 8.058831804557077885e-03
9.568831182044174710e+00 7.228990840582953312e-03 2.940847545856730555e-02 5.581540827440357837e-03 7.783716040919635287e-03
9.984179471320917543e+00 8.340556283329400578e-03 3.426889036654712228e-02 5.519718917385865037e-03 7.475634268955610486e-03
1.039952776059766038e+01 7.933598140154478340e-03 3.124582851876254314e-02 5.463642160831587088e-03 7.175788847886150831e-03
1.081487604987440321e+01 5.937683403900526763e-04 2.455018771781686260e-02 5.412623011653334634e-03 6.914007671501630134e-03
1.123022433915114782e+01 1.088580010540983641e-02 2.148129209521841554e-02 5.366086756948220196e-03 6.702454233293225067e-03
1.164557262842789065e+01 2.963901015825897572e-03 1.320138170023424373e-02 5.323549225570965021e-03 6.538335481519786871e-03
1.206092091770463348e+01 4.966601205957522046e-03 6.963508536165062199e-03 5.284599689546731413e-03 6.411502243921748598e-03
1.247626920698137809e+01 5.455807806287642572e-04 2.122609543014967320e-02 5.248887579677711038e-03 6.311170760075639208e-03
1.289161749625812092e+01 7.710891389099690935e-03 1.559478536749755485e-02 5.216112046221993426e-03 6.229071226613756493e-03
1.330696578553486376e+01 -1.140714376597837688e-03 1.457998080177761932e-02 5.186013671205879673e-03 6.159785154417422512e-03
1.372231407481160659e+01 3.008827677231449248e-03 1.700242501667666856e-02 5.158367828320035466e-03 6.099985563305359432e-03
1.413766236408834942e+01 5.188178794093977093e-03 1.886002902707897486e-02 5.132979318826755982e-03 6.047630319667374188e-03
1.455301065336509225e+01 4.122271129579174048e-03 8.302767079561635885e-03 5.109678006081928674e-03 6.001416588393029480e-03
1.496835894264183509e+01 9.779263557012991132e-03 1.825961289484272221e-02 5.088315239208909130e-03 5.960469399740233459e-03
1.538370723191857969e+01 3.229070403796758301e-03 1.083273500919563342e-02 5.068760906122082160e-03 5.924173641702413021e-03
1.579905552119532253e+01 -6.748594041386528873e-03 4.749550262094481487e-03 5.050900992848314508e-03 5.892082704069005229e-03
1.621440381047206358e+01 6.411174898819638028e-03 7.834448092212975903e-03 5.034635553602851907e-03 5.863866847445695779e-03
1.662975209974880642e+01 7.828879666066065109e-04 1.150573397915257562e-02 5.019877016888808774e-03 5.839282775991237739e-03
1.704510038902554925e+01 6.838388032667234301e-03 -1.011587298707422936e-03 5.006548768798559090e-03 5.818155233492373207e-03
1.746044867830229563e+01 1.052783618422509226e-03 -6.978554675498519627e-04 4.994583966978870596e-03 5.800365951496963719e-03
1.787579696757903847e+01 1.142310763528257009e-03 5.019939436815534436e-03 4.983924548301639154e-03 5.785847510124219120e-03
1.829114525685578130e+01 4.006309974337294438e-03 4.209603086577320963e-03 4.974520400832274994e-03 5.774580856641163031e-03
1.870649354613252413e+01 7.202422894337166814e-03 1.299998944927211429e-02 4.966328676706072143e-03 5.766595927456041014e-03
1.912184183540926696e+01 4.735307180291406168e-03 1.052941807913591703e-02 4.959313227381998562e-03 5.761975306475829867e-03
1.953719012468601335e+01 4.983768514197824476e-03 1.579796231004215387e-02 4.953444146726646014e-03 5.760861275973683075e-03
1.995253841396275618e+01 1.152498396172989444e-02 -4.633468939489501781e-03 4.948697410707176766e-03 5.763467082056506971e-03
2.036788670323949901e+01 1.037569627533789333e-02 2.802658157975163739e-03 4.945054605314119084e-03 5.770093855214025041e-03
2.078323499251624185e+01 -4.086682146785329886e-03 -4.141240580196112533e-03 4.942502736833115015e-03 5.781155550591244967e-03
2.119858328179298468e+01 9.156570374329497247e-03 -3.570564555443484639e-03 4.941034120858098233e-03 5.797215758733124599e-03
2.161393157106972751e+01 1.386821942495391514e-03 1.440900749498375336e-02 4.940646348592218386e-03 5.819042756466085049e-03
2.202927986034647034e+01 5.879757512342390947e-03 9.797734537661518389e-03 4.941342331116538311e-03 5.847693642638157260e-03
2.244462814962321318e+01 -4.594031620853228359e-03 1.091710064731318992e-02 4.943130424520197214e-03 5.884646753427372895e-03
2.285997643889995601e+01 2.564300523129487037e-03 1.393502438254991954e-02 4.946024641187480100e-03 5.932017988310145894e-03
2.327532472817669884e+01 -2.125724459883604131e-03 7.516323650874012774e-03 4.950044955250784522e-03 5.992930733838192948e-03
2.369067301745344167e+01 -1.263913730640532640e-03 3.612842741516562352e-03 4.955217713393170534e-03 6.072181038665754038e-03
2.410602130673018451e+01 4.269292323779639436e-03 1.615050833390522730e-02 4.961576166007375041e-03 6.177478560364246460e-03
2.452136959600692734e+01 3.322598466519296242e-03 1.884217818662774560e-02 4.969161138432144804e-03 6.321710109940655888e-03
2.493671788528367017e+01 -2.319238423319462759e-03 1.506414824758896265e-02 4.978021867911987947e-03 6.526408801926382106e-03
2.535206617456041656e+01 6.873612731872820458e-03 1.195121506457035195e-02 4.988217039494981589e-03 6.824471011551798069e-03
2.576741446383715939e+01 3.050746494184024445e-03 2.869041585819910242e-02 4.999816063886023017e-03 7.255109356276050366e-03
2.618276275311390222e+01 1.067273783061073976e-03 4.336277098813362540e-02 5.012900653129506029e-03 7.842097548996071824e-03
2.659811104239064505e+01 1.893652123092359231e-03 5.669930030252244568e-02 5.027566767057288152e-03 8.559831834485359670e-03
2.701345933166738789e+01 -1.774945711521066019e-03 5.766614256945497285e-02 5.043927026343339969e-03 9.312125632766775699e-03
2.742880762094413072e+01 -2.738280501609663582e-04 6.930391274879209307e-02 5.062113719117395869e-03 9.947185571477615978e-03
2.784415591022087355e+01 -6.472404692256379134e-03 1.095678676141994407e-01 5.082282570857698384e-03 1.030895441838191109e-02
2.825950419949761638e+01 1.302974875619002104e-02 9.656844459452315621e-02 5.104617506825319222e-03 1.030164893855432633e-02
2.867485248877435922e+01 1.310199238821778238e-02 1.056636687605291280e-01 5.129336720327936153e-03 9.933410091863444091e-03
2.909020077805110205e+01 1.639077538586290739e-02 6.119812609289414229e-02 5.156700480418647745e-03 9.314064369814639352e-03
2.950554906732784843e+01 -5.835487753832419543e-03 6.151718696112777607e-02 5.187021287676727918e-03 8.608054383762896861e-03
2.992089735660459127e+01 5.268191987307974285e-03 3.826230523990276078e-02 5.220677245844623261e-03 7.968529725275012160e-03
3.033624564588133410e+01 1.038583304163466156e-03 3.995472764122705300e-02 5.258129908160441221e-03 7.486407082265373811e-03
3.075159393515807693e+01 -1.991276203097376747e-03 1.552332668940612122e-02 5.299948460223130077e-03 7.178409113900376289e-03
3.116694222443481976e+01 1.779936755567503286e-03 2.827746945226729952e-02 5.346843053794342673e-03 7.013847671170981776e-03
3.158229051371156260e+01 5.173439372282062979e-03 1.681086465557138018e-02 5.399711652811672521e-03 6.952082075163519559e-03
3.199763880298830543e+01 -6.708822013052496286e-03 2.138808058070542500e-02 5.459707346171538758e-03 6.963419772802719593e-03
3.241298709226504826e+01 8.795621564206428100e-03 1.757917682091966749e-02 5.528337595267282870e-03 7.032367300411250868e-03
3.282833538154179109e+01 1.998515633537047143e-02 2.273604592617835263e-02 5.607615101171827682e-03 7.154826406236759924e-03
3.324368367081853393e+01 1.405763084917589605e-02 3.635634221888703332e-02 5.700295795333836305e-03 7.336460430808038925e-03
3.365903196009527676e+01 4.492523537047920894e-03 2.273313478082340799e-02 5.810272222683893900e-03 7.594040449835883638e-03
3.407438024937202670e+01 4.189329156055537733e-03 4.205168418273526332e-02 5.943265927674743106e-03 7.958373302253057141e-03
3.448972853864876242e+01 1.608802301301663976e-02 5.561658256386559085e-02 6.108165940342830114e-03 8.471946193267868019e-03
3.490507682792551236e+01 1.688958315836162211e-02 6.393387407356508623e-02 6.320036205448900310e-03 9.168779454700553416e-03
3.532042511720224809e+01 1.176509931180297862e-02 9.279028833629875128e-02 6.608296386616904772e-03 1.003651992790029028e-02
3.573577340647899803e+01 1.782472219508612551e-02 1.265490042379890656e-01 7.040721926078890441e-03 1.099661512452137710e-02
3.615112169575573375e+01 3.270758182749612664e-02 1.536250733389059875e-01 7.777958268284484653e-03 1.194866133951139574e-02
3.656646998503248369e+01 7.312718995550439305e-02 1.962880355820497691e-01 9.114902412049909197e-03 1.287040914646411620e-02
3.698181827430921942e+01 1.556206140497980173e-01 2.443664342351915819e-01 1.134431270850116621e-02 1.387438106001132737e-02
3.739716656358596936e+01 2.749303970062299540e-01 3.112275697632343463e-01 1.443002789215966190e-02 1.508696475856350153e-02
3.781251485286271219e+01 4.850107314748199894e-01 3.887177275316877068e-01 1.778882628642969310e-02 1.640399891345422495e-02
3.822786314213945502e+01 7.200539953132490956e-01 4.794232171072546067e-01 2.040869100892795870e-02 1.743241329784887481e-02
3.864321143141619785e+01 7.332500255586285043e-01 4.939842926953557645e-01 2.131915170736635098e-02 1.772916731481387689e-02
3.905855972069294069e+01 6.276044161634097840e-01 4.450578628367238831e-01 2.015660427276954117e-02 1.709536432481119361e-02
3.947390800996968352e+01 4.217943003509798117e-01 3.605031998068356502e-01 1.739729745740723615e-02 1.569428315250043227e-02
3.988925629924642635e+01 2.540862894734970956e-01 2.687412456550519191e-01 1.406297662657472053e-02 1.394548932727064823e-02
4.030460458852316918e+01 1.256546838263342125e-01 1.635502738633607955e-01 1.114675639010727186e-02 1.229676527285888422e-02
4.071995287779991202e+01 4.885255309567204662e-02 1.285972657222395343e-01 9.176324752799357165e-03 1.103095118811838957e-02
4.113530116707665485e+01 4.249246635468276190e-02 1.037750917889745800e-01 8.126013778611745897e-03 1.021306460782309480e-02
4.155064945635339768e+01 3.115061919823390590e-02 8.471599585360391205e-02 7.667844716774790612e-03 9.770404841287192582e-03
4.196599774563014051e+01 3.570027522667369030e-02 8.587231648522890282e-02 7.516447656793935964e-03 9.603464518216465323e-03
4.238134603490688335e+01 2.218031181515110056e-02 7.304799354003076173e-02 7.535742415793906038e-03 9.642879143081286436e-03
4.279669432418362618e+01 3.227024069437933740e-02 8.382365969542410200e-02 7.679279510082602685e-03 9.856153001277043885e-03
4.321204261346036901e+01 4.545337048742965902e-02 1.155005743859999073e-01 7.940545201344033702e-03 1.024052307283347327e-02
4.362739090273711184e+01 5.634448369075262253e-02 1.331035596863740511e-01 8.339073465015906655e-03 1.082057011380478662e-02
4.404273919201385468e+01 6.709333359076209702e-02 1.445322413286800056e-01 8.930397791090359527e-03 1.165533321620565443e-02
4.445808748129059751e+01 9.169139508955266582e-02 2.132172550562820290e-01 9.855227651612204556e-03 1.285661780771163269e-02
4.487343577056734034e+01 1.611676464027525790e-01 2.777787482779374151e-01 1.147771004562082517e-02 1.460954753461586250e-02
4.528878405984409028e+01 2.712196623331375456e-01 4.430946986937277510e-01 1.453648085771318439e-02 1.714315424644525729e-02
4.570413234912083311e+01 5.933965875198696782e-01 7.229864064829351067e-01 1.979123963556331592e-02 2.055532131001817572e-02
4.611948063839757594e+01 1.305972748574680375e+00 1.068006329946912247e+00 2.699451993268232181e-02 2.451217623418867203e-02
4.653482892767431878e+01 2.298040511572733369e+00 1.447995196819313435e+00 3.423369605184640313e-02 2.810410917435549050e-02
4.695017721695106161e+01 2.944672889367009994e+00 1.698775795027044344e+00 3.858947572708590346e-02 3.015107117259179653e-02
4.736552550622780444e+01 2.850132650764375608e+00 1.624091640737648001e+00 3.797346837769073613e-02 2.986189970188349654e-02
4.778087379550454727e+01 2.035012900800345470e+00 1.374186125119842172e+00 3.269263916165427580e-02 2.734982093552622978e-02
4.819622208478129011e+01 1.138441553236458237e+00 9.510345753995337326e-01 2.520891438034139967e-02 2.355476127504678094e-02
4.861157037405803294e+01 4.937230245110930671e-01 5.988987677624222350e-01 1.834019106663093562e-02 1.964232064863124030e-02
4.902691866333477577e+01 2.440907100183556944e-01 3.702351002201230146e-01 1.361099918535207606e-02 1.639302236542098529e-02
4.944226695261151860e+01 1.095167231004391117e-01 2.530226837660701222e-01 1.093874450574608415e-02 1.401239398327850522e-02
4.985761524188826144e+01 7.083380505427573637e-02 1.710826258058179838e-01 9.491790493710527271e-03 1.234450935531736411e-02
5.027296353116500427e+01 3.859495222973713391e-02 1.298059950757491365e-01 8.615439847519447761e-03 1.115810253510376993e-02
5.068831182044174710e+01 3.915279970485067290e-02 1.123423460108395194e-01 8.011036472746008164e-03 1.027996177171803041e-02
5.110366010971848993e+01 2.197049163719014264e-02 8.861025855317500310e-02 7.559399545574293708e-03 9.603741320498980494e-03
5.151900839899523277e+01 3.115162871921555929e-02 7.313249820044229188e-02 7.205780964140352796e-03 9.066022998811981010e-03
5.193435668827197560e+01 3.429558371259122662e-02 5.170853023294746248e-02 6.920143855650127268e-03 8.627551260097954255e-03
5.234970497754871843e+01 2.583996237292457074e-02 4.555790545234014027e-02 6.684034563671815109e-03 8.262786621587220326e-03
5.276505326682546126e+01 2.454141634352187407e-02 4.328300819681499961e-02 6.485304959858398388e-03 7.954361025963301024e-03
5.318040155610220410e+01 1.749942199603407578e-02 3.720702404318856904e-02 6.315565937003985233e-03 7.690024819674881953e-03
5.359574984537894693e+01 1.153634925735499625e-02 4.691900054678144194e-02 6.168810352847610770e-03 7.460875436156954796e-03
5.401109813465569687e+01 9.813990895898424757e-03 1.811800687231271065e-02 6.040610651676318887e-03 7.260279061150110708e-03
5.442644642393243970e+01 1.464474397099828525e-02 1.756298337607254192e-02 5.927625089064775254e-03 7.083186728071570910e-03
5.484179471320918253e+01 6.135078974442422992e-03 1.076167907803454206e-02 5.827280598656822685e-03 6.925685290723620526e-03
5.525714300248592536e+01 1.007205062703040582e-02 1.571105463450812867e-02 5.737561899394462081e-03 6.784693776725581917e-03
5.567249129176266820e+01 7.520613846016812806e-03 2.412464051172148391e-02 5.656867116258048646e-03 6.657752761829805258e-03
5.608783958103941103e+01 1.224468435800684513e-02 5.128332923609313365e-03 5.583906459630377621e-03 6.542874996944746113e-03
5.650318787031615386e+01 1.165785320791182245e-02 1.189930408902162458e-02 5.517629584970321771e-03 6.438437394413979754e-03
5.691853615959289669e+01 1.020323492885983827e-03 6.806736394956144909e-03 5.457172532757698785e-03 6.343101566785817359e-03
5.733388444886963953e+01 1.025938864735242637e-02 1.306563426263407379e-02 5.401818328533472199e-03 6.255754469906839657e-03
5.774923273814638236e+01 1.051698211945522113e-02 9.076540464968019944e-03 5.350967297874146232e-03 6.175463455372194772e-03
5.816458102742312519e+01 5.889223628296804194e-03 1.534187003231450228e-02 5.304114411014526631e-03 6.101441818396061839e-03
5.857992931669986802e+01 -3.612862345663305809e-03 1.371207879200815258e-02 5.260831794758874698e-03 6.033022104264928152e-03
5.899527760597661086e+01 5.477603398106712686e-03 2.363967327993726601e-03 5.220755098366122206e-03 5.969635229781564481e-03
5.941062589525335369e+01 5.289047334263818727e-04 7.984462003768059979e-03 5.183572773539955186e-03 5.910794020313336547e-03
5.982597418453009652e+01 1.886629488252898959e-03 1.558883152508564948e-02 5.149017587221639894e-03 5.856080142682991777e-03
6.024132247380683935e+01 8.430744823545183869e-03 -1.415755662294362893e-04 5.116859867946429649e-03 5.805133683197158216e-03
6.065667076308358219e+01 -1.583881451935694254e-03 2.640258229382284362e-03 5.086902116844088141e-03 5.757644813813874926e-03
6.107201905236032502e+01 9.177409945782720457e-03 2.600096100264391065e-03 5.058974709237405720e-03 5.713347131195847285e-03
6.148736734163706785e+01 3.719749194689606943e-03 9.630509251406335625e-03 5.032932483159061748e-03 5.672012359010775683e-03
6.190271563091381068e+01 -2.817634508028767776e-04 1.366077814899770843e-02 5.008652064468286334e-03 5.633446184257686652e-03
6.231806392019055352e+01 -7.860218572092465827e-03 8.141063594887937988e-03 4.986029819880084292e-03 5.597485061360677090e-03
6.273341220946730346e+01 -3.570166012815379451e-04 1.079715314389662235e-02 4.964980362960154034e-03 5.563993868945386716e-03
6.314876049874404629e+01 5.930505465778847761e-03 1.062125179147732287e-02 4.945435566921375058e-03 5.532864347952260939e-03
6.356410878802078912e+01 1.240243434114858892e-03 1.124221363072522642e-02 4.927344064291576571e-03 5.504014289632280614e-03
6.397945707729753195e+01 2.729684958739267246e-04 1.381404798865773845e-02 4.910671239389640189e-03 5.477387481271503780e-03
6.439480536657427479e+01 -2.894784263740412394e-04 1.092747691449601731e-02 4.895399747273375055e-03 5.452954459515844954e-03
6.481015365585102472e+01 -2.659565264806656656e-03 8.034170528313290885e-03 4.881530624963238522e-03 5.430714169706009342e-03
6.522550194512776045e+01 -3.838384803748575748e-03 4.951285589929049769e-05 4.869085100542932913e-03 5.410696689458766549e-03
6.564085023440449618e+01 1.334251609009333688e-04 1.129674767376634414e-02 4.858107257620338654e-03 5.392967252312597277e-03
6.605619852368124612e+01 1.591470275045518039e-03 8.689240355616995037e-04 4.848667782973752755e-03 5.377631911810517619e-03
6.647154681295799605e+01 1.670726752063071696e-02 -7.447284017794699937e-04 4.840869123530030203e-03 5.364845331541830478e-03
6.688689510223473178e+01 -1.813789666655938682e-03 8.324185020622165004e-03 4.834852519776821136e-03 5.354821393114943436e-03
6.730224339151146751e+01 -7.464558025767910852e-04 1.986452145444390568e-03 4.830807589460116465e-03 5.347847614055616441e-03
6.771759168078821745e+01 5.834117167733397259e-03 -7.286348307817668707e-05 4.828985445529590699e-03 5.344304812726559037e-03
6.813293997006496738e+01 4.367888875245818855e-03 -1.503572525046336164e-03 4.829716808390485151e-03 5.344694131809721652e-03
6.854828825934170311e+01 -4.333401109977948369e-03 9.009365068370049287e-03 4.833437322093380936e-03 5.349674577207962425e-03
6.896363654861843884e+01 -2.230635087419616594e-03 1.464131648705223332e-02 4.840723497685583618e-03 5.360115889973740902e-03
6.937898483789518878e+01 1.467526871850063095e-03 5.693728568753149075e-03 4.852344734596917772e-03 5.377174280999695924e-03
6.979433312717193871e+01 2.566393261364961938e-03 7.201095800665165483e-04 4.869340381862596878e-03 5.402403125485512672e-03
7.020968141644867444e+01 2.838945213158437352e-03 8.323645854951124828e-03 4.893137133767298981e-03 5.437918674086935494e-03
7.062502970572542438e+01 -1.668171363451406968e-03 1.012243504034897670e-02 4.925734029096722616e-03 5.486655250502925699e-03
7.104037799500216011e+01 -5.139354771918538262e-03 5.681130798241128092e-03 4.970006253258576340e-03 5.552771629188303637e-03
7.145572628427891004e+01 4.250793173794212634e-03 6.044147371489206298e-03 5.030230038964904338e-03 5.642324137036701208e-03
7.187107457355564577e+01 5.007832803345886596e-03 6.492692759287196913e-03 5.113049370826887145e-03 5.764433834374952173e-03
7.228642286283239571e+01 7.129058484656045080e-03 1.294923917576862316e-02 5.229410224391477062e-03 5.933417888229317212e-03
7.270177115210913144e+01 1.302470445637421079e-03 7.935637379859025037e-03 5.398897720722902957e-03 6.172890324493874800e-03
7.311711944138588137e+01 3.761691079490353268e-03 1.807368854806632591e-02 5.661309465857159058e-03 6.523856009358947397e-03
7.353246773066261710e+01 7.569323599854470980e-03 3.519055841835099646e-02 6.117532679613199229e-03 7.058612644905450789e-03
7.394781601993936704e+01 3.853465545633236178e-02 3.959738102052985653e-02 7.089784394298706549e-03 7.883045278729962704e-03
7.436316430921610277e+01 7.386866991808442584e-02 7.347829985506411365e-02 9.238691920374329097e-03 9.026848075050459413e-03
7.477851259849285270e+01 1.763878916685020781e-01 8.670234856699285397e-02 1.220359695958650632e-02 1.014856503351586545e-02
7.519386088776958843e+01 2.115497478502725015e-01 1.029708729901044340e-01 1.341920723550582041e-02 1.054410639869983977e-02
7.560920917704633837e+01 1.412994846614123445e-01 9.415629233698984135e-02 1.148025934137033091e-02 9.895409373804684230e-03
7.602455746632308831e+01 6.047505218037589614e-02 3.469341792784363943e-02 8.545317343084654627e-03 8.701326003826927169e-03
7.643990575559982403e+01 1.631912005389933584e-02 2.597625895680855806e-02 6.745315187250666353e-03 7.618933625055284917e-03
7.685525404487657397e+01 9.851498549776011374e-03 2.588575723645905255e-02 5.953145869964667977e-03 6.867042130897961158e-03
7.727060233415330970e+01 -5.074515783670288313e-03 1.858921727466876159e-02 5.554492611131695012e-03 6.373726842006707111e-03
7.768595062343005964e+01 1.753794458562301772e-03 1.458291095793984825e-02 5.310943835122925068e-03 6.039162836848520864e-03
7.810129891270679536e+01 4.237597715215440757e-03 7.696952973968929773e-03 5.145510456539546459e-03 5.801010585711910937e-03
7.851664720198354530e+01 6.341632863223859405e-03 1.065398412995042024e-02 5.025767489638469955e-03 5.624200553052860659e-03
7.893199549126028103e+01 9.429215776743070376e-03 1.016894052440099963e-03 4.935195632669147833e-03 5.488379709255757251e-03
7.934734378053703097e+01 -3.134080560436524471e-03 3.889432301822580342e-03 4.864384286844467692e-03 5.381106436000383450e-03
7.976269206981376669e+01 1.019830969830018159e-03 1.387289154895791216e-02 4.807554322356567128e-03 5.294402859890330083e-03
8.017804035909051663e+01 -6.348870365921687429e-04 2.155227643738238941e-04 4.760956159283360155e-03 5.222942686684499576e-03
8.059338864836725236e+01 5.762747929716935738e-03 7.357435174129090330e-03 4.722051769397382290e-03 5.163048097608710120e-03
8.100873693764400230e+01 -6.184490397480178932e-04 7.196010637819038117e-03 4.689064113683817300e-03 5.112106671231659606e-03
8.142408522692073802e+01 1.081970446770334077e-03 2.395562267474201160e-03 4.660713966350552018e-03 5.068217602315337224e-03
8.183943351619748796e+01 -4.799244613343906299e-03 -3.836465187845076140e-03 4.636058785439839229e-03 5.029968956106663572e-03
8.225478180547422369e+01 4.651003775059524281e-03 -1.461610630450853755e-03 4.614390171263612998e-03 4.996292880139475458e-03
8.267013009475097363e+01 4.351914050757342144e-04 -1.927287813765990974e-03 4.595166460708932296e-03 4.966368853679384646e-03
8.308547838402770935e+01 -5.848360526885296173e-03 7.733117491731821350e-03 4.577967179481184749e-03 4.939557460332442106e-03
8.350082667330445929e+01 -7.791834679834643528e-03 2.330912269452899317e-03 4.562461523914072142e-03 4.915354084095144294e-03
8.391617496258119502e+01 4.253731367888301598e-03 8.205370244941888845e-04 4.548386094114137239e-03 4.893355922430587049e-03
8.433152325185794496e+01 -7.897353815525151935e-03 1.283640969054322852e-02 4.535528873047769971e-03 4.873238090043498921e-03
8.474687154113468068e+01 -1.557494360347549305e-03 1.843390584156779028e-03 4.523717510957975599e-03 4.854736046106585684e-03
8.516221983041143062e+01 6.400343851110172101e-03 3.815021973122241679e-03 4.512810632669573760e-03 4.837632494978808505e-03
8.557756811968818056e+01 6.124835449556996145e-03 7.328439894901814938e-03 4.502691302655062108e-03 4.821747500332615108e-03
8.599291640896491629e+01 4.480831983154256147e-03 1.982397035702008516e-03 4.493262053391885134e-03 4.806930939758904432e-03
8.640826469824166622e+01 2.989268291887085902e-03 5.176685303693759690e-03 4.484441061683644772e-03 4.793056685758518079e-03
8.682361298751840195e+01 2.674419992618505982e-03 -1.104368813700863520e-03 4.476159178377012333e-03 4.780018075018117180e-03
8.723896127679515189e+01 -5.727995048119203549e-03 -1.075414775616737083e-03 4.468357599671126182e-03 4.767724349377857468e-03
8.765430956607188762e+01 -6.862728740972006856e-04 -2.302789259186688569e-03 4.460986025804814133e-03 4.756097836983330662e-03
