3.600000000000000089e+00 1.789743000000000028e-01 4.186004999999999587e-03
4.400000000000000355e+00 2.945290999999999881e-02 2.259160000000000074e-03
5.200000000000000178e+00 6.345050000000000516e-03 1.833894000000000192e-03
6.000000000000000000e+00 -9.547957999999998752e-04 1.763009999999999968e-03
6.799999999999999822e+00 1.967701000000000085e-03 1.561224999999999852e-03
7.599999999999999645e+00 1.450894000000000099e-03 1.486293999999999983e-03
8.400000000000000355e+00 9.143061000000000721e-04 1.491670000000000062e-03
9.199999999999999289e+00 3.726106999999999770e-03 1.418018000000000056e-03
1.000000000000000000e+01 8.420532000000001405e-03 1.486403000000000073e-03
1.080000000000000071e+01 1.225451000000000144e-02 1.388516000000000012e-03
1.159999999999999964e+01 1.249439999999999926e-02 1.546807999999999994e-03
1.240000000000000036e+01 1.773122000000000240e-02 1.489291000000000009e-03
1.319999999999999929e+01 2.113353999999999927e-02 1.539779000000000017e-03
1.400000000000000000e+01 2.474522000000000180e-02 1.635561000000000003e-03
1.480000000000000071e+01 3.442656000000000188e-02 1.615920999999999981e-03
1.559999999999999964e+01 4.335755000000000164e-02 1.736274999999999798e-03
1.639999999999999858e+01 6.557015999999998845e-02 1.828127999999999828e-03
1.719999999999999929e+01 8.847146999999999650e-02 1.980413000000000312e-03
1.800000000000000000e+01 1.222241000000000022e-01 2.114042000000000004e-03
1.880000000000000071e+01 1.403649999999999898e-01 2.158152999999999894e-03
1.960000000000000142e+01 1.069786999999999960e-01 2.023390999999999818e-03
2.039999999999999858e+01 5.463341999999999504e-02 1.794990999999999904e-03
2.119999999999999929e+01 2.558677999999999994e-02 1.565078999999999819e-03
2.200000000000000000e+01 1.456234000000000001e-02 1.503842000000000026e-03
2.280000000000000071e+01 1.208131999999999956e-02 1.422677999999999920e-03
2.360000000000000142e+01 1.120959000000000018e-02 1.364542000000000055e-03
2.439999999999999858e+01 1.157908000000000028e-02 1.306021999999999999e-03
2.519999999999999929e+01 1.049572999999999999e-02 1.326851999999999893e-03
2.600000000000000000e+01 9.293779999999999750e-03 1.331434000000000046e-03
2.680000000000000071e+01 1.307382999999999983e-02 1.241298999999999961e-03
2.760000000000000142e+01 1.648579000000000017e-02 1.225535999999999943e-03
2.839999999999999858e+01 2.237782999999999786e-02 1.171422999999999996e-03
2.919999999999999929e+01 2.645428000000000016e-02 1.251773999999999986e-03
3.000000000000000000e+01 3.446540000000000020e-02 1.319886000000000149e-03
3.080000000000000071e+01 5.281723999999999447e-02 1.377359999999999999e-03
3.160000000000000142e+01 7.176551000000000458e-02 1.454624999999999972e-03
3.239999999999999858e+01 8.365314000000000083e-02 1.584354000000000057e-03
3.320000000000000284e+01 7.153573000000000570e-02 1.547806000000000095e-03
3.400000000000000000e+01 3.986253999999999492e-02 1.359619999999999969e-03
3.479999999999999716e+01 2.063239000000000045e-02 1.280008000000000014e-03
3.560000000000000142e+01 1.849995999999999932e-02 1.147189000000000065e-03
3.639999999999999858e+01 1.929521000000000014e-02 1.203087000000000037e-03
3.720000000000000284e+01 2.609646000000000188e-02 1.224297000000000059e-03
3.800000000000000000e+01 3.444988999999999690e-02 1.270598999999999860e-03
3.879999999999999716e+01 4.560470999999999969e-02 1.274422000000000098e-03
3.960000000000000142e+01 4.911485000000000156e-02 1.306506999999999937e-03
4.039999999999999858e+01 4.391923999999999828e-02 1.240854999999999909e-03
4.120000000000000284e+01 3.059156999999999849e-02 1.151520999999999968e-03
4.200000000000000000e+01 1.897722999999999771e-02 1.113627000000000063e-03
4.279999999999999716e+01 1.562163000000000093e-02 1.039018999999999967e-03
4.360000000000000142e+01 1.461437999999999973e-02 9.793236999999998475e-04
4.439999999999999858e+01 1.383571000000000106e-02 8.728494000000000053e-04
4.520000000000000284e+01 9.059548000000000600e-03 9.250631000000000912e-04
4.600000000000000000e+01 8.663230000000000930e-03 9.077004999999999536e-04
4.679999999999999716e+01 1.174625999999999969e-02 8.491220000000001145e-04
4.760000000000000142e+01 9.706075999999999246e-03 8.939086000000001034e-04
4.839999999999999858e+01 1.032689999999999997e-02 8.499999000000000270e-04
4.920000000000000284e+01 6.613876999999999777e-03 9.038441999999999614e-04
5.000000000000000000e+01 6.670576000000000109e-03 8.533483000000000778e-04
5.079999999999999716e+01 3.583588999999999872e-03 8.309802000000000030e-04
5.160000000000000142e+01 3.799410999999999500e-03 7.506159999999999569e-04
5.239999999999999858e+01 2.363872999999999842e-03 8.779643000000000603e-04
5.320000000000000284e+01 8.146185000000000882e-04 8.801974999999999426e-04
5.400000000000000000e+01 -3.225718000000000140e-04 9.295654999999999890e-04
5.479999999999999716e+01 -1.391209999999999929e-03 9.970146000000000477e-04
5.560000000000000142e+01 1.470076999999999972e-03 8.402945999999999896e-04
5.639999999999999858e+01 -9.783781000000000509e-04 1.227112000000000038e-03
5.720000000000000284e+01 1.319116999999999859e-03 1.169724000000000024e-03
5.800000000000000000e+01 2.209675999999999828e-03 1.349911000000000080e-03
5.879999999999999716e+01 3.444157999999999682e-03 2.345307000000000034e-03
