1.800000000000000044e+00 -8.088135999999999937e-02 8.165413999999999312e-03
2.200000000000000178e+00 -1.076316000000000078e-02 4.723437999999999942e-03
2.600000000000000089e+00 5.827149000000000217e-03 3.719874000000000184e-03
3.000000000000000000e+00 4.299278999999999601e-03 3.854236999999999507e-03
3.399999999999999911e+00 1.954213999999999951e-02 3.582525999999999940e-03
3.799999999999999822e+00 2.234855999999999995e-02 3.697607999999999798e-03
4.200000000000000178e+00 2.793876999999999819e-02 3.713827000000000274e-03
4.599999999999999645e+00 5.078631999999999591e-02 3.022372000000000166e-03
5.000000000000000000e+00 5.752538000000000096e-02 3.081956999999999752e-03
5.400000000000000355e+00 6.980989999999999418e-02 3.380474999999999973e-03
5.799999999999999822e+00 9.317042999999999853e-02 3.362932000000000334e-03
6.200000000000000178e+00 1.346021000000000023e-01 3.272081999999999942e-03
6.599999999999999645e+00 1.893986000000000003e-01 3.540963999999999744e-03
7.000000000000000000e+00 2.554405000000000148e-01 4.078494000000000216e-03
7.400000000000000355e+00 3.686574000000000240e-01 4.492440000000000322e-03
7.799999999999999822e+00 4.718723000000000223e-01 4.870636000000000236e-03
8.199999999999999289e+00 5.101651999999999854e-01 5.087121000000000004e-03
8.599999999999999645e+00 4.299509000000000247e-01 4.575743000000000171e-03
9.000000000000000000e+00 2.674516000000000115e-01 3.949923999999999623e-03
9.400000000000000355e+00 1.333639000000000074e-01 3.455977999999999741e-03
9.800000000000000711e+00 6.131978999999999902e-02 2.957875000000000001e-03
1.019999999999999929e+01 2.998298999999999756e-02 2.593246000000000006e-03
1.059999999999999964e+01 1.108870999999999989e-02 2.614257000000000039e-03
1.100000000000000000e+01 -3.899100999999999869e-03 2.981897000000000280e-03
1.140000000000000036e+01 -3.269012000000000393e-03 2.802682999999999824e-03
1.180000000000000071e+01 -8.606321999999999584e-03 3.012478999999999765e-03
1.219999999999999929e+01 -7.862595999999999474e-03 2.974453000000000166e-03
1.259999999999999964e+01 -9.264169000000000917e-03 2.804565000000000183e-03
1.300000000000000000e+01 -6.795161000000000083e-03 2.664315999999999907e-03
1.340000000000000036e+01 -7.838622999999999424e-03 2.651261000000000242e-03
1.380000000000000071e+01 -8.681825000000000653e-03 2.785615999999999873e-03
1.419999999999999929e+01 -7.172272999999999843e-03 2.776192000000000243e-03
1.459999999999999964e+01 -6.034639999999999969e-03 2.782989000000000036e-03
1.500000000000000000e+01 -7.209226000000000870e-03 2.723958000000000282e-03
1.540000000000000036e+01 -8.438776999999999737e-03 2.906437999999999904e-03
1.580000000000000071e+01 -4.467399999999999843e-03 2.638371000000000032e-03
1.619999999999999929e+01 -1.254554999999999906e-02 3.088141999999999884e-03
1.660000000000000142e+01 -1.520163999999999890e-02 3.576636000000000225e-03
1.700000000000000000e+01 -1.016968000000000039e-02 3.220773000000000125e-03
1.739999999999999858e+01 -6.712311999999999793e-03 3.017904999999999980e-03
1.780000000000000071e+01 -1.067755000000000093e-02 3.348942000000000151e-03
1.819999999999999929e+01 -4.580395000000000126e-03 3.055209000000000136e-03
1.860000000000000142e+01 -4.029140999999999972e-03 3.102657000000000418e-03
1.900000000000000000e+01 -3.204249000000000160e-04 3.088580000000000058e-03
1.939999999999999858e+01 -1.579934999999999977e-03 3.014127000000000126e-03
1.980000000000000071e+01 -2.309366999999999941e-04 2.845297000000000104e-03
2.019999999999999929e+01 -1.384900000000000107e-03 2.921787999999999816e-03
2.060000000000000142e+01 3.471507999999999886e-03 2.601619999999999801e-03
2.100000000000000000e+01 6.106412000000000515e-04 2.838292000000000072e-03
2.139999999999999858e+01 6.980656000000000014e-03 2.555170000000000271e-03
2.180000000000000071e+01 6.119427000000000200e-03 2.824689999999999927e-03
2.219999999999999929e+01 5.844053000000000095e-03 2.986281999999999826e-03
2.260000000000000142e+01 1.642816000000000068e-02 2.374385000000000124e-03
2.300000000000000000e+01 1.941850999999999994e-02 2.576347000000000099e-03
2.339999999999999858e+01 3.372002000000000332e-02 2.338429999999999849e-03
2.380000000000000071e+01 3.935508999999999535e-02 2.428177000000000113e-03
2.419999999999999929e+01 5.083845999999999504e-02 2.400024000000000168e-03
2.460000000000000142e+01 5.790656000000000275e-02 2.490193999999999828e-03
2.500000000000000000e+01 6.768336999999999271e-02 2.560516000000000094e-03
2.539999999999999858e+01 8.063206000000000540e-02 2.386460999999999878e-03
2.580000000000000071e+01 8.153285000000000393e-02 2.314215000000000109e-03
2.619999999999999929e+01 7.727143000000000206e-02 2.213090999999999930e-03
2.660000000000000142e+01 6.449777000000000982e-02 1.913581999999999827e-03
2.700000000000000000e+01 5.156285999999999509e-02 1.713785000000000005e-03
2.739999999999999858e+01 3.408425999999999817e-02 1.926079000000000029e-03
2.780000000000000071e+01 2.240309999999999871e-02 1.840847000000000056e-03
2.819999999999999929e+01 1.687676999999999927e-02 1.748676000000000006e-03
2.860000000000000142e+01 1.229691999999999938e-02 1.540439000000000001e-03
2.900000000000000000e+01 7.151554000000000938e-03 1.600337000000000070e-03
2.939999999999999858e+01 6.412100000000000438e-03 1.408027999999999971e-03
2.980000000000000071e+01 4.624260999999999303e-03 1.419488999999999907e-03
3.019999999999999929e+01 1.341100999999999925e-03 1.392671999999999964e-03
3.060000000000000142e+01 -1.284313000000000034e-03 1.442761999999999994e-03
3.100000000000000000e+01 1.265393999999999981e-03 1.356985999999999913e-03
3.139999999999999858e+01 -1.434824000000000125e-03 1.456248000000000048e-03
3.180000000000000071e+01 -2.099759999999999995e-03 1.532402999999999890e-03
3.220000000000000284e+01 -3.270642999999999728e-03 1.609990000000000162e-03
3.260000000000000142e+01 -2.808322000000000249e-03 1.563247999999999938e-03
3.300000000000000000e+01 -3.667161999999999852e-03 1.613845000000000036e-03
3.339999999999999858e+01 -5.223732999999999502e-03 1.825126999999999956e-03
3.379999999999999716e+01 -7.581962000000000250e-03 2.097808000000000051e-03
3.420000000000000284e+01 -5.895224000000000124e-03 2.293275999999999908e-03
3.460000000000000142e+01 -1.093302999999999983e-02 3.055626999999999996e-03
3.500000000000000000e+01 -1.728847000000000023e-02 4.403673999999999783e-03
3.539999999999999858e+01 -1.543835999999999993e-02 6.086911999999999878e-03
3.579999999999999716e+01 8.780427999999999410e-04 1.585815999999999962e-02
