# Energy (meV), intensity, error (arb. units)
0.000000000000000000e+00 1.638336145599999941e-03 9.604120804352493350e-06
3.023255814000000097e+00 1.542588177683333443e-03 9.309662643017956361e-06
6.046511628000000194e+00 9.885382559166667246e-04 7.579611276969936644e-06
9.069767441999999846e+00 4.377748809166666388e-04 5.066122622602073328e-06
1.209302326000000072e+01 1.546057328316666755e-04 3.066705023970703478e-06
1.511627906999999915e+01 7.834705622833333704e-05 2.342793464988500839e-06
1.813953487999999936e+01 5.898323814833332989e-05 2.242540684174451844e-06
2.116279069999999862e+01 4.983955882000000063e-05 2.172741882270186633e-06
2.418604651000000061e+01 5.009256984499999769e-05 2.091036558888225241e-06
2.720930232999999987e+01 4.901901658500000146e-05 1.953260592405849681e-06
3.023255813999999830e+01 5.768629368499999420e-05 1.868940184554189184e-06
3.325581394999999674e+01 7.001888501166665950e-05 1.831087775022025764e-06
3.627906976999999955e+01 7.177264986499999188e-05 1.777228504843163237e-06
3.930232558000000154e+01 6.237192287166666278e-05 1.620247299513254230e-06
4.232558139999999725e+01 4.897304804333333636e-05 1.420483579065500248e-06
4.534883720999999923e+01 3.701322166500000093e-05 1.193761215658546653e-06
4.837209302000000122e+01 2.836756572166666718e-05 1.035506860568219113e-06
5.139534883999999693e+01 2.673104904499999692e-05 9.989818653210676846e-07
5.441860464999999891e+01 2.908460563166666486e-05 9.899964991876946163e-07
5.744186047000000173e+01 3.262434297833333391e-05 1.025685565232729953e-06
6.046511627999999661e+01 3.322767380166666203e-05 9.994685148050974562e-07
6.348837208999999859e+01 3.252694111999999862e-05 9.836511675009492561e-07
6.651162791000000141e+01 2.920843474500000157e-05 9.427466184693128007e-07
6.953488371999999629e+01 2.970781189833333218e-05 9.314406850668014432e-07
7.255813953000000538e+01 2.969878877000000156e-05 9.116453081002067643e-07
7.558139534999999398e+01 2.834989978833333870e-05 8.602399155607928683e-07
7.860465116000000307e+01 2.867727193666666291e-05 8.546606599490380145e-07
8.162790698000000589e+01 3.044860421500000073e-05 8.862236856253766316e-07
8.465116279000000077e+01 3.175618741666666429e-05 9.008656622711503670e-07
8.767441859999999565e+01 3.386203328833333457e-05 9.206564108755676745e-07
9.069767441999999846e+01 3.404773069333332820e-05 9.215839124782989389e-07
9.372093022999999334e+01 2.940635636333333245e-05 8.685017600527861999e-07
9.674418604999999616e+01 2.745886941833333079e-05 8.265627124915416917e-07
9.976744186000000525e+01 2.619761847166666521e-05 7.996533327487546331e-07
1.027906976999999955e+02 2.377389648333333243e-05 7.587708853468515134e-07
1.058139534999999967e+02 2.041916734333333193e-05 7.458964295327071653e-07
1.088372092999999978e+02 2.273546466666666384e-05 7.559830927049101527e-07
1.118604650999999990e+02 2.703193409999999570e-05 8.076380194784546715e-07
1.148837209000000001e+02 3.795420219166666483e-05 8.928385961729192174e-07
1.179069767000000013e+02 5.295121884333332899e-05 1.010598326765759473e-06
1.209302325999999965e+02 4.648377938500000131e-05 9.490665033422042567e-07
1.239534883999999977e+02 2.530085253833333359e-05 7.525306873844783463e-07
1.269767441999999988e+02 1.139232552166666650e-05 5.812084226431186535e-07
1.300000000000000000e+02 9.794437707666667732e-06 5.658773069943118634e-07
1.330232557999999869e+02 1.002756901000000038e-05 5.615062020707954277e-07
1.360465116000000023e+02 1.047916837949999861e-05 5.462703348660681346e-07
1.390697673999999893e+02 1.269066468500000170e-05 5.738610953780060616e-07
1.420930232999999987e+02 1.452963491833333331e-05 5.943568962545876104e-07
1.451162791000000141e+02 1.931331004666666791e-05 6.461770888652306607e-07
1.481395349000000010e+02 1.785638398000000059e-05 6.445473695374123581e-07
1.511627906999999880e+02 1.210624200816666744e-05 5.666031623966743570e-07
1.541860465000000033e+02 1.014415137516666698e-05 5.728543688260678367e-07
1.572093022999999903e+02 1.100134954833333264e-05 5.917190099741591583e-07
1.602325581000000057e+02 1.159452720166666533e-05 6.323192055780048689e-07
1.632558139999999867e+02 1.261853488166666679e-05 6.375815034553852098e-07
1.662790698000000020e+02 1.886055573499999951e-05 6.882356069652345120e-07
1.693023255999999890e+02 2.825118552999999794e-05 7.678146769710712471e-07
1.723255814000000044e+02 2.592492239166666255e-05 7.411765101712681721e-07
1.753488371999999913e+02 1.413301781333333475e-05 6.178069469810350788e-07
1.783720930000000067e+02 9.246519437666666174e-06 6.264256806992385402e-07
1.813953487999999936e+02 7.856952085166667339e-06 6.232316799934090868e-07
1.844186047000000030e+02 7.792394250500001248e-06 5.568112002660347115e-07
1.874418604999999900e+02 6.446434611999999579e-06 4.720891319206060289e-07
1.904651163000000054e+02 5.959813331000000280e-06 4.518884595708356470e-07
1.934883720999999923e+02 4.793110868499999250e-06 4.679272587857240024e-07
1.965116279000000077e+02 5.993238102333332877e-06 9.513007875634291619e-07
