256  
4    

1    
  0.0096015359086333  -0.0027947286442917   0.0000000000000000
  -0.0894276800    0.0444613500    0.0107949800
   0.0024048600   -0.0008764100   -0.0001033300
   0.0007168200   -0.0000528500    0.0000912500
   0.0023931200   -0.0008673800   -0.0001000400
   0.0017258700    0.0014590600   -0.0001164700
   0.0007019700   -0.0000014600    0.0000969700
   0.0006253000   -0.0010282800   -0.0000366800
  -0.0133405600   -0.0115087200    0.0049117900
   0.0006868800    0.0000534300    0.0001027700
   0.0001933800    0.0004536300   -0.0000061500
  -0.0008076700   -0.0022970600   -0.0001761500
   0.0001910400    0.0004567300   -0.0000089600
   0.0017197500    0.0014426000   -0.0001118600
  -0.0134074800   -0.0114435800    0.0049201800
   0.0006239000   -0.0010391000   -0.0000383200
   0.0007021700    0.0000008400    0.0000976000
   0.0014114700    0.0003789200    0.0017277800
   0.0006965400   -0.0000201100    0.0001288100
   0.0007393500   -0.0006364600   -0.0007056800
  -0.0098799800    0.0003804100   -0.0153879200
   0.0006809300    0.0000344200    0.0001362400
   0.0000938800   -0.0001628700   -0.0000793900
  -0.0009501900   -0.0019433900   -0.0013001900
   0.0003584700    0.0007956700    0.0005271200
   0.0003839500    0.0005826400   -0.0003572400
  -0.0012907800   -0.0007748000    0.0005426500
   0.0000771100   -0.0002526800    0.0001621400
   0.0006466000    0.0000194800    0.0000993200
  -0.0098752500    0.0003394100   -0.0015660100
   0.0008571600   -0.0009225600    0.0009453700
   0.0006606200   -0.0000334700    0.0000932700
   0.0011864400    0.0002164100   -0.0009952500
   0.0006755400    0.0000144800    0.0001692600
   0.0001176400    0.0001934200    0.0004381300
  -0.0004829300   -0.0011813700   -0.0020811000
   0.0001142500    0.0001929100    0.0004414900
   0.0001941200   -0.0000695300    0.0007563000
  -0.0009885000    0.0002637200   -0.0012305400
   0.0001509100    0.0000008600   -0.0002707500
   0.0006410600    0.0000004300    0.0001318500
  -0.0010184900    0.0006602000    0.0002130400
   0.0001869400   -0.0001224500   -0.0000398400
   0.0006070600   -0.0000127400    0.0000960300
   0.0001899400   -0.0001235300   -0.0000399700
   0.0001910400   -0.0000717800    0.0007622000
   0.0006414600   -0.0000025800    0.0001328100
   0.0001538000   -0.0000006400   -0.0002687300
  -0.0009854800    0.0002650900   -0.0012345700
   0.0014091500    0.0003755200    0.0017100900
  -0.0099514600    0.0004298800   -0.0153527800
   0.0007391700   -0.0006430600   -0.0007145300
   0.0006965600   -0.0000184500    0.0001305400
  -0.0098954600    0.0002699900   -0.0014474700
   0.0011900300    0.0002210400   -0.0010072400
   0.0006606900   -0.0000332600    0.0000929000
   0.0008573800   -0.0009141200    0.0009350300
   0.0003828000    0.0005870000   -0.0003626200
   0.0006476600    0.0000187400    0.0000964100
   0.0000806000   -0.0002521200    0.0001606500
  -0.0012891000   -0.0007780000    0.0005464200
   0.0006810100    0.0000336000    0.0001357800
   0.0003614100    0.0007898200    0.0005241900
  -0.0009521500   -0.0019367700   -0.0012966400
   0.0000906700   -0.0001659100   -0.0000817100
   0.0005338100    0.0000176500    0.0001013400
   0.0004108800   -0.0000313700    0.0000516700
   0.0012635900   -0.0018115200   -0.0008455600
   0.0035418500    0.0047566000    0.0033896400
   0.0003856500    0.0000184200    0.0000599300
  -0.0003757200   -0.0002678100   -0.0001212300
  -0.0006026600    0.0001273400   -0.0000280500
   0.0004208900    0.0000554300    0.0000867900
  -0.0000956500    0.0010261100   -0.0003625400
  -0.0001772500   -0.0007723700    0.0002032800
   0.0003721500   -0.0000189800    0.0000781100
   0.0004596500    0.0000323000    0.0000369300
   0.0067874100   -0.0048444300    0.0054222000
   0.0004732100   -0.0000541500    0.0000907500
   0.0004841200   -0.0000194600    0.0000278300
   0.0084773200    0.0012020400   -0.0048773400
   0.0003815200    0.0000042500    0.0000841300
  -0.0003509500   -0.0001827200   -0.0002665100
  -0.0006026300    0.0001274300   -0.0000282100
   0.0004165600    0.0000405500    0.0001121900
  -0.0004369200    0.0000775000   -0.0000290900
  -0.0003011300   -0.0001192800   -0.0001211900
   0.0003445700    0.0000149600    0.0000675000
   0.0003793400   -0.0000042500    0.0000621800
  -0.0003414000   -0.0002212500    0.0004123500
   0.0003706700   -0.0000357900    0.0000795900
   0.0003781300   -0.0000041300    0.0000243900
  -0.0001866600    0.0002896500   -0.0004596400
   0.0004446300   -0.0000198700    0.0001236600
   0.0003778800    0.0000042200    0.0000430400
  -0.0000057200   -0.0001859100   -0.0007944100
  -0.0003415400    0.0002182100    0.0010124800
  -0.0003310200    0.0002174700    0.0010181400
  -0.0000068200   -0.0001868500   -0.0007964500
   0.0003785600    0.0000030300    0.0000405300
   0.0004446500   -0.0000192100    0.0001249000
  -0.0001922700    0.0002910800   -0.0004624200
   0.0003799600   -0.0000039000    0.0000251300
   0.0003687800   -0.0000362800    0.0000792700
  -0.0003351200   -0.0002204100    0.0004112400
   0.0003789000   -0.0000038400    0.0000623400
   0.0003450300    0.0000161400    0.0000682700
  -0.0002986600   -0.0001200700   -0.0001212400
  -0.0004421300    0.0000777300   -0.0000298500
   0.0004158600    0.0000392800    0.0001101000
  -0.0005980700    0.0001280400   -0.0000249300
  -0.0003535300   -0.0001835300   -0.0002679800
   0.0003817900    0.0000047800    0.0000831000
   0.0085522900    0.0012189500   -0.0049305400
   0.0004836000   -0.0000184700    0.0000298300
   0.0004733600   -0.0000564300    0.0000909500
   0.0067313000   -0.0047965600    0.0053647900
   0.0004594100    0.0000309200    0.0000369300
   0.0003719500   -0.0000161400    0.0000778100
  -0.0001758300   -0.0007703200    0.0002034200
  -0.0001072400    0.0010231700   -0.0003619300
   0.0004198800    0.0000531100    0.0000864900
  -0.0005975700    0.0001297800   -0.0000278900
  -0.0003784400   -0.0002690900   -0.0001218900
   0.0003855800    0.0000177700    0.0000609200
   0.0035492700    0.0047254300    0.0033726500
   0.0012653700   -0.0018191300   -0.0008497100
   0.0004079500   -0.0000304100    0.0000517300
   0.0005336400    0.0000193800    0.0001023200
   0.4527270900   -0.0000024800    0.0771768900
   0.4530132100    0.0005775100    0.0775653600
   0.4565207000    0.0008120500    0.0783006600
   0.4526003300   -0.0004623000    0.0768859700
   0.4534478800   -0.0002199200    0.0773823200
   0.4539135800    0.0008059200    0.0773830300
   0.4528810000   -0.0001691400    0.0771570600
   0.4527238300   -0.0000242900    0.0771870600
   0.4560275700    0.0012987500    0.0751984200
   0.4527815700    0.0003824700    0.0770838800
   0.4527085100    0.0000010000    0.0772069800
   0.4520522400   -0.0008888900    0.0779008300
   0.4525093300    0.0002486900    0.0768101400
   0.4527097500    0.0000255100    0.0771976900
   0.4514586100    0.0005275000    0.0781121500
   0.4674349000   -0.0040473500    0.0839168200
   0.4535000400   -0.0000407200    0.0770763600
   0.4537968900    0.0004050200    0.0780675300
   0.4528938100   -0.0001251400    0.0770819300
   0.4527296700   -0.0000042300    0.0771528100
   0.4538733200   -0.0002376700    0.0772345500
   0.4529252300    0.0000532200    0.0772432900
   0.4527649600    0.0000071300    0.0771889700
   0.4534371600    0.0000016500    0.0773003600
   0.4528278100    0.0001456400    0.0768935800
   0.4527677400    0.0000057300    0.0771951000
   0.4532666000    0.0000091600    0.0776978000
   0.4545985700   -0.0002704600    0.0775525300
   0.4527388900   -0.0000090400    0.0771587100
   0.4534535600    0.0000299500    0.0775798200
   0.4547364400    0.0001526800    0.0799084300
   0.4527681600   -0.0000737500    0.0766369300
   0.4552067500   -0.0015212400    0.0800133200
   0.4527001300    0.0001026700    0.0775616300
   0.4527162600    0.0000276500    0.0771614800
   0.4523897200    0.0002705600    0.0759211600
   0.4527315900   -0.0001849400    0.0774580200
   0.4527693500    0.0000112500    0.0771856700
   0.4533715000    0.0003695300    0.0770825000
   0.4546516300   -0.0000881500    0.0772412600
   0.4527430600   -0.0000286800    0.0771642700
   0.4536252000   -0.0000971500    0.0772745500
   0.4539913400    0.0006765500    0.0777901100
   0.4528159500   -0.0001075800    0.0771304900
   0.4529132500   -0.0005436100    0.0763945000
   0.4543562700    0.0008430700    0.0790063200
   0.4527965800    0.0001893000    0.0772638500
   0.4526857800   -0.0000103200    0.0771406800
   0.4523908700   -0.0001583000    0.0775050400
   0.4527115800    0.0000317900    0.0771869600
   0.4516676200    0.0012455500    0.0768861300
   0.4690753400    0.0015885100    0.0742940400
   0.4527348300   -0.0000230000    0.0771825400
   0.4535181900    0.0002519900    0.0772007000
   0.4553075000    0.0021146000    0.0765586000
   0.4526426200   -0.0005050600    0.0773733600
   0.4527897000   -0.0009680700    0.0771192400
   0.4546187900    0.0017449900    0.0774663600
   0.4527873300    0.0001575300    0.0773180900
   0.4526796700   -0.0000313000    0.0771765000
   0.4739978700   -0.0117620900    0.0739156500
   0.4525259800    0.0005059400    0.0774403800
   0.4526633300    0.0000222000    0.0771804700
   0.4495648000   -0.0005259100    0.0763312400
  -0.4569981600   -0.0005334900   -0.0782189100
  -0.4538731100    0.0000230800   -0.0773602000
  -0.4540100300    0.0004998800   -0.0771042800
  -0.4331940400   -0.0107242300   -0.0801294200
  -0.4538545600   -0.0000317400   -0.0773645900
  -0.4537462000    0.0001563700   -0.0772238500
  -0.4519192500    0.0017540000   -0.0770729600
  -0.4537421400   -0.0009710600   -0.0774205600
  -0.4538897200   -0.0004999200   -0.0771695700
  -0.4512278800    0.0021126700   -0.0779837800
  -0.4530122200    0.0002524600   -0.0773396400
  -0.4538014600   -0.0000227500   -0.0773583000
  -0.4374512600    0.0014675200   -0.0801994800
  -0.4548739500    0.0012555100   -0.0776547200
  -0.4538187600    0.0000315300   -0.0773529600
  -0.4541442600   -0.0001557300   -0.0770402400
  -0.4538484600   -0.0000107800   -0.0774003700
  -0.4537371000    0.0001876500   -0.0772772600
  -0.4521825600    0.0008494000   -0.0755284300
  -0.4536180000   -0.0005445900   -0.0781487200
  -0.4537150600   -0.0001060000   -0.0774088500
  -0.4525431600    0.0006789600   -0.0767493400
  -0.4529040500   -0.0000973200   -0.0772655100
  -0.4537905300   -0.0000285900   -0.0773763800
  -0.4518902400   -0.0000979400   -0.0772934500
  -0.4531602000    0.0003709400   -0.0774588000
  -0.4537624800    0.0000110600   -0.0773557000
  -0.4538012700   -0.0001833400   -0.0770846700
  -0.4541405400    0.0002703600   -0.0786291300
  -0.4538189000    0.0000284700   -0.0773794700
  -0.4538290300    0.0001017200   -0.0769813000
  -0.4513458000   -0.0015142200   -0.0745320600
  -0.4537655400   -0.0000732700   -0.0778980500
  -0.4517990000    0.0001505400   -0.0746336000
  -0.4530769600    0.0000300300   -0.0769598500
  -0.4537973500   -0.0000086400   -0.0773823800
  -0.4519400400   -0.0002690300   -0.0770013300
  -0.4532655300    0.0000090700   -0.0768409400
  -0.4537643000    0.0000048100   -0.0773450200
  -0.4537058100    0.0001446300   -0.0776446600
  -0.4530907200    0.0000010700   -0.0772397100
  -0.4537674700    0.0000077800   -0.0773511400
  -0.4536072800    0.0000533000   -0.0772971800
  -0.4526684400   -0.0002369400   -0.0773071100
  -0.4538028300   -0.0000039000   -0.0773884300
  -0.4536412700   -0.0001241600   -0.0774580600
  -0.4527391300    0.0004044900   -0.0764736200
  -0.4530277400   -0.0000399200   -0.0774643200
  -0.4390626600   -0.0040685900   -0.0707470200
  -0.4550841100    0.0005335200   -0.0764219700
  -0.4538205000    0.0000255700   -0.0773427800
  -0.4540272500    0.0002462800   -0.0777266500
  -0.4544805200   -0.0008976700   -0.0766348300
  -0.4538267700    0.0000014300   -0.0773333000
  -0.4537481900    0.0003794400   -0.0774555000
  -0.4505263700    0.0013010200   -0.0793388600
  -0.4538088900   -0.0000247400   -0.0773528400
  -0.4536539800   -0.0001678400   -0.0773835000
  -0.4526223700    0.0008056300   -0.0771585300
  -0.4530802500   -0.0002203500   -0.0771562600
  -0.4539318800   -0.0004575000   -0.0776516800
  -0.4500214400    0.0008043000   -0.0762460400
  -0.4535161000    0.0005803500   -0.0769729500
  -0.4538056300   -0.0000020800   -0.0773634200

65   
  0.0096015359086333  -0.0027947286442917   0.0000000000000000
   0.0005311800    0.0000164300    0.0001001800
   0.0037606600    0.0054594600    0.0038385900
   0.0009945800   -0.0027425500   -0.0014367000
   0.0004022400   -0.0000454600    0.0000419500
   0.0065141200   -0.0055251500    0.0057520900
   0.0085578500    0.0012165300   -0.0058065000
   0.0004769700   -0.0000326700   -0.0000006200
   0.0004626300   -0.0000860500    0.0000887600
   0.0001653600    0.0019485300   -0.0008581700
   0.0004627200    0.0000474400    0.0000089800
   0.0003710100   -0.0000178500    0.0000789800
  -0.0002545800   -0.0010476000    0.0002634100
   0.0003886900    0.0000309700    0.0000521100
   0.0004298900    0.0000874500    0.0000881400
  -0.0005188600    0.0004051700    0.0001496600
  -0.0003758400   -0.0002679700   -0.0001438800
   0.0084716200    0.0012000000   -0.0057305600
   0.0065754300   -0.0055942700    0.0058223800
   0.0004613700   -0.0000862900    0.0000909100
   0.0004776100   -0.0000345800    0.0000008700
   0.0037605400    0.0055019000    0.0038634300
   0.0005322300    0.0000176700    0.0001010800
   0.0004034700   -0.0000460600    0.0000418000
   0.0009973300   -0.0027341100   -0.0014312900
   0.0004300200    0.0000876200    0.0000884100
   0.0003901400    0.0000315600    0.0000500100
  -0.0003765500   -0.0002668200   -0.0001414700
  -0.0005194800    0.0004058200    0.0001492900
   0.0004638700    0.0000489200    0.0000071400
   0.0001727200    0.0019487500   -0.0008559900
  -0.0002589500   -0.0010499500    0.0002660200
   0.0003715500   -0.0000190200    0.0000813000
  -0.0003384700    0.0002175700    0.0020973000
   0.0004384500   -0.0000359600    0.0001513700
   0.0003775200    0.0000045100    0.0000408100
  -0.0000258800   -0.0002618800   -0.0010781500
   0.0004210200    0.0000567000    0.0001412000
   0.0003814500    0.0000017000    0.0001010000
  -0.0003569200   -0.0001993800   -0.0002566200
  -0.0005194400    0.0004059600    0.0001490400
   0.0003808200   -0.0000048700    0.0000620700
  -0.0004316600    0.0000968000   -0.0000168900
  -0.0002987100   -0.0001179100   -0.0001199800
   0.0003493600    0.0000310600    0.0000777500
  -0.0001643800    0.0003633700   -0.0008236200
  -0.0004178400   -0.0005008300    0.0006507500
   0.0003636800   -0.0000516700    0.0000892000
   0.0003793000   -0.0000016200    0.0000053400
   0.0003806700    0.0000034000    0.0000991700
   0.0004208600    0.0000564100    0.0001411400
  -0.0005186600    0.0004058700    0.0001484800
  -0.0003566700   -0.0002021200   -0.0002563200
   0.0004388700   -0.0000369600    0.0001537600
  -0.0003309100    0.0002184700    0.0020983200
  -0.0000290700   -0.0002601900   -0.0010824400
   0.0003787800    0.0000058200    0.0000388800
  -0.0004149600   -0.0004975200    0.0006462800
  -0.0001655400    0.0003659500   -0.0008292000
   0.0003779600   -0.0000026100    0.0000054400
   0.0003647900   -0.0000514500    0.0000904300
  -0.0004334800    0.0000954300   -0.0000180100
   0.0003809600   -0.0000071600    0.0000607500
   0.0003479200    0.0000321000    0.0000781100
  -0.0002978800   -0.0001222300   -0.0001223700
  -0.0391775200    0.0070908700   -0.0025257800
   0.0004996600   -0.0000965700    0.0000286200
   0.0002602800   -0.0000070100    0.0000402700
   0.0004954000   -0.0000956200    0.0000284500
   0.0004297900    0.0001355600    0.0000267600
   0.0002599500    0.0000007600    0.0000424500
   0.0002391700   -0.0001024900    0.0000339600
  -0.0019064000   -0.0013672900   -0.0000519500
   0.0002567000    0.0000044200    0.0000423500
   0.0001925500    0.0000634600    0.0000344900
  -0.0005938000   -0.0001387200   -0.0000829200
   0.0001906800    0.0000643500    0.0000340700
   0.0004300000    0.0001338300    0.0000272300
  -0.0019152200   -0.0013535000   -0.0000523100
   0.0002392800   -0.0001041500    0.0000309600
   0.0002591500    0.0000017100    0.0000403500
   0.0003985100    0.0000280700    0.0002102800
   0.0002593800   -0.0000012100    0.0000458200
   0.0002524000   -0.0000570600   -0.0000436000
  -0.0016395600   -0.0004505500   -0.0016172100
   0.0002575200    0.0000032800    0.0000458200
   0.0001622700   -0.0000070400    0.0000235400
  -0.0005988300   -0.0001294000   -0.0001778700
   0.0002106400    0.0001034100    0.0000964800
   0.0002156200    0.0000530200   -0.0000177900
  -0.0006237600   -0.0000335800   -0.0000677700
   0.0001342200   -0.0000221300    0.0000501100
   0.0002489000    0.0000017200    0.0000418900
  -0.0018537800    0.0002835100   -0.0001626100
   0.0002752200   -0.0001095300    0.0001253400
   0.0002498200   -0.0000037500    0.0000415100
   0.0003094200    0.0000103300   -0.0000829100
   0.0002557000    0.0000010100    0.0000481800
   0.0001837300    0.0000331500    0.0000862400
  -0.0005690600   -0.0000537300   -0.0002280400
   0.0001817100    0.0000335100    0.0000867200
   0.0001943500   -0.0000200600    0.0001069900
  -0.0006092900    0.0000161300   -0.0001526500
   0.0001442000    0.0000121900   -0.0000084700
   0.0002485200    0.0000004000    0.0000441500
  -0.0005930700    0.0000189100   -0.0000900300
   0.0001559100   -0.0000248100    0.0000120500
   0.0002420500   -0.0000016600    0.0000402900
   0.0001538100   -0.0000247900    0.0000117000
   0.0001946400   -0.0000209600    0.0001067400
   0.0002505100    0.0000002100    0.0000465200
   0.0001473500    0.0000117600   -0.0000061400
  -0.0006079700    0.0000172400   -0.0001566300
   0.0003990700    0.0000275800    0.0002086400
  -0.0016501000   -0.0004426700   -0.0016074700
   0.0002519900   -0.0000604700   -0.0000436300
   0.0002579500   -0.0000024100    0.0000473900
  -0.0018569200    0.0002727300   -0.0001441900
   0.0003106400    0.0000121900   -0.0000824800
   0.0002501000   -0.0000028000    0.0000398800
   0.0002742100   -0.0001106500    0.0001236500
   0.0002159700    0.0000523200   -0.0000183800
   0.0002514300    0.0000033600    0.0000411400
   0.0001378700   -0.0000208000    0.0000494600
  -0.0006236500   -0.0000366100   -0.0000646800
   0.0002561000    0.0000019000    0.0000447700
   0.0002162200    0.0001037500    0.0000976200
  -0.0005987100   -0.0001253000   -0.0001754500
   0.0001626800   -0.0000050900    0.0000247500
   0.4516579500   -0.0003738500    0.0767771300
   0.4529167400    0.0000212600    0.0772231300
   0.4528798300    0.0000657300    0.0772428800
   0.4547867900    0.0004116000    0.0777705400
   0.4529230200   -0.0000308400    0.0772213600
   0.4529807700    0.0000122300    0.0772242000
   0.4538672500    0.0007411900    0.0773123600
   0.4528678800   -0.0010106600    0.0772646000
   0.4529083700   -0.0000660000    0.0772336500
   0.4541453100   -0.0002606800    0.0772356600
   0.4532228600    0.0001705200    0.0772973400
   0.4529373200   -0.0000211400    0.0772180500
   0.4553503600   -0.0018648100    0.0777040700
   0.4526186800    0.0012311400    0.0771996300
   0.4529396100    0.0000306000    0.0772190200
   0.4527952600   -0.0000121700    0.0772551800
   0.4529299000   -0.0000072100    0.0771810100
   0.4529796400    0.0000083500    0.0772308400
   0.4537443800    0.0003190800    0.0780331000
   0.4530304400   -0.0004521900    0.0763110400
   0.4529897300   -0.0000068800    0.0772190900
   0.4538846800    0.0000493900    0.0774046100
   0.4532838900   -0.0000838700    0.0772241400
   0.4529462500   -0.0000296400    0.0771983500
   0.4539439300   -0.0002061700    0.0777177100
   0.4532184800    0.0002317800    0.0771031800
   0.4529611000    0.0000067700    0.0772103700
   0.4529614600   -0.0000096700    0.0772739000
   0.4529423200    0.0003104500    0.0759229400
   0.4529387100    0.0000299500    0.0771938700
   0.4529540100    0.0000079300    0.0772827500
   0.4535286700   -0.0001626700    0.0788620900
   0.4529240400   -0.0000121700    0.0771417300
   0.4541374100   -0.0002878100    0.0772819800
   0.4532066100    0.0001146900    0.0773926600
   0.4529413600   -0.0000072700    0.0771943700
   0.4540564200    0.0001802900    0.0770578700
   0.4531452500   -0.0000197900    0.0775327100
   0.4529581600   -0.0000033300    0.0772276200
   0.4529766800    0.0000426400    0.0771846000
   0.4532122400   -0.0001054200    0.0771993100
   0.4529548700    0.0000065100    0.0772209900
   0.4530421500    0.0000103500    0.0772381200
   0.4538623200    0.0001405900    0.0774542100
   0.4529475600    0.0000038600    0.0771904600
   0.4529999100   -0.0000408700    0.0772038700
   0.4538564300   -0.0000349000    0.0775891700
   0.4532432700    0.0000088600    0.0768179300
   0.4556412700   -0.0008653600    0.0759976000
   0.4524493900    0.0006495200    0.0781927000
   0.4529362600    0.0000190900    0.0772386600
   0.4528132400    0.0000495900    0.0771497300
   0.4525760600   -0.0009478400    0.0780713800
   0.4529292500   -0.0000025600    0.0772493900
   0.4529691900    0.0000600800    0.0771937200
   0.4539367800    0.0012394400    0.0764681100
   0.4529406700   -0.0000198100    0.0772308800
   0.4530006400   -0.0000383500    0.0771995700
   0.4539157500    0.0001689200    0.0772411600
   0.4531305600   -0.0003783900    0.0774791100
   0.4528449400   -0.0000714100    0.0771566100
   0.4544942900   -0.0007176600    0.0770592800
   0.4530366000    0.0006442600    0.0776084400
   0.4529362800    0.0000031500    0.0772158500
  -0.4548713500   -0.0003688600   -0.0777599200
  -0.4515316700    0.0002258400   -0.0768422900
  -0.4536726200    0.0000648300   -0.0773015600
  -0.4536321000    0.0000211300   -0.0773202500
  -0.4511143500   -0.0018013900   -0.0768611500
  -0.4537498500   -0.0000119600   -0.0772874500
  -0.4536080000    0.0000295800   -0.0773233500
  -0.4539218100    0.0012238200   -0.0773460700
  -0.4536367700   -0.0000650500   -0.0773083700
  -0.4536071200   -0.0000209700   -0.0773240300
  -0.4533277400    0.0001702200   -0.0772485200
  -0.4523985300   -0.0002590700   -0.0773057000
  -0.4536219500   -0.0000295600   -0.0773208800
  -0.4536800500   -0.0010082900   -0.0772810600
  -0.4526837400    0.0007424900   -0.0772307800
  -0.4535675000    0.0000123800   -0.0773193400
  -0.4508416800   -0.0008646100   -0.0784606200
  -0.4537318900    0.0000497200   -0.0773927600
  -0.4536110200    0.0000192000   -0.0773056300
  -0.4540909900    0.0006425900   -0.0763536700
  -0.4537008800   -0.0000722800   -0.0773866900
  -0.4536067100    0.0000026400   -0.0773267500
  -0.4535188200    0.0006471200   -0.0769343100
  -0.4520491400   -0.0007163000   -0.0774822900
  -0.4536115800   -0.0000199300   -0.0773125300
  -0.4534164700   -0.0003808400   -0.0770641800
  -0.4526295400    0.0001693800   -0.0773033300
  -0.4535387600   -0.0000379500   -0.0773411500
  -0.4539705100   -0.0009381200   -0.0764775300
  -0.4526032800    0.0012440800   -0.0780793800
  -0.4535731100    0.0000608400   -0.0773483100
  -0.4536105200   -0.0000016600   -0.0772925300
  -0.4536210800   -0.0000111400   -0.0774004200
  -0.4536029900   -0.0000067800   -0.0773482600
  -0.4533445000    0.0001126100   -0.0771501700
  -0.4524063900   -0.0002860700   -0.0772595900
  -0.4536045500    0.0000042000   -0.0773537300
  -0.4533034700    0.0000073700   -0.0777270200
  -0.4526893800   -0.0000362100   -0.0769523100
  -0.4535393100   -0.0000398300   -0.0773379300
  -0.4533352800   -0.0001028300   -0.0773422500
  -0.4526723000    0.0001403100   -0.0770868300
  -0.4535075000    0.0000093900   -0.0773058900
  -0.4535910900    0.0000058600   -0.0773222000
  -0.4524899600    0.0001803900   -0.0774847900
  -0.4535683900    0.0000418900   -0.0773574500
  -0.4535918700   -0.0000030800   -0.0773164500
  -0.4533971200   -0.0000186600   -0.0770112100
  -0.4536151600   -0.0000062300   -0.0773607200
  -0.4535184600   -0.0004531400   -0.0782289200
  -0.4528066600    0.0003201700   -0.0765097100
  -0.4535687400    0.0000081300   -0.0773120800
  -0.4536071700    0.0003101900   -0.0786089300
  -0.4530134800   -0.0001652000   -0.0756731500
  -0.4535883600    0.0000084400   -0.0772588500
  -0.4536012300    0.0000302500   -0.0773470200
  -0.4526024000   -0.0002059300   -0.0768251800
  -0.4535833500   -0.0000095200   -0.0772696700
  -0.4535891100    0.0000064200   -0.0773326600
  -0.4533244900    0.0002308700   -0.0774372600
  -0.4535575800   -0.0000069000   -0.0773239600
  -0.4536014100   -0.0000302200   -0.0773450900
  -0.4532731300   -0.0000815300   -0.0773191800
  -0.4526545600    0.0000505600   -0.0771363700

129  
  0.0096015359086333  -0.0027947286442917   0.0000000000000000
  -0.0005385200   -0.0000028400   -0.0000934700
  -0.0006112200   -0.0002588400   -0.0002558000
   0.0030735400    0.0001927300    0.0006368400
  -0.0001517100    0.0009294200    0.0005184800
  -0.0008148000    0.0000482200   -0.0003528100
   0.0142004000   -0.0040613200    0.0082451400
  -0.0017262200    0.0008528400    0.0016453800
  -0.0005546000    0.0000206000   -0.0000627900
   0.0029166900    0.0019118000   -0.0023937500
  -0.0013073300   -0.0012169300    0.0013777300
  -0.0005591500    0.0000014200   -0.0000416700
  -0.0005132600    0.0002697200   -0.0002408300
   0.0000828700   -0.0005688000    0.0002989900
  -0.0005415700   -0.0000188300   -0.0000726600
  -0.0003570900   -0.0000588800   -0.0001470500
   0.0006461400    0.0008052900   -0.0001236600
  -0.0008749700   -0.0001585100    0.0000001500
   0.0162387600    0.0029416300   -0.0037118200
  -0.0013683500    0.0020823200   -0.0004538600
  -0.0005497000    0.0000374100   -0.0000914900
   0.0196695900   -0.0122567800   -0.0038253800
  -0.0037287800   -0.0005342100   -0.0009485400
  -0.0006029700    0.0000292500   -0.0000856600
  -0.0008270700    0.0002076700   -0.0000193600
  -0.0007176700   -0.0017960900   -0.0002794300
  -0.0005870000   -0.0000391800   -0.0000926900
  -0.0004809600    0.0001578100   -0.0000830500
   0.0017447200    0.0031163700   -0.0004948800
  -0.0005334800   -0.0000276100   -0.0000994200
  -0.0005381900   -0.0002068700   -0.0000541100
   0.0016456000    0.0007339400   -0.0005108300
   0.0002553500    0.0002517500   -0.0001184300
   0.0019200800   -0.0015121500    0.0034523600
  -0.0007324900    0.0007579800   -0.0019942700
  -0.0005460200    0.0000465100   -0.0001186600
  -0.0005906100    0.0000039600    0.0002129300
  -0.0004953100   -0.0010321500   -0.0015837900
  -0.0005794700   -0.0000132900   -0.0001369000
  -0.0005041900    0.0000780000    0.0000532200
   0.0010942900    0.0008817800    0.0033205000
  -0.0005288000   -0.0000456600   -0.0001168900
  -0.0004180400    0.0000062500   -0.0000676000
   0.0007243800    0.0006765800    0.0005197400
   0.0003030400   -0.0003053900   -0.0001272000
  -0.0005081500   -0.0000880200    0.0001104500
   0.0013705700   -0.0001328600    0.0005365000
   0.0001663500    0.0005788900   -0.0002990600
  -0.0004948700    0.0000123800   -0.0000992900
   0.0002364300   -0.0000412100   -0.0006018300
  -0.0005339400    0.0000073700   -0.0001174000
  -0.0003699400   -0.0001030100   -0.0000717000
   0.0004708400    0.0002030400    0.0009046400
  -0.0005315600   -0.0000210400   -0.0001106400
  -0.0004987300   -0.0000713000   -0.0002855800
   0.0013421400   -0.0003086300    0.0012692700
   0.0001784600   -0.0000123900    0.0003325700
  -0.0004463700    0.0001242300   -0.0002519600
   0.0014651600    0.0001921200   -0.0000183700
   0.0000007400    0.0000099200    0.0006724100
  -0.0005003800   -0.0000065500   -0.0000669600
   0.0006567500   -0.0000362300    0.0000907400
   0.0001876300    0.0000434400    0.0000574300
  -0.0005020700    0.0000205400   -0.0000735600
  -0.0003380400    0.0000503900   -0.0000281200
  -0.0015992700   -0.0003671000   -0.0004876400
   0.0016545200    0.0000063700    0.0002857800
  -0.0004010300    0.0000587100   -0.0000339800
  -0.0003619500    0.0000014000   -0.0000608800
   0.0022206600   -0.0015767300    0.0002888500
  -0.0004784100   -0.0000111800   -0.0000240700
  -0.0003432200    0.0000113800   -0.0000593600
  -0.0008497800    0.0005255600   -0.0003879900
  -0.0003624000   -0.0000607900   -0.0000399300
  -0.0003269600   -0.0000018900   -0.0000601300
  -0.0000517100    0.0001674400   -0.0000931500
   0.0008805100   -0.0002476300    0.0000596400
  -0.0003453800   -0.0000108200   -0.0000604700
  -0.0002030500   -0.0003091100   -0.0001225400
   0.0005903900    0.0007314800    0.0001434400
  -0.0002898300    0.0000133100   -0.0000549400
   0.0024278400   -0.0008649500   -0.0009264500
  -0.0004625000    0.0000434900   -0.0001174100
  -0.0003450800    0.0000049600   -0.0000484100
  -0.0009866800    0.0000552200    0.0004150700
  -0.0004267100   -0.0000657100   -0.0001112300
  -0.0003373600    0.0000035400   -0.0000554400
  -0.0003397500    0.0002987700    0.0001170600
   0.0012275800   -0.0006849500   -0.0001918900
  -0.0003365600   -0.0000056100   -0.0000542200
  -0.0000423900   -0.0000337900    0.0000212000
   0.0006433900    0.0001681600    0.0000896300
  -0.0002735400   -0.0000437300   -0.0000761700
  -0.0005273800   -0.0003503800    0.0002165800
   0.0006617000    0.0012137700   -0.0007904900
  -0.0003039800    0.0000660800   -0.0000829600
  -0.0003453100   -0.0000026600   -0.0000476400
  -0.0003481200   -0.0000117400   -0.0001236700
  -0.0003277800   -0.0000047000   -0.0000553400
  -0.0000970400    0.0000117300    0.0001727200
   0.0008940700   -0.0002010400   -0.0000199000
  -0.0003349600   -0.0000001100   -0.0000636000
  -0.0000304100    0.0000073800   -0.0000490800
   0.0006139300    0.0000669600    0.0002624100
  -0.0002745200   -0.0000470800   -0.0000704400
  -0.0000374100   -0.0000014900   -0.0000072500
   0.0005646000    0.0000382000    0.0001186200
  -0.0002329400    0.0000091500   -0.0000343500
  -0.0003244300    0.0000035600   -0.0000532200
   0.0007563600    0.0000943700   -0.0002681100
  -0.0002970600    0.0000499300   -0.0000863100
  -0.0003184000    0.0000012500   -0.0000464400
  -0.0001258100   -0.0000189900    0.0001923300
  -0.0003442000   -0.0000067700   -0.0000673900
  -0.0001799100   -0.0002296100   -0.0002582700
   0.0004945700    0.0004022700    0.0007055300
  -0.0002931400    0.0000019300   -0.0000355100
  -0.0004002300    0.0000864600   -0.0005292800
   0.0002606000   -0.0001642700    0.0015623900
  -0.0003213400    0.0000064500    0.0000188400
  -0.0003421400    0.0000082500   -0.0000662800
   0.0006439600   -0.0002917800    0.0003912100
  -0.0003131900   -0.0000054900    0.0000083100
  -0.0003166300    0.0000073200   -0.0000568000
  -0.0000699300    0.0001730100   -0.0001354900
  -0.0002884200   -0.0000028200   -0.0000508200
  -0.0003204300   -0.0000086300   -0.0000596800
   0.0000202400   -0.0000236200   -0.0000103800
   0.0006183400    0.0000533800    0.0001366800
   0.3891029100    0.0199341300    0.0780070700
   0.4541536000   -0.0004470500    0.0771597000
   0.4537300500   -0.0000199100    0.0773376600
   0.4542716900   -0.0000443400    0.0774156900
   0.4540670900    0.0006603800    0.0771791900
   0.4537208500    0.0000004100    0.0773338400
   0.4538358400   -0.0002706900    0.0774168200
   0.4487136600   -0.0025679100    0.0788542900
   0.4537131500    0.0000197700    0.0773414400
   0.4535205800    0.0000547100    0.0773652100
   0.4521873900   -0.0009319600    0.0774635000
   0.4536274300    0.0004291700    0.0772331300
   0.4539501900    0.0002553400    0.0773944600
   0.4488675900   -0.0019394100    0.0777523900
   0.4537278300   -0.0006472000    0.0772241200
   0.4537212300    0.0000001900    0.0773443400
   0.4539144200    0.0001358900    0.0780747000
   0.4537173300   -0.0000116700    0.0773544700
   0.4538875300   -0.0000931200    0.0771136400
   0.4496738500    0.0007309100    0.0732218200
   0.4537209300    0.0000185400    0.0773586300
   0.4536184700   -0.0000964800    0.0772738000
   0.4521960100   -0.0006705100    0.0766951000
   0.4536334200    0.0005215500    0.0776383100
   0.4536360600    0.0001037700    0.0772283900
   0.4523030900   -0.0001990300    0.0772915200
   0.4534199000   -0.0000884800    0.0773643500
   0.4537058600    0.0000112400    0.0773494100
   0.4495251200   -0.0001055000    0.0773303400
   0.4537345400   -0.0005725200    0.0777798800
   0.4537066100   -0.0000180400    0.0773451800
   0.4539236400    0.0000797900    0.0770995400
   0.4537090300    0.0000056200    0.0773656100
   0.4535254400    0.0000714100    0.0773367100
   0.4524167500   -0.0001440000    0.0761181100
   0.4535404500    0.0001303200    0.0777433800
   0.4535948900   -0.0000376800    0.0774699000
   0.4523781400    0.0000588100    0.0768512800
   0.4534496500    0.0000137300    0.0771898400
   0.4537052700    0.0000092100    0.0773528700
   0.4523687400    0.0000152400    0.0771261800
   0.4534624800   -0.0000500700    0.0772743900
   0.4536901600   -0.0000052400    0.0773394500
   0.4534637900   -0.0000446800    0.0772777600
   0.4535786000   -0.0000953200    0.0778949000
   0.4536971000   -0.0000095200    0.0773528200
   0.4534465200    0.0000097100    0.0771928800
   0.4523822800    0.0000569100    0.0763433600
   0.4539149200    0.0001341600    0.0776013500
   0.4494559800    0.0000820600    0.0743008900
   0.4537910100   -0.0004301600    0.0768535500
   0.4537203400   -0.0000028700    0.0773495800
   0.4497138800    0.0005430100    0.0762230600
   0.4539246700    0.0000806600    0.0766646300
   0.4537092000   -0.0000091500    0.0773299900
   0.4538417600   -0.0002015200    0.0775798600
   0.4537344600    0.0004401500    0.0769806400
   0.4537007600    0.0000030200    0.0773314100
   0.4534182400   -0.0000874400    0.0773587500
   0.4521811200   -0.0006341900    0.0775233700
   0.4537117300    0.0000090200    0.0773514800
   0.4535302400    0.0001512800    0.0774038600
   0.4523175200   -0.0002373000    0.0769695400
   0.4536202400   -0.0000969500    0.0772738200
  -0.4527779500    0.0000667700   -0.0771479100
  -0.4529113900    0.0045130900   -0.0745665400
  -0.4515833700   -0.0018087800   -0.0780427400
  -0.4528328500   -0.0000189300   -0.0772074600
  -0.4502679100   -0.0046297700   -0.0703546700
  -0.4493782400    0.0004844500   -0.0788308500
  -0.4527813400   -0.0000173600   -0.0772314000
  -0.4527903100   -0.0000969600   -0.0771484300
  -0.4525130900    0.0013663400   -0.0777823500
  -0.4527959200    0.0000203700   -0.0772255400
  -0.4528591700   -0.0000682600   -0.0771742100
  -0.4536371300   -0.0008309600   -0.0768155100
  -0.4528387900    0.0000160500   -0.0772008100
  -0.4528471600    0.0000982700   -0.0771770900
  -0.4538083000   -0.0002454500   -0.0773113000
  -0.4538795600   -0.0001622200   -0.0773158600
  -0.4480026700    0.0031526500   -0.0836425200
  -0.4500012300   -0.0016559100   -0.0751763600
  -0.4527897000   -0.0000460800   -0.0771823600
  -0.4527660900   -0.0000137400   -0.0772905200
  -0.4510533900    0.0019414900   -0.0757559300
  -0.4527403600    0.0000089400   -0.0771753700
  -0.4528066300   -0.0000950200   -0.0772475600
  -0.4484420600   -0.0088663100   -0.0816406700
  -0.4528191300    0.0000452500   -0.0771814800
  -0.4528352400    0.0000109900   -0.0772171900
  -0.4536493200   -0.0010309300   -0.0774347600
  -0.4539893200    0.0003522100   -0.0771507300
  -0.4527969600    0.0000975500   -0.0772658700
  -0.4516897300    0.0024326700   -0.0784653300
  -0.4536885800   -0.0006902100   -0.0770495900
  -0.4528638400   -0.0000078600   -0.0771867400
  -0.4528711000    0.0001363800   -0.0756822900
  -0.4528077000   -0.0000200900   -0.0771564500
  -0.4528426100   -0.0000113800   -0.0772713300
  -0.4533874800    0.0000267200   -0.0782799300
  -0.4528225900    0.0000333400   -0.0771611500
  -0.4528419100   -0.0000119300   -0.0771780600
  -0.4535239400   -0.0006001500   -0.0781702700
  -0.4539802400    0.0003833800   -0.0772039500
  -0.4528442900    0.0000065900   -0.0771944600
  -0.4536639000   -0.0000940200   -0.0773931100
  -0.4538348900   -0.0000934300   -0.0774219200
  -0.4528990700    0.0000199700   -0.0771959700
  -0.4535547700    0.0006067500   -0.0777755400
  -0.4537417700   -0.0004439600   -0.0769526300
  -0.4528842300   -0.0000329800   -0.0771907500
  -0.4528432000    0.0000164900   -0.0772918900
  -0.4528419800    0.0000051000   -0.0771821200
  -0.4528560600    0.0000676800   -0.0771248600
  -0.4537598200   -0.0000788800   -0.0775957100
  -0.4538413000   -0.0000307800   -0.0775402800
  -0.4528299500   -0.0000157800   -0.0770723800
  -0.4524075200   -0.0000333500   -0.0742548100
  -0.4535154000   -0.0000952500   -0.0780654300
  -0.4528589900    0.0000088000   -0.0772151900
  -0.4537564100   -0.0000860000   -0.0765927300
  -0.4535780900    0.0001183900   -0.0779127900
  -0.4528758500   -0.0000042100   -0.0772398700
  -0.4528688900   -0.0000718000   -0.0771411500
  -0.4538444900    0.0000077200   -0.0773643100
  -0.4528579700   -0.0000095000   -0.0772062200
  -0.4528994400    0.0000195700   -0.0771962600
  -0.4534321300   -0.0000899500   -0.0773512100

129  
 -0.0096015359086333   0.0027947286442917   0.0000000000000000
   0.0005365500    0.0000013600    0.0000922600
   0.0006056900    0.0002621500    0.0002567900
  -0.0030650400   -0.0002052700   -0.0006427300
   0.0001481300   -0.0009205500   -0.0005139000
   0.0008139200   -0.0000453900    0.0003482100
  -0.0141690600    0.0040546400   -0.0084494900
   0.0017125100   -0.0008451200   -0.0016346500
   0.0005538000   -0.0000185400    0.0000616700
  -0.0029366900   -0.0019054600    0.0024028100
   0.0013024800    0.0012051000   -0.0013716400
   0.0005558300   -0.0000028300    0.0000439800
   0.0005146000   -0.0002703700    0.0002355800
  -0.0000823600    0.0005643600   -0.0002982000
   0.0005380100    0.0000201000    0.0000734600
   0.0003514500    0.0000535200    0.0001461100
  -0.0006441800   -0.0008082100    0.0001217300
   0.0008725700    0.0001561200    0.0000041400
  -0.0162585500   -0.0031239800    0.0038074300
   0.0013567700   -0.0020673100    0.0004521400
   0.0005483600   -0.0000372200    0.0000935600
  -0.0202602300    0.0132430300    0.0043023200
   0.0037023900    0.0005259600    0.0009392100
   0.0006011600   -0.0000281900    0.0000859700
   0.0008298300   -0.0002069300    0.0000202700
   0.0007150900    0.0017911500    0.0002805000
   0.0005859700    0.0000359100    0.0000880600
   0.0004767500   -0.0001565500    0.0000847200
  -0.0017500600   -0.0031311300    0.0004978000
   0.0005334900    0.0000291000    0.0000947700
   0.0005332700    0.0002065900    0.0000589200
  -0.0016368800   -0.0007507600    0.0005050200
  -0.0002543500   -0.0002533400    0.0001239400
  -0.0019379000    0.0015259700   -0.0034560600
   0.0007310800   -0.0007579900    0.0019801700
   0.0005436200   -0.0000447600    0.0001155700
   0.0005906900   -0.0000089700   -0.0002107600
   0.0004938300    0.0010309700    0.0015784500
   0.0005778000    0.0000078500    0.0001359700
   0.0005003900   -0.0000753400   -0.0000539600
  -0.0010965300   -0.0008858900   -0.0033357600
   0.0005277000    0.0000457300    0.0001167400
   0.0004142900   -0.0000036100    0.0000685100
  -0.0007213400   -0.0006787800   -0.0005205200
  -0.0003013600    0.0003027500    0.0001259400
   0.0005056200    0.0000882600   -0.0001065100
  -0.0013686100    0.0001252300   -0.0005139100
  -0.0001659100   -0.0005755200    0.0002978800
   0.0004939000   -0.0000094000    0.0000966200
  -0.0002351100    0.0000395900    0.0005978000
   0.0005305400   -0.0000055300    0.0001172300
   0.0003650800    0.0001003500    0.0000661600
  -0.0004690200   -0.0002064300   -0.0009057600
   0.0005302100    0.0000178100    0.0001140400
   0.0004952500    0.0000759800    0.0002819200
  -0.0013327900    0.0002939900   -0.0012787900
  -0.0001759100    0.0000161600   -0.0003362000
   0.0004448900   -0.0001203900    0.0002497400
  -0.0014565600   -0.0001769400    0.0000020100
  -0.0000011000   -0.0000093100   -0.0006688700
   0.0004983500    0.0000059100    0.0000704900
  -0.0006580200    0.0000407200   -0.0000883300
  -0.0001839000   -0.0000472200   -0.0000590000
   0.0004981500   -0.0000183700    0.0000741600
   0.0003359900   -0.0000563200    0.0000242900
   0.0016054400    0.0003739800    0.0004927200
  -0.0014630700   -0.0001769200   -0.0003530300
   0.0003969400   -0.0000618400    0.0000314500
   0.0003591400   -0.0000023900    0.0000598200
  -0.0021474600    0.0016363500   -0.0003108400
   0.0004749300    0.0000127600    0.0000251300
   0.0003420700   -0.0000123500    0.0000593700
   0.0008519000   -0.0005267500    0.0003903000
   0.0003584700    0.0000591200    0.0000395600
   0.0003287100    0.0000026500    0.0000585400
   0.0000492700   -0.0001737800    0.0000940400
  -0.0008773200    0.0002484800   -0.0000606600
   0.0003460500    0.0000119300    0.0000596900
   0.0001979900    0.0003091200    0.0001198200
  -0.0005844400   -0.0007298200   -0.0001468100
   0.0002870800   -0.0000102300    0.0000524300
  -0.0023718800    0.0008653400    0.0010056000
   0.0004592000   -0.0000412900    0.0001174100
   0.0003441400   -0.0000052700    0.0000472900
   0.0009894600   -0.0000541500   -0.0004166200
   0.0004235700    0.0000641200    0.0001097600
   0.0003344300   -0.0000017000    0.0000560200
   0.0003369500   -0.0003042800   -0.0001207700
  -0.0012305900    0.0006852100    0.0001915300
   0.0003289000    0.0000043300    0.0000541000
   0.0000397900    0.0000357500   -0.0000245600
  -0.0006461000   -0.0001705000   -0.0000877200
   0.0002704800    0.0000441700    0.0000768300
   0.0005257900    0.0003539600   -0.0002176800
  -0.0006566100   -0.0012064300    0.0007867400
   0.0002984500   -0.0000672900    0.0000831500
   0.0003398200    0.0000023400    0.0000460200
   0.0003445100    0.0000111600    0.0001214400
   0.0003289500    0.0000034600    0.0000571500
   0.0000958400   -0.0000137800   -0.0001791500
  -0.0008913900    0.0002001300    0.0000218800
   0.0003277800    0.0000004800    0.0000606700
   0.0000267900   -0.0000088800    0.0000516500
  -0.0006157100   -0.0000661000   -0.0002659600
   0.0002716900    0.0000483100    0.0000697600
   0.0000292700    0.0000032800    0.0000069100
  -0.0005625000   -0.0000385700   -0.0001184800
   0.0002303800   -0.0000100700    0.0000333800
   0.0003161900   -0.0000038900    0.0000516200
  -0.0007567300   -0.0000940200    0.0002647300
   0.0002972900   -0.0000496900    0.0000893600
   0.0003170600   -0.0000001900    0.0000462700
   0.0001253700    0.0000208200   -0.0001944900
   0.0003444900    0.0000065600    0.0000688600
   0.0001743900    0.0002280300    0.0002582600
  -0.0004899500   -0.0004051900   -0.0007010900
   0.0002894400   -0.0000021400    0.0000386100
   0.0003979100   -0.0000853700    0.0005324500
  -0.0002577200    0.0001639900   -0.0015531400
   0.0003162600   -0.0000060900   -0.0000213300
   0.0003365200   -0.0000090000    0.0000653800
  -0.0006452100    0.0002891200   -0.0003894500
   0.0003141400    0.0000081700   -0.0000094400
   0.0003151500   -0.0000067400    0.0000574500
   0.0000687000   -0.0001738700    0.0001379400
   0.0002848300    0.0000000100    0.0000485600
   0.0003232400    0.0000090800    0.0000604200
  -0.0000242300    0.0000244900    0.0000102100
  -0.0006152300   -0.0000476400   -0.0001327800
   0.5180391400   -0.0207193000    0.0761775000
   0.4523899200    0.0004462900    0.0773822500
   0.4528207800    0.0000190400    0.0772054600
   0.4522738700    0.0000440600    0.0771268900
   0.4524786200   -0.0006564900    0.0773621600
   0.4528175800    0.0000001000    0.0772076600
   0.4527115600    0.0002700400    0.0771270500
   0.4578460200    0.0025650200    0.0756768500
   0.4528262200   -0.0000200600    0.0771997600
   0.4530198400   -0.0000534000    0.0771756700
   0.4543552300    0.0009384800    0.0770806700
   0.4529095400   -0.0004281200    0.0773079400
   0.4525958000   -0.0002563200    0.0771455600
   0.4576395200    0.0019517700    0.0767994000
   0.4528216100    0.0006428300    0.0773165300
   0.4528180500    0.0000000100    0.0771975700
   0.4526303600   -0.0001351600    0.0764720300
   0.4528210200    0.0000119100    0.0771875000
   0.4526601700    0.0000934900    0.0774284900
   0.4568827700   -0.0007443200    0.0813272700
   0.4528317000   -0.0000169000    0.0771862800
   0.4529175600    0.0000971400    0.0772677100
   0.4543543500    0.0006722700    0.0778494800
   0.4529093800   -0.0005190600    0.0769054100
   0.4529129700   -0.0001050500    0.0773130000
   0.4542286400    0.0002041200    0.0772492500
   0.4531255500    0.0000876800    0.0771783900
   0.4528403700   -0.0000119500    0.0771947100
   0.4570193500    0.0001085900    0.0771748500
   0.4528061500    0.0005698600    0.0767658800
   0.4528342200    0.0000165400    0.0771959100
   0.4526161500   -0.0000793100    0.0774407300
   0.4528302600   -0.0000061700    0.0771760500
   0.4530145500   -0.0000715800    0.0772067300
   0.4541254000    0.0001489100    0.0784288000
   0.4529963200   -0.0001299800    0.0767988800
   0.4529538500    0.0000353800    0.0770732300
   0.4541529400   -0.0000559300    0.0776932700
   0.4530959200   -0.0000141100    0.0773521900
   0.4528413800   -0.0000084900    0.0771888000
   0.4541739500   -0.0000219900    0.0774121200
   0.4530777000    0.0000498600    0.0772673200
   0.4528560500    0.0000062200    0.0772039700
   0.4530740200    0.0000442900    0.0772634300
   0.4529721500    0.0000950900    0.0766518300
   0.4528430100    0.0000079900    0.0771903300
   0.4530953000   -0.0000070900    0.0773492100
   0.4541552100   -0.0000580800    0.0781996600
   0.4526305200   -0.0001370400    0.0769419000
   0.4570532100   -0.0000625500    0.0802387000
   0.4527583800    0.0004256300    0.0776873900
   0.4528189800    0.0000031800    0.0771921500
   0.4568208500   -0.0005733700    0.0783392300
   0.4526173700   -0.0000787000    0.0778732500
   0.4528316400    0.0000076800    0.0772110400
   0.4526975900    0.0002004900    0.0769629900
   0.4528171000   -0.0004376100    0.0775613700
   0.4528399100   -0.0000026400    0.0772084900
   0.4531232000    0.0000887400    0.0771855900
   0.4543569500    0.0006350200    0.0770162500
   0.4528283700   -0.0000085700    0.0771905900
   0.4530217400   -0.0001487500    0.0771414500
   0.4542227000    0.0002393000    0.0775734600
   0.4529198300    0.0000964000    0.0772676600
  -0.4537664300   -0.0000685000   -0.0773956400
  -0.4536159300   -0.0045261200   -0.0799807200
  -0.4549484100    0.0017913300   -0.0765078800
  -0.4537150700    0.0000193500   -0.0773354400
  -0.4563160400    0.0046871900   -0.0842814100
  -0.4571415500   -0.0004747700   -0.0757237000
  -0.4537551800    0.0000160200   -0.0773117000
  -0.4537525800    0.0000967600   -0.0773923700
  -0.4540352400   -0.0013621200   -0.0767631400
  -0.4537480800   -0.0000206000   -0.0773166300
  -0.4536885200    0.0000696300   -0.0773697600
  -0.4529045600    0.0008329900   -0.0777292900
  -0.4536993300   -0.0000148300   -0.0773410400
  -0.4536972400   -0.0000975800   -0.0773667800
  -0.4527357700    0.0002502300   -0.0772270400
  -0.4526756900    0.0001622300   -0.0772296400
  -0.4586112000   -0.0031980400   -0.0708180300
  -0.4565239900    0.0016469100   -0.0793463100
  -0.4537471000    0.0000437800   -0.0773591100
  -0.4537764000    0.0000149100   -0.0772526100
  -0.4554888400   -0.0019311200   -0.0787801700
  -0.4537977300   -0.0000079000   -0.0773654900
  -0.4537403200    0.0000946100   -0.0772956600
  -0.4581562200    0.0089276700   -0.0728751200
  -0.4537241500   -0.0000447300   -0.0773595000
  -0.4537061600   -0.0000117400   -0.0773260600
  -0.4528933900    0.0010392400   -0.0771082000
  -0.4525496100   -0.0003502200   -0.0773901800
  -0.4537424700   -0.0000974000   -0.0772778400
  -0.4548333300   -0.0023728500   -0.0761094100
  -0.4528539700    0.0006855100   -0.0774901500
  -0.4536733600    0.0000089000   -0.0773547800
  -0.4536784100   -0.0001362100   -0.0788562800
  -0.4537362000    0.0000202400   -0.0773863500
  -0.4537054900    0.0000113200   -0.0772702100
  -0.4531551700   -0.0000280300   -0.0762591800
  -0.4537204200   -0.0000319100   -0.0773813900
  -0.4536996900    0.0000105100   -0.0773640600
  -0.4530201600    0.0006037000   -0.0763645500
  -0.4525587900   -0.0003817900   -0.0773362900
  -0.4536953600   -0.0000068600   -0.0773474200
  -0.4528654900    0.0000978000   -0.0771446600
  -0.4527163200    0.0000938200   -0.0771215600
  -0.4536438300   -0.0000206400   -0.0773467100
  -0.4529829400   -0.0006126400   -0.0767684500
  -0.4528012900    0.0004416500   -0.0775882500
  -0.4536603100    0.0000323200   -0.0773515700
  -0.4536937300   -0.0000146400   -0.0772508400
  -0.4536964200   -0.0000048200   -0.0773581400
  -0.4536887600   -0.0000684700   -0.0774164800
  -0.4527839200    0.0000848100   -0.0769445900
  -0.4527142300    0.0000298400   -0.0770036000
  -0.4537100100    0.0000141400   -0.0774682700
  -0.4541331500    0.0000326700   -0.0802166300
  -0.4530258400    0.0000950300   -0.0764819500
  -0.4536784200   -0.0000084600   -0.0773251400
  -0.4527810900    0.0000808500   -0.0779525300
  -0.4529642800   -0.0001183100   -0.0766321500
  -0.4536685300    0.0000041000   -0.0773033800
  -0.4536686700    0.0000714700   -0.0773978700
  -0.4526953400   -0.0000066900   -0.0771768500
  -0.4536887300    0.0000091400   -0.0773369300
  -0.4536478500   -0.0000167900   -0.0773451400
  -0.4531112000    0.0000897700   -0.0771912500
