512  
4    

1    
 -0.0036910258050018   0.0036910258050018   0.0085295168100908
   0.0510967000   -0.0503664700   -0.1244821900
  -0.0010326900    0.0020473700    0.0036027400
  -0.0003475500    0.0003485400    0.0009066600
  -0.0020375700    0.0010384700    0.0035827900
   0.0014527400   -0.0017295300    0.0008816200
   0.0000566300   -0.0000487700    0.0008892200
  -0.0003863800    0.0003207600    0.0002853400
  -0.0014226000    0.0010736300   -0.0011733400
   0.0002198000   -0.0002172000    0.0004097700
   0.0000251100    0.0000148200   -0.0000256900
  -0.0002099900    0.0002109200   -0.0003069100
  -0.0000129500   -0.0000173300   -0.0000274300
   0.0017311900   -0.0014526700    0.0008812400
  -0.0010695400    0.0014205600   -0.0011731600
  -0.0003165600    0.0003894500    0.0002890700
   0.0000550300   -0.0000561500    0.0008945400
  -0.0010718900   -0.0016930100    0.0019560800
   0.0009647200    0.0055603300   -0.0027310100
  -0.0001305900    0.0010604200    0.0006076800
  -0.0003467800   -0.0000057600    0.0008052100
  -0.0056308900   -0.0009516500   -0.0027163200
   0.0016972500    0.0010683400    0.0019613300
   0.0000048500    0.0003492900    0.0008007000
  -0.0010582900    0.0001316400    0.0006016700
   0.0001363800   -0.0002993700   -0.0001040600
   0.0002503800   -0.0000074500    0.0005407500
   0.0001551700    0.0002197700    0.0001468000
  -0.0005292900   -0.0000688100   -0.0004845500
   0.0000039900   -0.0002510100    0.0005439700
   0.0003050200   -0.0001359600   -0.0001125800
   0.0000723900    0.0005252500   -0.0004801300
  -0.0002221700   -0.0001526900    0.0001487700
  -0.0002514600   -0.0003178500    0.0006542700
  -0.0000877500   -0.0003025100    0.0000292200
   0.0002139600    0.0015489200   -0.0010323600
   0.0000312600   -0.0003827800    0.0001222900
  -0.0007700000   -0.0003497500    0.0003158100
   0.0006440900   -0.0006568800   -0.0013264200
   0.0003454900    0.0007709100    0.0003076100
  -0.0000397500    0.0000378100    0.0005390400
  -0.0015571300   -0.0002143200   -0.0010306600
   0.0003006800    0.0000856000    0.0000369800
   0.0003164400    0.0002485400    0.0006577400
   0.0003854400   -0.0000290900    0.0001202000
  -0.0008148100   -0.0005942700    0.0004013600
  -0.0000401800    0.0000400700    0.0005400000
   0.0005956800    0.0008139300    0.0003931300
   0.0010015000   -0.0010000900   -0.0010233900
  -0.0007889700   -0.0027059200    0.0025217900
  -0.0002843100   -0.0000071100    0.0008299700
  -0.0003732800    0.0009732000    0.0005324100
   0.0009548700    0.0091703300   -0.0042559800
   0.0000074900   -0.0003208300    0.0005720100
  -0.0002581500   -0.0000880900    0.0001089700
  -0.0001085300    0.0005242000   -0.0005587600
   0.0001844300   -0.0000990300   -0.0001725400
   0.0000953500   -0.0001845100   -0.0001687200
  -0.0005245400    0.0001027100   -0.0005599800
   0.0000893900    0.0002507100    0.0001054800
   0.0003170300   -0.0000071100    0.0005709200
  -0.0091719100   -0.0009566300   -0.0042783100
  -0.0009796900    0.0003794000    0.0005401800
   0.0000095000    0.0002833300    0.0008351300
   0.0026946600    0.0007915700    0.0025078500
   0.0234075200   -0.0031237700    0.0000077400
   0.0003660400    0.0003647000    0.0017105500
  -0.0003261100    0.0002806200    0.0006310400
  -0.0039190000    0.0008373000    0.0000140400
   0.0004148600   -0.0002721100    0.0005095300
   0.0001574000    0.0000808000    0.0004030300
  -0.0002107600    0.0001957200   -0.0002184700
  -0.0003543000   -0.0001488100   -0.0006320900
   0.0002753200   -0.0004171600    0.0005096600
   0.0001519000    0.0003456000   -0.0006340900
  -0.0001893400    0.0002067700   -0.0002163100
  -0.0000766100   -0.0001590400    0.0004003600
   0.0030926000   -0.0233310300    0.0001030600
  -0.0008345900    0.0039443400    0.0000070700
  -0.0002780100    0.0003307100    0.0006313500
  -0.0003676400   -0.0003633500    0.0016963200
  -0.0021608000   -0.0016043500   -0.0002744500
   0.0016042800    0.0021683200   -0.0002887900
   0.0001083200    0.0004158700    0.0005569700
  -0.0004123400   -0.0001115000    0.0005501300
  -0.0000337900   -0.0002538100   -0.0009657400
   0.0005655300    0.0001677800    0.0007656500
   0.0002270700    0.0001862100    0.0004344900
  -0.0006571800   -0.0001459400   -0.0005433400
  -0.0001943100   -0.0001830800    0.0004821200
   0.0001854600    0.0001965000    0.0004825900
   0.0006173900    0.0004183700   -0.0004029200
  -0.0004175600   -0.0006211600   -0.0004004200
  -0.0001689900   -0.0005615200    0.0007614800
   0.0002499100    0.0000185000   -0.0009603000
   0.0001427500    0.0006558800   -0.0005428000
  -0.0001853100   -0.0002287300    0.0004334800
  -0.0002307400   -0.0002512500    0.0004450500
  -0.0001793600   -0.0001182900   -0.0002901500
   0.0001490900    0.0006571800   -0.0005410300
   0.0001095600   -0.0002399500    0.0002705400
  -0.0006586600   -0.0001500100   -0.0005357700
   0.0001150000    0.0001825900   -0.0002908400
   0.0002528600    0.0002323500    0.0004450000
   0.0002327900   -0.0001134800    0.0002670700
  -0.0027059800   -0.0002476800    0.0001888900
  -0.0001924700    0.0001569100    0.0006360300
   0.0004223500    0.0005802500    0.0010033000
   0.0027841900   -0.0009344500   -0.0021363300
  -0.0005824500   -0.0004198000    0.0010091500
  -0.0001609400    0.0001964800    0.0006303800
   0.0002521900    0.0026869500    0.0001960400
   0.0009357900   -0.0027945800   -0.0021403700
   0.0003698900   -0.0005510000    0.0013092300
  -0.0001765400    0.0000798800    0.0005515300
  -0.0006506600    0.0008850900   -0.0000651100
  -0.0001646800   -0.0010159100   -0.0024297600
   0.0001313600   -0.0001578100    0.0002405000
  -0.0002089700    0.0000926400   -0.0002569800
  -0.0000937600    0.0002077300   -0.0002562200
   0.0001620400   -0.0001344200    0.0002461400
   0.0010206300    0.0001704900   -0.0024251500
  -0.0008840000    0.0006480900   -0.0000573600
  -0.0000794100    0.0001769200    0.0005495900
   0.0005517000   -0.0003647700    0.0013044600
  -0.0268729200   -0.0031450700    0.0218708000
  -0.0007332400    0.0003130900    0.0012619400
  -0.0003130500    0.0007215600    0.0012502800
   0.0030727700    0.0265496800    0.0215782300
   0.0003845400   -0.0001418200    0.0025604000
  -0.0000541000    0.0000555900    0.0002932300
  -0.0002796700    0.0002603400    0.0002097800
  -0.0057736400    0.0051083300   -0.0030741600
   0.0000713300   -0.0000453500    0.0001581200
  -0.0000269000    0.0000401400    0.0000402600
  -0.0001314600    0.0000905400   -0.0001195300
   0.0000738500   -0.0001350300   -0.0000608400
   0.0001286000   -0.0000784900   -0.0000622000
  -0.0000931400    0.0001294000   -0.0001194100
  -0.0000443600    0.0000276900    0.0000390800
   0.0000487200   -0.0000674500    0.0001580000
  -0.0051152200    0.0057972200   -0.0031187400
  -0.0002598200    0.0002793300    0.0002119600
  -0.0000551800    0.0000547100    0.0002929800
   0.0001415900   -0.0003745800    0.0025549200
   0.0018951400   -0.0019412700   -0.0028372900
   0.0001409800    0.0004325300    0.0002990000
  -0.0000586200    0.0000586000    0.0001917200
  -0.0004318300   -0.0001404300    0.0002962000
   0.0003728400   -0.0000812100    0.0000944800
   0.0000806300    0.0000447100    0.0002195800
  -0.0000576600    0.0000648800    0.0000403200
  -0.0003790600   -0.0000105200   -0.0002867200
   0.0000389000   -0.0000402600    0.0001295300
   0.0000827800    0.0000748800    0.0000112300
  -0.0000147400    0.0000133100   -0.0001315000
  -0.0000723800   -0.0000831600    0.0000128100
   0.0000847600   -0.0003810300    0.0000947200
   0.0000146300    0.0003772500   -0.0002857400
  -0.0000622600    0.0000562900    0.0000400600
  -0.0000471500   -0.0000807500    0.0002180800
  -0.0001575400   -0.0001955200    0.0000870500
   0.0001315900    0.0002476400   -0.0002479800
   0.0000589600    0.0000913000   -0.0000043700
  -0.0000433500   -0.0000555700    0.0001426900
  -0.0002536800   -0.0001365900   -0.0002489800
   0.0001913900    0.0001598100    0.0000888500
   0.0000555000    0.0000419000    0.0001418400
  -0.0000934300   -0.0000572400   -0.0000055200
  -0.0001386800   -0.0000318600    0.0000913000
   0.0000486300    0.0000662300    0.0001823000
   0.0002526400    0.0001477900    0.0000614400
  -0.0002688300   -0.0003083400   -0.0002834700
  -0.0000669100   -0.0000470200    0.0001841900
   0.0000354800    0.0001424400    0.0000903600
   0.0003138300    0.0002651400   -0.0002824000
  -0.0001454600   -0.0002507400    0.0000618600
  -0.0000433000   -0.0000588800    0.0002349400
  -0.0000910300    0.0000750300    0.0000740800
  -0.0001682100    0.0003995300   -0.0002445500
   0.0001442700   -0.0003836900   -0.0001033900
  -0.0000555000   -0.0000479700   -0.0000007800
  -0.0000537200    0.0000574600   -0.0001085800
   0.0000480600    0.0000559300    0.0000005300
   0.0000422400   -0.0000419300    0.0000938900
  -0.0003955500    0.0001665200   -0.0002452300
  -0.0000722200    0.0000871400    0.0000774700
   0.0000588000    0.0000405200    0.0002351400
   0.0003846400   -0.0001437600   -0.0001053400
  -0.0006122700   -0.0000849500    0.0005500000
  -0.0000748900    0.0000729200    0.0002367900
   0.0000854800    0.0006091000    0.0005441900
   0.0026046700   -0.0025711000   -0.0033549600
   0.0010570300    0.0070542000    0.0054410200
  -0.0000550900    0.0002065500    0.0003160100
  -0.0002041700    0.0000512100    0.0003127200
  -0.0069747500   -0.0010308300    0.0053858800
   0.0001534200   -0.0000613700    0.0003194800
  -0.0000114800    0.0000419300    0.0001571000
  -0.0002580400    0.0001443300   -0.0000292700
   0.0001610100   -0.0002082600   -0.0005464300
   0.0000671800   -0.0000350200    0.0000731500
   0.0000031100    0.0000629700   -0.0000618500
  -0.0000625500   -0.0000059100   -0.0000621900
   0.0000330400   -0.0000743600    0.0000713200
   0.0002124700   -0.0001668100   -0.0005471200
  -0.0001378600    0.0002531500   -0.0000265700
  -0.0000435600    0.0000116900    0.0001592400
   0.0000646400   -0.0001532900    0.0003182500
   0.0000200500   -0.0004671600   -0.0004419200
   0.0001097400    0.0004399100   -0.0000450600
  -0.0000278600    0.0000329900    0.0001422400
  -0.0001441900   -0.0001123100    0.0002163600
   0.0004623500   -0.0000253200   -0.0004444600
   0.0001142500    0.0001435400    0.0002181100
  -0.0000317600    0.0000238200    0.0001414900
  -0.0004429600   -0.0001129500   -0.0000431600
   0.0000541200   -0.0000276700    0.0001035700
   0.0001059100    0.0000689600    0.0001311300
   0.0000503500    0.0000141200   -0.0001066200
  -0.0001813300   -0.0001547000   -0.0001092400
   0.0000293400   -0.0000566800    0.0001027300
   0.0001506700    0.0001806200   -0.0001118000
  -0.0000124000   -0.0000433300   -0.0001046900
  -0.0000699900   -0.0001034400    0.0001328000
  -0.0000601000   -0.0000518800    0.0001353300
  -0.0000482900    0.0001802500   -0.0000909500
   0.0001152400    0.0001343100   -0.0003228100
  -0.0000306800   -0.0002019000    0.0001883700
  -0.0001382900   -0.0001180900   -0.0000958300
   0.0001189500    0.0001408900   -0.0000966900
   0.0000606000    0.0000382000    0.0000953600
  -0.0000360900   -0.0000560100    0.0000941900
  -0.0001834400    0.0000538600   -0.0000902300
   0.0000538400    0.0000666900    0.0001344600
   0.0001981300    0.0000317000    0.0001869900
  -0.0001290600   -0.0001162700   -0.0003221500
  -0.0001196100   -0.0000303800    0.0002027400
   0.0000261500    0.0001182800    0.0002001400
   0.0008289400    0.0006714200   -0.0000032400
  -0.0006724500   -0.0008308400   -0.0000046500
  -0.0000612300   -0.0000648800    0.0006027300
  -0.0000941400    0.0000870200    0.0001926500
  -0.0005967400    0.0009695700    0.0000975200
   0.0010520100   -0.0056629900   -0.0000072800
  -0.0000100000   -0.0000357100    0.0001169800
  -0.0000794500    0.0000613300   -0.0000428600
  -0.0000140500    0.0000694200   -0.0001741700
   0.0000930500   -0.0001456700    0.0000927500
  -0.0000693900    0.0000140600   -0.0001750100
  -0.0000646300    0.0000809900   -0.0000418700
   0.0000366600    0.0000092900    0.0001178300
   0.0001420800   -0.0000920600    0.0000908500
  -0.0009727200    0.0005972400    0.0001002600
  -0.0000864500    0.0000959700    0.0001960000
   0.0000642900    0.0000638400    0.0006001900
   0.0056449800   -0.0010366700    0.0000080200
  -0.0065122600    0.0040241300    0.0220347900
   0.0002729800   -0.0002398600    0.0000091800
   0.0004224600   -0.0001695900    0.0009185600
   0.0050870300   -0.0026223900   -0.0016304000
  -0.0004557800    0.0001967900    0.0010530900
   0.0000265600   -0.0000166200    0.0010662500
   0.0004491700   -0.0001568400    0.0014528800
   0.0000917600    0.0001212500    0.0024256600
  -0.0002545000    0.0000906500    0.0012630600
   0.0000760800   -0.0000745000    0.0016439700
   0.0001689300   -0.0000700900    0.0016723000
  -0.0000597800    0.0000417300    0.0013950100
  -0.0032033200    0.0017960300    0.0023845100
   0.0011429600   -0.0006471700    0.0018280900
   0.0002054100   -0.0000909100    0.0012074100
  -0.0001551700    0.0001409900    0.0006796900
   0.0022054200    0.0029592100    0.0006131800
  -0.0006736100   -0.0016214300    0.0016635700
   0.0001151900   -0.0001787000    0.0010635800
   0.0005498500    0.0000603500    0.0009033800
  -0.0032785200    0.0002824700    0.0045132400
  -0.0005362200   -0.0001090700    0.0006622100
   0.0000620200   -0.0000877200    0.0010692500
   0.0015386900   -0.0000855500    0.0012707500
  -0.0001170100    0.0000785600    0.0013853000
  -0.0002125200   -0.0000380800    0.0012056800
  -0.0001206500   -0.0000750700    0.0015285200
   0.0003781800    0.0001071000    0.0018156500
  -0.0000927700    0.0001888800    0.0011117300
  -0.0003444800   -0.0000720900    0.0018051900
   0.0001179600   -0.0001442400    0.0017439300
   0.0001596200    0.0000645000    0.0012889800
   0.0002756100    0.0001485200    0.0011034800
   0.0000148100    0.0000372200    0.0017127700
  -0.0002168500   -0.0002999600    0.0019960600
   0.0000618300    0.0000908100    0.0012711800
   0.0010412500    0.0002314100    0.0014703900
  -0.0008489900   -0.0002116000    0.0021470800
  -0.0002159200   -0.0001381300    0.0012208600
   0.0001146800    0.0000194500    0.0011749400
   0.0010910300    0.0000783600    0.0021514600
  -0.0001800100   -0.0000511500    0.0012898100
  -0.0003960300   -0.0001211500    0.0010837800
  -0.0003365500    0.0001356900    0.0016770300
   0.0003804900    0.0001139400    0.0011538700
  -0.0000361700   -0.0000678300    0.0011669200
  -0.0008804900   -0.0004749500    0.0014257100
   0.0001995500    0.0005445800    0.0021099000
   0.0001903000    0.0003244300    0.0004056800
   0.0002195300   -0.0000389000    0.0010637800
   0.0005482200   -0.0005833900    0.0013403800
  -0.0006684100    0.0001511000    0.0041910300
   0.0000698700    0.0000822000    0.0011984300
   0.0002505400    0.0000083300    0.0015646000
  -0.0000696600   -0.0001526100    0.0018328700
  -0.0001622000    0.0000495700    0.0014272500
   0.0001554900    0.0000119900    0.0018788500
   0.0003774400   -0.0001080300    0.0017648900
  -0.0001056900   -0.0000685600    0.0013044400
  -0.0005118600    0.0000686500    0.0010921700
   0.0062121900    0.0002860000    0.0016907700
   0.0004422400   -0.0000902700    0.0010618600
  -0.0000917000   -0.0002644400    0.0008250000
  -0.0060881500   -0.0014613900    0.0001321900
  -0.0015226900    0.0004794900    0.0007753600
  -0.0000413300   -0.0001721200    0.0008159600
   0.0002205700   -0.0003397900    0.0012888200
   0.0012970100   -0.0006605900    0.0024333800
  -0.0000926300    0.0001319200    0.0012813100
  -0.0000358900   -0.0001405600    0.0014685200
   0.0001047700   -0.0000980500    0.0018306200
   0.0000069800    0.0002188700    0.0018305300
  -0.0002583600    0.0006711600    0.0013645800
   0.0001210200   -0.0008028900    0.0021384300
   0.0000812800   -0.0001153700    0.0016231800
  -0.0000147700    0.0002114300    0.0012551800
  -0.0036051800    0.0045718200    0.0141790700
   0.0001258900   -0.0015680900    0.0009499200
   0.0001218700   -0.0001845600    0.0011328400
   0.0008739200    0.0006858400   -0.0002720900
   0.0004763300    0.0015567200    0.0023860000
  -0.0002981500   -0.0009599900    0.0013166600
  -0.0000032200   -0.0001872600    0.0012333900
   0.0003128200    0.0001982600    0.0013027600
  -0.0000537200    0.0001368600    0.0017153200
  -0.0001226200   -0.0001482600    0.0011578300
  -0.0000974200   -0.0001758500    0.0014585400
   0.0003342600    0.0003088400    0.0020793700
   0.0000130200    0.0001301500    0.0012681700
  -0.0001247700   -0.0003296300    0.0013784400
  -0.0001741400   -0.0000888100    0.0020512000
   0.0001433000    0.0004253200    0.0016675500
   0.0001207100    0.0009695300    0.0011316500
  -0.0001530800   -0.0018932300    0.0028005400
  -0.0000041100   -0.0003086800    0.0017042900
   0.0000901800    0.0002042900    0.0012475100
   0.0001465400    0.0002847200    0.0014227400
  -0.0000733600   -0.0001752800    0.0019510600
  -0.0000802900   -0.0003070700    0.0017718200
   0.0000003800    0.0001548800    0.0013587300
   0.0003302000    0.0000009600    0.0020495200
  -0.0000654700   -0.0002320900    0.0016280200
  -0.0001190600   -0.0001292800    0.0012687200
  -0.0000694500    0.0002008200    0.0015940700
   0.0004445300    0.0001361800    0.0011411000
   0.0000150700   -0.0001961800    0.0011664500
  -0.0004781200   -0.0010225900    0.0008978700
   0.0005670100    0.0026188300    0.0034329300
   0.0001033200    0.0001883200    0.0010639300
   0.0000645100   -0.0003348700    0.0012898000
  -0.0001545000   -0.0026397600    0.0021934400
  -0.0000280600    0.0013970800    0.0018159800
  -0.0000375400    0.0002100700    0.0009924000
   0.0000862500   -0.0001387700    0.0013801100
   0.0002203800   -0.0007166100    0.0018708700
  -0.0001378400    0.0007967400    0.0021761600
  -0.0000213800    0.0001176700    0.0015741800
   0.0001022200   -0.0002056600    0.0018413100
  -0.0000092800   -0.0001182000    0.0016711100
  -0.0000875500    0.0001518400    0.0013828800
   0.0013927400   -0.0017247700    0.0033901200
   0.0002230200   -0.0004406800    0.0014627700
  -0.0000107100   -0.0001404100    0.0011430600
  -0.0011264700    0.0006854800    0.0001926900
   0.0011794800    0.0004872600   -0.0025289600
   0.0001361500   -0.0002016500    0.0009382100
   0.0003407300   -0.0013132600    0.0006627700
  -0.0036355400    0.0150444000    0.0140651800
  -0.0044461200    0.0035826200    0.0109232500
  -0.0006952500   -0.0008689100   -0.0034917900
   0.0001791200   -0.0001252600   -0.0020949800
   0.0015605300   -0.0001295600   -0.0022749300
  -0.0006674000    0.0002563800   -0.0018563800
  -0.0002128000    0.0000162400   -0.0019681900
   0.0001162000   -0.0000792500   -0.0015982800
   0.0008010500   -0.0001222000   -0.0010870800
  -0.0001351900    0.0000965000   -0.0019343400
  -0.0002191800   -0.0000033400   -0.0013968200
   0.0001062500   -0.0001064100   -0.0013881300
   0.0001402200    0.0000410000   -0.0017641000
  -0.0004801100    0.0015279500   -0.0024563600
   0.0006345900   -0.0012900600   -0.0007677900
   0.0003461600   -0.0002248200   -0.0019398500
   0.0001747500    0.0000308400   -0.0023994400
   0.0009672000    0.0002940000   -0.0019113500
  -0.0015413000   -0.0004615800   -0.0008279900
  -0.0002025600   -0.0003172600   -0.0019111300
   0.0001875400   -0.0000047800   -0.0019858100
   0.0019186900    0.0001535800   -0.0004096700
  -0.0009627100   -0.0001173700   -0.0020968000
  -0.0002028400   -0.0000922000   -0.0019780500
   0.0003112200   -0.0000061900   -0.0015164300
   0.0003333900    0.0001288200   -0.0018446600
  -0.0001264800   -0.0000092800   -0.0019574400
  -0.0004240600   -0.0001462400   -0.0015553500
   0.0000935200    0.0001742200   -0.0011784200
   0.0001484200    0.0001352300   -0.0020694700
  -0.0001332300    0.0000604900   -0.0015231000
  -0.0003170000   -0.0003330800   -0.0011367000
   0.0001769600    0.0000994500   -0.0017837000
   0.0001290000    0.0001292900   -0.0019570500
   0.0002352300    0.0000757800   -0.0015997100
   0.0000049300   -0.0003372600   -0.0011748400
  -0.0002009300    0.0000707200   -0.0016292900
   0.0003098300    0.0000769500   -0.0014396300
   0.0001822000    0.0000795100   -0.0012713300
  -0.0002834100   -0.0001542600   -0.0018090700
  -0.0001576800   -0.0000041600   -0.0018623700
   0.0026319100    0.0001492200   -0.0010115600
   0.0003327200   -0.0000647400   -0.0019314400
  -0.0001848100   -0.0001072900   -0.0021598400
  -0.0013986500    0.0000188400   -0.0013994100
   0.0010173700    0.0004804200   -0.0023277000
   0.0001977200   -0.0000153100   -0.0020600300
  -0.0001358100   -0.0004480400   -0.0020815600
  -0.0026290400   -0.0005686800    0.0002075400
  -0.0006917100    0.0011264000   -0.0030237400
   0.0001375800    0.0000119500   -0.0020810900
   0.0004396700   -0.0002282500   -0.0017666200
   0.0017308500   -0.0013924400    0.0001631600
  -0.0001503100    0.0000916400   -0.0018408200
   0.0001136000    0.0000195000   -0.0015448600
   0.0002014200   -0.0001097100   -0.0013816000
  -0.0001160000    0.0000256000   -0.0016514600
  -0.0008035500    0.0001423600   -0.0010468900
   0.0007196000   -0.0002154000   -0.0013511800
   0.0001371200   -0.0000927200   -0.0018520800
  -0.0002089000    0.0000312800   -0.0022356500
  -0.0155506300    0.0035494200    0.0107535900
   0.0013191400   -0.0003431600   -0.0025768700
   0.0002026600   -0.0001389900   -0.0022967800
  -0.0004794700   -0.0011822100   -0.0057241300
  -0.0001489500    0.0001591700   -0.0023233700
   0.0000829900   -0.0002033300   -0.0017961600
   0.0006434300   -0.0011459200   -0.0011739300
  -0.0017858500    0.0031947500   -0.0006000300
  -0.0000362300    0.0000579500   -0.0015982000
   0.0000617200   -0.0001705800   -0.0013226000
   0.0000695000   -0.0000811500   -0.0013634700
  -0.0000839600    0.0002530200   -0.0017351400
  -0.0001285800   -0.0000910100   -0.0005661000
   0.0001677800   -0.0004468200   -0.0015588500
   0.0000154100   -0.0000290300   -0.0019284300
  -0.0001933600    0.0004583300   -0.0019495300
   0.0026392400   -0.0051257200   -0.0046598200
   0.0001695400   -0.0004240300   -0.0020788400
   0.0002402600   -0.0002690700   -0.0029866100
  -0.0040459100    0.0065334700    0.0173967700
  -0.0029704300   -0.0022009400   -0.0023794000
  -0.0000753000   -0.0005482600   -0.0021032100
   0.0001711800   -0.0001118100   -0.0019354900
   0.0016206400    0.0006659400   -0.0013545800
  -0.0001759400    0.0000932000   -0.0018898500
  -0.0000569100   -0.0001612200   -0.0017106700
   0.0001481900   -0.0001244000   -0.0012622100
   0.0000750600    0.0003431600   -0.0011959600
  -0.0000700100    0.0001191000   -0.0016240400
  -0.0001116800   -0.0003738600   -0.0011764800
   0.0000861300    0.0001161400   -0.0014740400
   0.0000380700    0.0002164200   -0.0018031600
  -0.0002832200    0.0032749100    0.0015035700
   0.0000704400   -0.0015426800   -0.0017270600
   0.0000907800   -0.0000696100   -0.0019286600
   0.0001115400    0.0005322100   -0.0023433800
   0.0002303500    0.0008545300   -0.0008558100
  -0.0002257300   -0.0010382400   -0.0015354900
  -0.0000331800   -0.0001212300   -0.0018238000
   0.0001338300    0.0002129900   -0.0017727300
  -0.0000315300   -0.0000111000   -0.0012780100
  -0.0001359900   -0.0002777000   -0.0018987100
  -0.0000895100   -0.0000582500   -0.0017175300
   0.0003022000    0.0002217600   -0.0010049000
   0.0000694900    0.0000423200   -0.0018424200
  -0.0001089800   -0.0003786300   -0.0018492300
  -0.0005483300   -0.0001998400   -0.0008879900
   0.0004771300    0.0008876700   -0.0015766500
   0.0000460000    0.0001831900   -0.0017179100
  -0.0000738400   -0.0010774100   -0.0008654300
  -0.0001503900    0.0003398900   -0.0013266800
   0.0001181500    0.0004034700   -0.0019226400
   0.0000605100    0.0001078300   -0.0016811900
   0.0001154200   -0.0003770600   -0.0012292500
  -0.0000034900   -0.0001596400   -0.0011276100
  -0.0000723400    0.0005128800   -0.0019044200
   0.0001445600    0.0000733200   -0.0011595600
  -0.0000103300   -0.0002518600   -0.0014409000
  -0.0000722100   -0.0000674700   -0.0017959500
  -0.0000495300    0.0001616400   -0.0015647900
   0.0005863600   -0.0005538300   -0.0016645800
   0.0000430700   -0.0002240000   -0.0019380500
  -0.0003191700   -0.0001982200   -0.0025897500
  -0.0001585500    0.0006626200    0.0012016800
   0.0002567600    0.0000937600   -0.0021833100
   0.0000847000   -0.0004467900   -0.0019512800
  -0.0002801500   -0.0061662200   -0.0013106600
   0.0014530400    0.0061226100   -0.0028788100

129  
 -0.0036910258050018   0.0036910258050018   0.0085295168100908
   0.0003707000   -0.0001402300    0.0025511700
  -0.0057470100    0.0051581300   -0.0031206700
  -0.0002491800    0.0002350600    0.0002403000
  -0.0000832000    0.0000848700    0.0002791600
  -0.0051462000    0.0057453200   -0.0030721500
   0.0001452900   -0.0003711700    0.0025522100
  -0.0000780200    0.0000827000    0.0002776100
  -0.0002377900    0.0002497700    0.0002292100
   0.0000949200   -0.0000473200   -0.0000893600
   0.0000590800   -0.0000909100    0.0001803700
  -0.0000457700    0.0000344500    0.0000400200
  -0.0000995800    0.0001363400   -0.0001192300
   0.0000885800   -0.0000606100    0.0001721000
   0.0000452000   -0.0000973200   -0.0000870400
  -0.0001266800    0.0001036000   -0.0001195300
  -0.0000325000    0.0000404200    0.0000400200
  -0.0000703600   -0.0000716300    0.0002316500
   0.0001398900   -0.0004313200   -0.0000806300
  -0.0000444400    0.0004770400   -0.0002187600
  -0.0000810700    0.0000810200    0.0000828400
  -0.0006437900   -0.0000796800    0.0005346900
   0.0025221300   -0.0025681800   -0.0033863800
   0.0000770300    0.0006435200    0.0005323200
  -0.0000837800    0.0000848000    0.0002314300
  -0.0004822700    0.0000440700   -0.0002210300
   0.0004308000   -0.0001378300   -0.0000858300
   0.0000676300    0.0000769600    0.0002277000
  -0.0000847600    0.0000779000    0.0000750100
  -0.0000620600   -0.0000354100   -0.0000015200
   0.0000532800   -0.0000436100    0.0000887600
   0.0000393700    0.0000593400   -0.0000005800
  -0.0000553600    0.0000561400   -0.0001088700
  -0.0001382400   -0.0001603400    0.0000852700
  -0.0000572500   -0.0000602900    0.0001390800
   0.0000483600    0.0000924500   -0.0000044500
   0.0000922000    0.0001781600   -0.0002327400
  -0.0000698400   -0.0000545000    0.0001892000
  -0.0001208700   -0.0002121400    0.0000585300
   0.0001774400    0.0001776000   -0.0003056200
   0.0000335800    0.0001402300    0.0000886500
  -0.0001447200   -0.0000268800    0.0000981500
  -0.0001790200   -0.0001780900   -0.0002983000
   0.0002082600    0.0001217300    0.0000580800
   0.0000478700    0.0000708900    0.0001810300
  -0.0001723500   -0.0000929100   -0.0002322200
  -0.0000956000   -0.0000523400   -0.0000076200
   0.0000633400    0.0000549100    0.0001361400
   0.0001637000    0.0001361500    0.0000836200
   0.0019729200   -0.0019253400   -0.0028016500
  -0.0005002200   -0.0001393800    0.0002673200
  -0.0000633800    0.0000647700    0.0001870400
   0.0001354900    0.0004921500    0.0002693500
   0.0000844600   -0.0004014500    0.0001068900
  -0.0000678600   -0.0000983100    0.0002259900
  -0.0000634900    0.0000591200    0.0000443200
   0.0000438900    0.0004723800   -0.0003137300
   0.0000358800   -0.0000385400    0.0001390300
  -0.0000795300   -0.0000664100    0.0000014100
  -0.0000200500    0.0000176400   -0.0001374900
   0.0000641600    0.0000790800    0.0000032000
   0.0004042500   -0.0000803700    0.0001200400
  -0.0004757300   -0.0000428100   -0.0003081700
  -0.0000545400    0.0000624900    0.0000521800
   0.0001036200    0.0000648900    0.0002181700
  -0.0068958400   -0.0010281200    0.0054176700
   0.0010503500    0.0069821700    0.0054765800
  -0.0001142900    0.0001590500    0.0003077600
  -0.0001607300    0.0001116900    0.0003093300
   0.0000531200   -0.0000791500   -0.0006484200
   0.0003705000   -0.0000572800    0.0004201700
  -0.0000164100    0.0000625800    0.0001582300
  -0.0002624500    0.0001550800   -0.0000287600
   0.0000355000   -0.0000641200    0.0000725300
   0.0000590800   -0.0000379500    0.0000768300
  -0.0000172600    0.0000656100   -0.0000696600
  -0.0000641900    0.0000138300   -0.0000720800
   0.0000596500   -0.0003651900    0.0004192000
   0.0000854700   -0.0000657000   -0.0006421500
  -0.0001543300    0.0002690800   -0.0000381900
  -0.0000606100    0.0000130100    0.0001491200
  -0.0001347400   -0.0001671400    0.0002506100
   0.0001451000   -0.0006741000   -0.0002948700
   0.0001068700    0.0006114400   -0.0001126200
  -0.0000391700    0.0000390000    0.0001357900
  -0.0006094000   -0.0001087100   -0.0001224000
   0.0006759900   -0.0001435300   -0.0002941900
   0.0001641300    0.0001386900    0.0002488100
  -0.0000332400    0.0000376200    0.0001344800
  -0.0001819200   -0.0000671000   -0.0001504300
   0.0000793500   -0.0000200100    0.0001140600
   0.0000773900    0.0000755700    0.0001273900
   0.0000442900    0.0000391100   -0.0001096100
  -0.0000753900   -0.0000754300    0.0001180200
   0.0000262800   -0.0000786900    0.0001141800
   0.0000709400    0.0001891700   -0.0001534400
  -0.0000418600   -0.0000466200   -0.0001143100
  -0.0000558900   -0.0001464600    0.0001606400
  -0.0000626400   -0.0000626200    0.0001460200
   0.0000225400    0.0001845400   -0.0000564100
   0.0001053500   -0.0000353700   -0.0002499800
  -0.0000367600   -0.0000681300    0.0001057200
  -0.0001374300   -0.0001222000   -0.0000924300
   0.0001177600    0.0001372300   -0.0000858000
   0.0000654300    0.0000358600    0.0000983700
   0.0000221800   -0.0001044600   -0.0002573500
  -0.0001810400   -0.0000261300   -0.0000540800
   0.0000665600    0.0000589500    0.0001434100
   0.0001438100    0.0000514900    0.0001601300
  -0.0005809500   -0.0003789000   -0.0001524700
  -0.0001587300   -0.0000210200    0.0001905600
   0.0000293600    0.0001504900    0.0001967100
   0.0003833600    0.0005733400   -0.0001582000
   0.0010509500   -0.0055784600   -0.0000476500
  -0.0002854800   -0.0000548600    0.0005179800
  -0.0000854400    0.0001075000    0.0001912300
  -0.0001567100    0.0011921700    0.0001928500
   0.0001064500   -0.0001253200    0.0000949200
  -0.0000134900   -0.0000411100    0.0001229900
  -0.0000669100    0.0000683600   -0.0000357000
   0.0000104600    0.0000798100   -0.0001645400
   0.0001194300   -0.0001029200    0.0000972200
  -0.0000793800   -0.0000080100   -0.0001678800
  -0.0000642200    0.0000708400   -0.0000307100
   0.0000403600    0.0000159000    0.0001133300
   0.0055563300   -0.0010324000   -0.0000271800
  -0.0012019100    0.0001507700    0.0001976400
  -0.0001049000    0.0000744200    0.0001864000
   0.0000615700    0.0002787000    0.0005080800
   0.0164969900   -0.0166709100   -0.0093090400
  -0.0001617000    0.0001031100    0.0002560400
  -0.0000257600    0.0000224500    0.0000546400
  -0.0001056500    0.0001612500    0.0002580700
   0.0001563600   -0.0001404100    0.0000106800
   0.0000057500   -0.0000046100    0.0001064900
  -0.0000292100    0.0000297300    0.0000238500
  -0.0001013900    0.0001030400   -0.0000846300
   0.0000161200   -0.0000173100    0.0000188800
  -0.0000003900   -0.0000032500   -0.0000014400
  -0.0000238300    0.0000191800   -0.0000231500
   0.0000048100    0.0000019400   -0.0000036600
   0.0001446500   -0.0001491400    0.0000136400
  -0.0001059900    0.0000976800   -0.0000866800
  -0.0000262300    0.0000293500    0.0000235400
   0.0000025200   -0.0000007400    0.0001058800
  -0.0000981100   -0.0002141300    0.0001563100
   0.0001126900    0.0003715800   -0.0001834500
  -0.0000373100    0.0000724100    0.0000373800
  -0.0000243500    0.0000003200    0.0000673700
  -0.0003791500   -0.0001119800   -0.0001863400
   0.0002090100    0.0000849000    0.0001398200
   0.0000005400    0.0000275000    0.0000654700
  -0.0000667100    0.0000301500    0.0000366700
   0.0000042200   -0.0000272300   -0.0000192800
   0.0000283600    0.0000000500    0.0000413700
   0.0000072400    0.0000208600    0.0000100000
  -0.0000355300    0.0000106300   -0.0000368800
   0.0000030300   -0.0000373300    0.0000418300
   0.0000258300   -0.0000059000   -0.0000171400
  -0.0000058300    0.0000383900   -0.0000389200
  -0.0000214600   -0.0000074500    0.0000095400
  -0.0000118700   -0.0000239200    0.0000313600
  -0.0000023500   -0.0000196800    0.0000107400
   0.0000379300    0.0000667300   -0.0000625800
  -0.0000127200   -0.0000181100    0.0000038100
  -0.0000625100   -0.0000541800    0.0000204700
   0.0000274500   -0.0000252000   -0.0000809200
   0.0000545600    0.0000565200    0.0000202400
  -0.0000044200    0.0000008900    0.0000406700
  -0.0000640200   -0.0000356000   -0.0000624600
   0.0000220900    0.0000053400    0.0000092700
   0.0000308400    0.0000237200    0.0000478100
   0.0000161800    0.0000170500    0.0000044100
  -0.0000565300   -0.0000320600    0.0000155800
   0.0000008100    0.0000058200    0.0000394200
   0.0000349100    0.0000527100    0.0000155600
   0.0000184800   -0.0000160500   -0.0000902600
  -0.0001080500   -0.0001588400    0.0001245400
  -0.0000336000   -0.0000017900    0.0000636100
  -0.0000118200    0.0000716400    0.0000429300
   0.0001153900    0.0002683900   -0.0001389200
   0.0000010200   -0.0000250700    0.0000402500
  -0.0000214700   -0.0000066200    0.0000114200
  -0.0000069700    0.0000377400   -0.0000347900
   0.0000306500   -0.0000049400   -0.0000125900
   0.0000115100   -0.0000356000   -0.0000110500
  -0.0000369800    0.0000049600   -0.0000351700
   0.0000102500    0.0000182300    0.0000126200
   0.0000281700   -0.0000057200    0.0000382500
  -0.0002682000   -0.0001169600   -0.0001398400
  -0.0000726700    0.0000094300    0.0000445600
   0.0000021800    0.0000308600    0.0000629000
   0.0001518000    0.0000982100    0.0001099000
   0.0003407000   -0.0015233000    0.0001330100
  -0.0001091200    0.0002945000    0.0000476200
  -0.0000216400    0.0000231600    0.0000563000
  -0.0000571700   -0.0000154000    0.0001691200
   0.0015249300   -0.0003387700    0.0001248800
   0.0000159500    0.0000501300    0.0001683300
  -0.0000246700    0.0000260000    0.0000523300
  -0.0002897600    0.0001048700    0.0000459800
   0.0000376700   -0.0000381200    0.0000176300
   0.0000159300   -0.0000035000    0.0000367500
  -0.0000141900    0.0000174000   -0.0000091800
  -0.0000143200    0.0000068200   -0.0000494200
   0.0000399700   -0.0000452400    0.0000139600
  -0.0000018300    0.0000123500   -0.0000473700
  -0.0000159500    0.0000169400   -0.0000078400
   0.0000051200   -0.0000138800    0.0000324500
  -0.0000077000   -0.0000530200    0.0000409700
   0.0000488500    0.0000024200   -0.0000692700
  -0.0000104400    0.0000416500   -0.0000154700
  -0.0000131200   -0.0000192500    0.0000404400
  -0.0001637300   -0.0001855300   -0.0000268400
   0.0001886600    0.0001612600   -0.0000264900
   0.0000128500    0.0000400900    0.0000625600
  -0.0000385300   -0.0000128200    0.0000629700
  -0.0000037400   -0.0000532800   -0.0000712000
   0.0000534500    0.0000088900    0.0000394000
   0.0000223000    0.0000162900    0.0000387100
  -0.0000431600    0.0000020700   -0.0000137400
  -0.0000001200   -0.0000264700    0.0000206100
   0.0000214600    0.0000014900    0.0000204300
   0.0000288300    0.0000374400   -0.0000259000
  -0.0000345900   -0.0000278900   -0.0000246100
  -0.0000270000   -0.0000464100    0.0000552400
  -0.0000019000   -0.0000004400    0.0000329400
   0.0000536700    0.0001009300   -0.0000315600
   0.0000201400   -0.0001265600   -0.0000794600
  -0.0000161300   -0.0000340200    0.0000352600
  -0.0000017200   -0.0000203500   -0.0000340100
   0.0000475900    0.0000461300   -0.0000368200
   0.0000086600   -0.0000187300    0.0000373000
  -0.0000457600   -0.0000385000   -0.0000376000
   0.0000214000    0.0000064800   -0.0000324200
   0.0000323500    0.0000169200    0.0000337500
   0.0000265700   -0.0000153000    0.0000372400
  -0.0000979300   -0.0000563800   -0.0000320700
  -0.0000013700    0.0000016900    0.0000315900
   0.0000477700    0.0000326400    0.0000535600
   0.0001274300   -0.0000212000   -0.0000786700
  -0.0021232400   -0.0003458700    0.0017133300
  -0.0000403300    0.0000155600    0.0000781500
  -0.0000182200    0.0000416600    0.0000770600
   0.0003365800    0.0020978200    0.0016911100
   0.0000173700   -0.0000978700    0.0001000200
  -0.0000085200   -0.0000056800    0.0000442700
  -0.0000407300    0.0000690400   -0.0000111300
   0.0000608300   -0.0000022800   -0.0001517900
   0.0000114500   -0.0000239600    0.0000183300
  -0.0000180900   -0.0000070600   -0.0000179600
   0.0000060100    0.0000133200   -0.0000167500
   0.0000270300   -0.0000150300    0.0000192900
   0.0000009300   -0.0000614100   -0.0001502100
  -0.0000678300    0.0000401500   -0.0000084100
   0.0000040700    0.0000105500    0.0000449100
   0.0000969800   -0.0000152400    0.0000994700
  -0.0014783000    0.0009550000   -0.0048552900
   0.0014946400   -0.0010836900    0.0009984900
   0.0001173800   -0.0000504400    0.0013436500
   0.0001059800   -0.0000696300    0.0012742700
  -0.0006560200    0.0003803300    0.0026952300
  -0.0000464800    0.0000569000    0.0005635600
   0.0000609200   -0.0000269800    0.0013645200
   0.0003538100   -0.0002006600    0.0013887600
  -0.0000754500    0.0000282000    0.0014973500
  -0.0000258400    0.0000097100    0.0014160100
   0.0000517000   -0.0000238500    0.0015044200
   0.0000348800   -0.0000214500    0.0015758100
  -0.0001600400    0.0000799900    0.0013664200
   0.0000342600    0.0000129600    0.0016275200
   0.0001280200   -0.0000478900    0.0015438700
   0.0000106000   -0.0000106400    0.0014366800
   0.0000960400    0.0000884100    0.0013133000
  -0.0002558200    0.0001095400    0.0017774300
   0.0000963400   -0.0001609100    0.0015514800
   0.0000611900   -0.0000188400    0.0014148800
   0.0013454000    0.0000971100    0.0011536300
  -0.0016474700   -0.0004282800    0.0018828700
  -0.0000315800   -0.0000954900    0.0012219500
   0.0001130600   -0.0000356800    0.0013488200
   0.0001054000    0.0000291300    0.0017061800
  -0.0001976600    0.0000220000    0.0014516000
  -0.0000347100   -0.0000150500    0.0013842900
   0.0001055600   -0.0000314000    0.0014825800
   0.0000226400    0.0000319700    0.0014673600
  -0.0000529900    0.0000117900    0.0014397900
  -0.0000193200   -0.0000389500    0.0015324100
   0.0000731500   -0.0000009100    0.0015458800
   0.0000765700    0.0000485600    0.0014181700
   0.0000289600    0.0000271900    0.0014100000
  -0.0000876100   -0.0000615300    0.0015512900
  -0.0000004500    0.0000056000    0.0016097200
   0.0000989600    0.0000378200    0.0013812100
   0.0001187000    0.0001353400    0.0015286500
  -0.0002038100   -0.0001119800    0.0016335900
  -0.0000124100   -0.0000287700    0.0014109900
   0.0002180500    0.0000290300    0.0014939500
  -0.0001044900    0.0000178700    0.0016830900
  -0.0001093500   -0.0000402400    0.0014278200
  -0.0000442300   -0.0000297100    0.0013868400
   0.0002580000    0.0000653000    0.0016315800
   0.0000348400    0.0000085300    0.0014617500
  -0.0000689100   -0.0000331600    0.0014035500
  -0.0002042400   -0.0000873700    0.0014860100
   0.0005021400    0.0010298200    0.0018144700
   0.0002035400    0.0000196900    0.0013155400
   0.0000417200   -0.0000474900    0.0013815000
  -0.0002511200   -0.0003784400    0.0013831600
  -0.0000247500    0.0000694800    0.0013895000
   0.0000483300    0.0000229600    0.0013917800
   0.0000560600   -0.0000452600    0.0015018900
  -0.0001055100   -0.0000435600    0.0016875900
  -0.0000362800    0.0000341300    0.0014224900
   0.0001035700    0.0000261200    0.0015283300
  -0.0000213500   -0.0000280900    0.0015646200
  -0.0000617700   -0.0000114500    0.0014516400
  -0.0006029300    0.0000996100    0.0016177800
   0.0004708000   -0.0000211500    0.0016148100
   0.0000234000   -0.0000320900    0.0014341600
  -0.0001727400   -0.0000593000    0.0013307700
  -0.0023219500    0.0021712600    0.0052634800
  -0.0000775000   -0.0006203300    0.0006194500
   0.0000253000   -0.0000864400    0.0014401800
   0.0001522100   -0.0001855700    0.0013707700
  -0.0000699000    0.0001357300    0.0017781000
  -0.0000562400    0.0000125400    0.0014030000
   0.0000130400   -0.0000591600    0.0015397300
   0.0000909500   -0.0001194800    0.0016908600
  -0.0000198600    0.0000764200    0.0015459400
  -0.0000121300    0.0000049300    0.0016010900
   0.0000215900   -0.0000722000    0.0016687200
   0.0000123900    0.0000014900    0.0016213000
  -0.0000929900    0.0007694100    0.0012185700
   0.0001635100   -0.0009151500    0.0021261400
   0.0000412700   -0.0001549100    0.0015608200
   0.0000323500    0.0000049800    0.0014671200
   0.0001170100    0.0002806800    0.0014427600
  -0.0003306400    0.0001272600    0.0019490600
  -0.0000222800   -0.0003377000    0.0015496400
   0.0000233000   -0.0000114300    0.0015014900
   0.0001649800    0.0001454500    0.0017879900
  -0.0001369400   -0.0000200600    0.0016046300
  -0.0000350900   -0.0000752400    0.0014822400
   0.0000295500   -0.0000451900    0.0015373500
   0.0000316000    0.0000680800    0.0016422300
  -0.0000158200    0.0000006800    0.0015230700
  -0.0000307400   -0.0000938000    0.0015588600
   0.0000173000    0.0000163800    0.0017138500
   0.0000150600    0.0000871800    0.0015169200
  -0.0000337700    0.0000841000    0.0015603300
  -0.0000177900   -0.0002302000    0.0017419400
   0.0000193500    0.0000437700    0.0016193600
   0.0000186800    0.0000891200    0.0015063700
   0.0000239800    0.0000617300    0.0015396800
  -0.0000364600   -0.0002286900    0.0016934100
  -0.0000164500    0.0000905800    0.0016560600
   0.0000249200    0.0000931800    0.0015714400
   0.0000300400    0.0000550800    0.0017010900
  -0.0000474300   -0.0000970800    0.0016149300
  -0.0000219500   -0.0000105000    0.0015288300
   0.0000976200    0.0001439000    0.0018073700
   0.0000341000   -0.0000070000    0.0015916300
  -0.0000271500   -0.0000763100    0.0015041200
  -0.0000967400   -0.0000806500    0.0015166100
   0.0001005300    0.0002067600    0.0015626100
   0.0000216300   -0.0000038300    0.0014909300
  -0.0000352800   -0.0002381200    0.0014972400
  -0.0001801400    0.0000488100    0.0019110200
  -0.0000700700    0.0008654500    0.0015059500
   0.0000414100    0.0000127200    0.0013689300
   0.0000410700   -0.0001512200    0.0015023600
   0.0000235200   -0.0009857700    0.0017304800
  -0.0000235300    0.0000730700    0.0015327300
   0.0000095800    0.0000156900    0.0015635800
   0.0000207900   -0.0000774000    0.0016458300
  -0.0000255400   -0.0000109000    0.0016711200
  -0.0000595300    0.0001705600    0.0015920800
   0.0000879500   -0.0000826600    0.0017286700
   0.0000188700   -0.0000595900    0.0015996700
  -0.0000423400    0.0000024100    0.0014963300
  -0.0018523400    0.0021755000    0.0057432900
   0.0001729800   -0.0000902900    0.0013845000
   0.0000245200   -0.0000824200    0.0014739000
  -0.0000960900   -0.0006087600    0.0010997000
   0.0006218000    0.0000733100   -0.0025994400
  -0.0021721600    0.0024826100    0.0020777400
   0.0001792500   -0.0001570700   -0.0018450400
   0.0000855700   -0.0000230700   -0.0017832200
   0.0009179100   -0.0001752500   -0.0010853700
  -0.0007648500    0.0000954200   -0.0019862400
  -0.0000049700   -0.0000284800   -0.0017532800
   0.0001522100   -0.0000482500   -0.0016476000
  -0.0000113200    0.0000155900   -0.0016146000
  -0.0000676800    0.0000266900   -0.0016727500
   0.0000016900   -0.0000160900   -0.0015943100
   0.0000773600   -0.0000165400   -0.0015518400
  -0.0000125100    0.0000570800   -0.0018018200
  -0.0001372700    0.0000753400   -0.0014214000
   0.0001271100   -0.0000872100   -0.0015365200
   0.0000629800   -0.0000194900   -0.0016722700
   0.0000766900    0.0000256200   -0.0017477900
   0.0000179000    0.0001448600   -0.0016205200
  -0.0001510600   -0.0001621700   -0.0014265300
   0.0000416100   -0.0000368200   -0.0016704000
   0.0003424100    0.0000261200   -0.0016623000
  -0.0001151900    0.0003330800   -0.0012674300
  -0.0002786800   -0.0001146500   -0.0017743300
   0.0000103100   -0.0000302500   -0.0017122100
   0.0002278500    0.0000091900   -0.0014713600
  -0.0000885800    0.0000363300   -0.0016524400
  -0.0000809500   -0.0000166700   -0.0017016400
  -0.0000406100   -0.0000263600   -0.0016052200
   0.0000984200    0.0000441700   -0.0016657500
   0.0000021600    0.0000267200   -0.0016993200
  -0.0000721700   -0.0000294300   -0.0015733400
  -0.0000200300   -0.0000223300   -0.0015078500
   0.0000716000    0.0001116400   -0.0016932600
   0.0000718000    0.0000389300   -0.0017158300
   0.0000116200   -0.0000331400   -0.0016235800
  -0.0001452600   -0.0001012000   -0.0014075100
   0.0000074400    0.0000190900   -0.0016809200
   0.0001010100    0.0000512700   -0.0016040900
  -0.0000516400   -0.0000286600   -0.0015140000
  -0.0000870900   -0.0000362900   -0.0016486200
  -0.0000945800    0.0000206200   -0.0015456100
   0.0002280600    0.0000335500   -0.0015072400
  -0.0000581000   -0.0000230400   -0.0016735700
  -0.0000864100   -0.0000255600   -0.0017027300
  -0.0000596700    0.0001791000   -0.0012905900
   0.0002402900    0.0000284000   -0.0017186500
  -0.0000004900   -0.0000296500   -0.0017262400
  -0.0002031700   -0.0001087200   -0.0016593500
  -0.0021701500    0.0018107000    0.0025486100
   0.0006047800    0.0000918400   -0.0021084800
   0.0000829000   -0.0000312800   -0.0017538200
   0.0000892800   -0.0001787200   -0.0018402400
  -0.0001631300    0.0000650300   -0.0016252500
  -0.0000084800    0.0000504900   -0.0017222900
   0.0000540200   -0.0000184500   -0.0016144100
   0.0000907400   -0.0000820500   -0.0014857600
  -0.0000765600    0.0000252300   -0.0016833500
   0.0000157200    0.0000319900   -0.0015515000
   0.0000745700   -0.0000142700   -0.0015620700
  -0.0000207400   -0.0000183700   -0.0016545400
  -0.0008664000    0.0000696800   -0.0017133800
   0.0009837700   -0.0000211500   -0.0014847200
   0.0001507700   -0.0000412800   -0.0017253500
  -0.0000130600   -0.0000411300   -0.0018483800
  -0.0009734400    0.0014951500   -0.0078575500
   0.0000640800   -0.0001088400   -0.0017189500
   0.0000447500   -0.0001207900   -0.0016494400
   0.0010743300   -0.0014831900   -0.0019894900
  -0.0000664700    0.0001606100   -0.0016144300
  -0.0000009500   -0.0000119600   -0.0015534900
   0.0000495400   -0.0001278300   -0.0014530800
  -0.0000096700   -0.0000321900   -0.0013536300
  -0.0000295200    0.0000783500   -0.0014958700
   0.0000299400   -0.0000269700   -0.0014228800
   0.0000194800   -0.0000586400   -0.0014884400
  -0.0000116100    0.0000263200   -0.0015762200
  -0.0003844400    0.0006592300   -0.0003030800
   0.0001975200   -0.0003536400   -0.0015952200
   0.0000268500   -0.0000596700   -0.0016364900
  -0.0000514300    0.0000446200   -0.0024287000
   0.0004310800    0.0016446200   -0.0011169300
  -0.0001048000   -0.0013406300   -0.0018373900
   0.0000261100   -0.0001122600   -0.0016418300
   0.0000941400    0.0000239800   -0.0017831600
  -0.0001077900    0.0002510000   -0.0012101800
  -0.0000841900   -0.0000992600   -0.0016818700
   0.0000128100   -0.0000646300   -0.0015810600
   0.0001668600   -0.0000961500   -0.0014416000
  -0.0000097400    0.0000624200   -0.0015583800
  -0.0000255100   -0.0000224600   -0.0015183300
  -0.0000001800   -0.0000756100   -0.0014412800
   0.0000405600    0.0000225600   -0.0014606300
  -0.0000179400    0.0001999300   -0.0015448900
  -0.0000312200   -0.0001093500   -0.0012847200
   0.0000305000   -0.0001075800   -0.0015078200
   0.0000215100    0.0000311300   -0.0016073900
   0.0000387200    0.0001202100   -0.0015700700
  -0.0000185200    0.0001094900   -0.0013160200
  -0.0000324000   -0.0002224500   -0.0015131200
   0.0000181400    0.0000471900   -0.0015939500
   0.0001152200    0.0001996000   -0.0013527800
  -0.0001243400   -0.0001154700   -0.0014597100
  -0.0000392700   -0.0000968400   -0.0016023900
   0.0000211200    0.0000123500   -0.0015786200
   0.0000678000    0.0000937100   -0.0014480100
  -0.0000178800   -0.0000314500   -0.0015789700
  -0.0000407300   -0.0000757000   -0.0015767100
  -0.0000154200    0.0000034000   -0.0013812100
   0.0000305000    0.0000747100   -0.0015937300
  -0.0000013700   -0.0000345700   -0.0015420200
  -0.0000641600   -0.0002580500   -0.0013630600
   0.0000821500    0.0002109200   -0.0014929100
   0.0000464400    0.0001787600   -0.0016519200
   0.0000271300   -0.0000252100   -0.0015621800
   0.0000174600   -0.0004764100   -0.0013856100
  -0.0001003800    0.0005971600   -0.0013664000
   0.0000091000    0.0000657000   -0.0015319000
   0.0000221200    0.0000234800   -0.0014233300
  -0.0000176500   -0.0001071900   -0.0014584600
  -0.0000249300    0.0000360700   -0.0015664600
   0.0000393400    0.0001018200   -0.0013002400
   0.0000461500   -0.0000519900   -0.0014822200
  -0.0000125800   -0.0000566000   -0.0016020500
  -0.0000664700    0.0000186300   -0.0015908500
   0.0003684100    0.0002510500   -0.0016034300
   0.0000407500   -0.0000455900   -0.0016181100
  -0.0000162000   -0.0002048800   -0.0016765900
  -0.0010268300   -0.0004997700   -0.0011816200

257  
 -0.0036910258050018   0.0036910258050018   0.0085295168100908
  -0.0065536100    0.0040742300    0.0189567400
   0.0021479300   -0.0039059500   -0.0038861300
   0.0002168000   -0.0002949500   -0.0006075000
   0.0006759500   -0.0004454900   -0.0012205600
  -0.0019586600    0.0013240800    0.0016411600
  -0.0001556200    0.0001551200   -0.0008194200
   0.0001758300   -0.0001308700   -0.0002895500
   0.0007212800   -0.0008415500    0.0002305100
  -0.0001530300    0.0001256000   -0.0002055400
  -0.0000585600    0.0000691100   -0.0001150900
   0.0001609400   -0.0000610700    0.0001759000
   0.0001053600   -0.0000372900    0.0001493500
  -0.0008195500    0.0004570100   -0.0007254800
  -0.0000086800   -0.0001951900    0.0010288200
   0.0002969200   -0.0003046200   -0.0000500400
   0.0000253500   -0.0000168800   -0.0004275900
   0.0005500100    0.0005391600   -0.0010385600
  -0.0006738500    0.0021994400    0.0018104600
  -0.0000168500   -0.0009782000   -0.0002277200
   0.0001590700   -0.0000363300   -0.0004596500
   0.0046961200    0.0002866300   -0.0004544100
  -0.0031483400   -0.0009848300   -0.0002711600
  -0.0000956600   -0.0003733800   -0.0006295300
   0.0004168200   -0.0001281200   -0.0004364800
   0.0002404900    0.0000585500    0.0003952900
  -0.0002136800    0.0000732800   -0.0002682900
  -0.0000854400   -0.0000835100   -0.0001791100
   0.0003642000   -0.0000503900    0.0002436800
   0.0000640300    0.0001507300   -0.0003270800
  -0.0002104100    0.0001819200   -0.0001522800
  -0.0000857900   -0.0001414300    0.0003345500
   0.0002175100    0.0001645300   -0.0000174300
   0.0001619500    0.0002723900   -0.0005009300
   0.0001066200    0.0002311600   -0.0002671000
  -0.0002248500   -0.0002969100    0.0004958600
  -0.0001210000    0.0004336400   -0.0000071800
   0.0003800500    0.0001553700   -0.0003700400
   0.0002969100    0.0007480400    0.0005669300
  -0.0003273100   -0.0004379500    0.0001601200
  -0.0000336500   -0.0000637200   -0.0003397500
   0.0010782300    0.0000846300    0.0006433600
   0.0000172600    0.0001038900    0.0003620800
  -0.0002070300   -0.0001471400   -0.0003138300
  -0.0001594700   -0.0000598000   -0.0001986800
   0.0009547700    0.0005559000   -0.0002021600
   0.0001156400    0.0000328300   -0.0003233900
  -0.0002476400   -0.0002539200   -0.0002503200
  -0.0004322300    0.0001024300    0.0006906700
   0.0009568000    0.0042468100   -0.0019598100
   0.0002344400    0.0000754600   -0.0007293500
   0.0001484900   -0.0003072000   -0.0003686100
  -0.0006770500   -0.0036528200    0.0010349200
  -0.0000922200    0.0002970300   -0.0004371000
   0.0001504800    0.0001168000   -0.0002297900
   0.0001286900   -0.0001406100    0.0002485000
  -0.0002223700   -0.0001081900    0.0003811700
  -0.0001247500    0.0000931900   -0.0001298400
   0.0003708800    0.0000513200    0.0003443400
   0.0000321400   -0.0001076100    0.0001082700
  -0.0001666900   -0.0000381300   -0.0002711300
  -0.0018031800    0.0002881700    0.0036554100
   0.0011783800   -0.0003934800   -0.0002392000
   0.0000708300   -0.0001526500   -0.0003959900
  -0.0009476500   -0.0003693100   -0.0009111800
  -0.0100064800    0.0035974600    0.0101453800
  -0.0006896900   -0.0004206300   -0.0020840000
   0.0001385700   -0.0001808800   -0.0004738900
   0.0011608000   -0.0006393700   -0.0006221400
  -0.0002549500    0.0001940900   -0.0000385800
  -0.0001644500    0.0000104300   -0.0003366100
   0.0001195700   -0.0000944100    0.0000157200
   0.0005048900   -0.0001361900    0.0003962400
  -0.0001190100    0.0002183700   -0.0003776000
  -0.0001890500   -0.0000027900    0.0002160700
   0.0001595800   -0.0001105300    0.0002491300
   0.0001424700    0.0000702600   -0.0001618800
  -0.0004759200    0.0039430900   -0.0018987200
  -0.0000857400   -0.0037279000    0.0015647000
   0.0002194000   -0.0003294600   -0.0003306300
   0.0001814500    0.0000307200   -0.0007910300
   0.0010048700    0.0007927600   -0.0004980400
  -0.0008056200   -0.0004367400    0.0010894700
  -0.0002011400   -0.0004618600   -0.0002416700
   0.0001642900   -0.0000029400   -0.0003858600
   0.0015751200    0.0001432100    0.0010528200
  -0.0004745500   -0.0000630500   -0.0002988200
  -0.0001562800   -0.0001288100   -0.0003306900
   0.0003147700   -0.0000472400    0.0001027300
   0.0003357600    0.0001425400   -0.0002364300
  -0.0000785100   -0.0000170600   -0.0003258300
  -0.0002623200   -0.0001636000    0.0001284000
   0.0003940500    0.0004843800    0.0004382900
   0.0001430600    0.0002771000   -0.0005239500
  -0.0001303700    0.0004537500   -0.0000848400
  -0.0001988700   -0.0003396500    0.0005278300
   0.0001434400    0.0001911100   -0.0002238200
   0.0001097900    0.0001709300   -0.0003801900
   0.0002053700    0.0002058000   -0.0000692600
  -0.0001072500   -0.0003356500    0.0003913900
  -0.0002005500    0.0002010900   -0.0000769000
   0.0003139700    0.0001122200    0.0001464800
   0.0002103500    0.0000874300    0.0003483500
  -0.0001566100   -0.0001677800   -0.0001313200
  -0.0001292300   -0.0000039600   -0.0002361300
   0.0029690100    0.0001489500    0.0007361100
   0.0003389500   -0.0000825900   -0.0003169200
  -0.0001482400   -0.0002379000   -0.0004801400
  -0.0009938900   -0.0000387800    0.0003979500
   0.0006127700    0.0004932700   -0.0009001300
   0.0001532700   -0.0000149100   -0.0004653100
  -0.0001274200   -0.0008504200   -0.0002952900
  -0.0009136500    0.0018481500    0.0015156100
  -0.0006874300    0.0006721500   -0.0012203100
   0.0000954700    0.0000100200   -0.0004895100
   0.0002750700   -0.0003660300   -0.0001626400
   0.0000195600   -0.0014300500    0.0010456600
  -0.0001265100    0.0001177300   -0.0002372600
   0.0001227100    0.0000202200    0.0000525500
   0.0001548300   -0.0001101200    0.0002066600
  -0.0000763900    0.0000292500   -0.0000247700
  -0.0008363400    0.0001952100    0.0005227300
   0.0006914800   -0.0005381700    0.0003930600
   0.0001414400   -0.0001374400   -0.0002167900
  -0.0002109600    0.0000303500   -0.0006220200
  -0.0099799800    0.0035523400    0.0147858900
   0.0008319600   -0.0003605400   -0.0011563100
   0.0001769900   -0.0003014900   -0.0006251500
  -0.0004749700   -0.0036178000   -0.0030725100
  -0.0014928900    0.0009751800   -0.0063541700
   0.0000412000   -0.0000476700   -0.0002639600
   0.0000931000   -0.0001043200   -0.0001337600
   0.0012618200   -0.0014604500   -0.0004284200
  -0.0000861800    0.0000488800   -0.0000870500
   0.0000123600   -0.0000073700   -0.0000588400
   0.0000884700   -0.0000607600    0.0000410100
   0.0000104400   -0.0000033900    0.0001370000
  -0.0000804700    0.0000597300   -0.0000175700
   0.0000348500   -0.0000447200    0.0000949900
   0.0000500500   -0.0000214300    0.0000022900
  -0.0000096300    0.0000271000   -0.0000862600
  -0.0007738100    0.0004311500    0.0011276000
   0.0002496500   -0.0003112100   -0.0000956400
   0.0000534500   -0.0000448900   -0.0001416200
  -0.0000506000    0.0000552500   -0.0009223400
   0.0006181100    0.0014120100    0.0001985700
  -0.0002547400   -0.0005926500   -0.0000111400
   0.0000146000   -0.0000523800   -0.0001212900
   0.0001586000    0.0000202500   -0.0002034900
  -0.0001648500    0.0001030400    0.0003178300
  -0.0001063200   -0.0000321300   -0.0001458800
   0.0000209000   -0.0000378300   -0.0000589300
   0.0002903800   -0.0001140900    0.0000760100
  -0.0000049000    0.0000282300   -0.0000694700
  -0.0000495200   -0.0000113500   -0.0000348900
   0.0000138600   -0.0000062000    0.0000825800
   0.0001098500    0.0000545700    0.0000218300
  -0.0000248800    0.0001832500   -0.0001587200
  -0.0001187200   -0.0000576300    0.0002029100
   0.0000529300   -0.0000391000    0.0000069900
   0.0000439700    0.0000366500   -0.0001218100
   0.0000846100    0.0000944600   -0.0001033500
   0.0000164900    0.0000450500    0.0001161500
  -0.0000872500   -0.0000614900    0.0000490900
   0.0000156000    0.0000378700   -0.0000949600
   0.0002446100    0.0001576600    0.0000959000
  -0.0000993100   -0.0000730600    0.0000460500
  -0.0000497500   -0.0000476900   -0.0000790300
   0.0000327000    0.0000061600   -0.0000415400
   0.0002213800    0.0000309100   -0.0000137800
  -0.0000153900   -0.0000193300   -0.0000918500
  -0.0000888300   -0.0000641200   -0.0000488400
   0.0000777300    0.0001056000    0.0002357100
   0.0000673900    0.0000464900   -0.0001313000
  -0.0000073500   -0.0000182100   -0.0000880400
  -0.0001678000   -0.0000981400    0.0001501400
   0.0001351900    0.0002372600   -0.0000051600
   0.0000242200    0.0000615400   -0.0002016400
   0.0000452900   -0.0000120200   -0.0000870800
   0.0000664600   -0.0001973900    0.0000627300
  -0.0002521600    0.0003199400    0.0001938700
   0.0000213200    0.0000381700   -0.0000385700
   0.0000684700    0.0000149300    0.0000527600
  -0.0000150200   -0.0000405200    0.0000394900
  -0.0000488900    0.0000304500   -0.0000517900
   0.0001237700   -0.0000582700    0.0002550900
   0.0001079500   -0.0000651200    0.0000009200
  -0.0000176100   -0.0000368500   -0.0001033900
  -0.0001443800    0.0000145600   -0.0000306700
   0.0009089800    0.0000983700   -0.0005209700
   0.0000808000   -0.0000388200   -0.0001547500
  -0.0000242300   -0.0002176600   -0.0002282000
  -0.0014204900   -0.0004766000    0.0004974800
  -0.0021670000    0.0016374200    0.0040360600
   0.0000569500   -0.0002537200   -0.0002459800
   0.0000859200   -0.0000503500   -0.0001691500
   0.0009037200    0.0000657200   -0.0008553500
  -0.0002162800    0.0000861000   -0.0001489400
   0.0000018000   -0.0000416200   -0.0001441000
   0.0001313500   -0.0000846000   -0.0000376100
   0.0003725300   -0.0002400000    0.0003075700
  -0.0000442400    0.0000210500   -0.0000595200
   0.0000081400   -0.0000215800    0.0000190900
   0.0000823600   -0.0000133500    0.0000545500
   0.0000152200    0.0000263200   -0.0000134400
  -0.0002251600    0.0001959000    0.0000760300
   0.0000982700   -0.0001732500    0.0000943900
   0.0000557400   -0.0000220800   -0.0000720600
  -0.0000048000    0.0000462300   -0.0002068900
   0.0001279200    0.0002649400   -0.0000187600
  -0.0001464600   -0.0001692100    0.0001799100
   0.0000069800   -0.0000402000   -0.0000791500
   0.0000813200    0.0000347100   -0.0001485100
   0.0000201500    0.0003778600    0.0003713300
  -0.0001376900   -0.0001491400   -0.0000951800
   0.0000181600   -0.0000414900   -0.0001045900
   0.0002589600    0.0000117100   -0.0000904500
   0.0000071900    0.0000222900   -0.0000052700
  -0.0000407600   -0.0000318400   -0.0000820000
  -0.0000061800   -0.0000363400    0.0000251600
   0.0002370300    0.0000592700    0.0001157700
   0.0000083700    0.0000288500   -0.0000942600
  -0.0000900200   -0.0000394200    0.0000303900
   0.0000349600    0.0000455100    0.0000919800
   0.0000876800    0.0000784600   -0.0000819100
   0.0000584300    0.0000371300   -0.0001250500
   0.0000423800   -0.0000408100   -0.0000027500
  -0.0001401900   -0.0001103500    0.0002010500
   0.0000229600    0.0001863600   -0.0001549000
   0.0001140500    0.0000698100   -0.0000034500
  -0.0000060300   -0.0000293700    0.0001068100
  -0.0000433100   -0.0000359700   -0.0000214900
   0.0000116300    0.0000218300   -0.0000833600
   0.0002336900   -0.0000256200    0.0001219400
  -0.0000019800   -0.0000498500   -0.0000361000
  -0.0000718100   -0.0000387000   -0.0001013200
   0.0000048100    0.0000069400    0.0000972700
   0.0001609300    0.0000181100   -0.0001467400
   0.0000063800   -0.0000514900   -0.0001141900
  -0.0002952700   -0.0002526500   -0.0000281000
   0.0005122800    0.0008028800    0.0002797100
   0.0000700600    0.0000791100   -0.0007438800
   0.0000593200   -0.0000473000   -0.0001472600
   0.0001958200   -0.0003202000   -0.0001254400
  -0.0021715100    0.0026384900    0.0037919000
   0.0000043100    0.0000353700   -0.0001117200
   0.0000659200   -0.0000227300   -0.0000099400
   0.0000489200   -0.0000960400    0.0001066700
  -0.0000998600    0.0000715600   -0.0000026700
   0.0000099100    0.0000251400    0.0000571000
   0.0000804500   -0.0000462800    0.0000584300
   0.0000066900   -0.0000245000   -0.0000358300
  -0.0000613000    0.0000235300   -0.0000804700
   0.0008665300   -0.0006622300    0.0003449200
   0.0001090400   -0.0001007300   -0.0001047900
  -0.0000050900   -0.0000503200   -0.0002459900
  -0.0011338300    0.0000659700   -0.0002177300
   0.0440156400   -0.0152641800   -0.0534021500
  -0.0003076100    0.0003127900    0.0029393800
  -0.0001905700    0.0000843500    0.0018601400
  -0.0011916400    0.0006304600    0.0024181800
   0.0005927400   -0.0001375600    0.0013044400
   0.0000339900   -0.0000107800    0.0018874800
  -0.0002315600    0.0000697900    0.0016171200
  -0.0004072500    0.0002231200    0.0011545600
   0.0001551200   -0.0000510400    0.0016548200
   0.0000042400   -0.0000056800    0.0014952100
  -0.0001822100    0.0000314100    0.0013722000
  -0.0000218200   -0.0000129900    0.0014795600
   0.0014228800   -0.0005058900    0.0018337400
  -0.0008100400    0.0006240800    0.0008077500
  -0.0001958100    0.0000810700    0.0016186900
   0.0000322800   -0.0000173500    0.0018906900
  -0.0009288400   -0.0007216700    0.0022215600
   0.0010050800    0.0008754600    0.0000771900
  -0.0000325400    0.0001761900    0.0017357800
  -0.0002273800   -0.0000089900    0.0018358900
  -0.0026272800    0.0002536200    0.0012133200
   0.0008012000    0.0000506000    0.0018006800
  -0.0000033200    0.0000704100    0.0018330200
  -0.0006446500    0.0000898000    0.0017339700
  -0.0000497100   -0.0000376100    0.0014090100
   0.0001451900    0.0000006300    0.0016800200
   0.0000419200    0.0000428200    0.0015337600
  -0.0004245800   -0.0000511800    0.0012940800
   0.0000019300   -0.0000869800    0.0017601800
   0.0003098800   -0.0000648800    0.0014865900
  -0.0000702100    0.0000724800    0.0012698400
  -0.0001634400   -0.0000484000    0.0015776700
  -0.0001619300   -0.0000754900    0.0018033900
  -0.0001194300   -0.0001044100    0.0015739800
   0.0002795500    0.0001233100    0.0011259300
   0.0000113400   -0.0000898800    0.0016192900
  -0.0005833100   -0.0001284000    0.0016848600
   0.0001997700    0.0000219600    0.0009878300
   0.0002172600    0.0001084700    0.0015200100
  -0.0000277800   -0.0000017900    0.0017179200
  -0.0016091300   -0.0000179600    0.0007550100
   0.0000529500    0.0000068100    0.0014646100
   0.0001886700    0.0000512800    0.0017187500
   0.0001499300   -0.0000088800    0.0015127300
  -0.0004548400   -0.0001033800    0.0017272200
  -0.0000289900    0.0000062300    0.0017247600
   0.0003772200    0.0001562900    0.0015710600
  -0.0002038800   -0.0003878800    0.0009782300
  -0.0000962400   -0.0004027800    0.0024457100
  -0.0001507500   -0.0000013700    0.0018718800
  -0.0001883700    0.0001950900    0.0016612200
   0.0010043000    0.0003593900    0.0003029200
   0.0000040800   -0.0000593300    0.0017457500
  -0.0001980000   -0.0000328800    0.0015748400
  -0.0000260600    0.0000651700    0.0012834900
   0.0001741900   -0.0000217400    0.0014014400
   0.0000828700   -0.0000279600    0.0014642400
  -0.0004258600    0.0000642300    0.0012450100
   0.0000094800    0.0000447900    0.0015122800
   0.0002211500   -0.0000016700    0.0017049300
  -0.0113550500    0.0002620900   -0.0025811800
  -0.0005528400    0.0000696900    0.0017833600
   0.0000047100    0.0000973800    0.0018220800
   0.0016845900    0.0004136800    0.0020324100
   0.0035757200   -0.0008534900   -0.0000362800
   0.0000774200    0.0001538200    0.0024462000
  -0.0001017500    0.0001786600    0.0018687700
  -0.0007539200    0.0010137300    0.0017811000
   0.0000604800   -0.0001079700    0.0017022400
   0.0000275400    0.0000201500    0.0017640500
  -0.0000838700    0.0000768600    0.0015285300
  -0.0000771900   -0.0000351500    0.0013920100
   0.0001434700   -0.0003397000    0.0018530000
   0.0000187500    0.0001734100    0.0013423300
  -0.0000765800    0.0000858100    0.0015250500
  -0.0000207400   -0.0000860100    0.0017876200
   0.0008459000   -0.0073219300    0.0016274900
  -0.0001206700    0.0018948600    0.0016734400
  -0.0000750100    0.0001729600    0.0018730200
  -0.0003184800   -0.0000776000    0.0023782000
  -0.0006237800   -0.0012658900    0.0016304400
   0.0003665200    0.0006141800    0.0012424600
   0.0000221300    0.0002132300    0.0018238100
  -0.0001485600   -0.0000271000    0.0018606100
  -0.0001312100   -0.0001212700    0.0011991000
   0.0000903900    0.0000588700    0.0018210700
   0.0000386300    0.0001127700    0.0017762400
  -0.0002314900   -0.0000097700    0.0014190300
  -0.0000491500   -0.0001008300    0.0018014600
   0.0000692000    0.0000502900    0.0017860800
   0.0000804100    0.0000762700    0.0014081600
  -0.0001773400   -0.0003863500    0.0014902000
  -0.0000946500   -0.0004241800    0.0019648600
   0.0001156900   -0.0004940200    0.0014599200
   0.0000154600    0.0002285300    0.0014327100
  -0.0000650100   -0.0001172000    0.0018212400
  -0.0000870500   -0.0001684000    0.0018227100
  -0.0000641500   -0.0001688600    0.0015392600
   0.0000751500    0.0002281500    0.0013883400
   0.0000266900   -0.0001177900    0.0017409200
  -0.0002329500   -0.0000920000    0.0014054900
  -0.0000158600    0.0000810100    0.0014530600
   0.0000574100    0.0001122500    0.0017498200
   0.0000428600   -0.0000249600    0.0017176200
  -0.0005223600   -0.0001223000    0.0019017200
  -0.0000465600    0.0000857700    0.0018467800
   0.0001732300    0.0003726500    0.0019361400
   0.0003194100   -0.0002710100    0.0008816500
  -0.0001057700   -0.0001871300    0.0020584900
  -0.0000468400    0.0000471800    0.0018699900
   0.0001158600    0.0011384900    0.0016337600
   0.0000129900   -0.0014602900    0.0012652800
   0.0000814500   -0.0002386300    0.0021303900
  -0.0000592600    0.0000219500    0.0018497000
  -0.0001276700    0.0004154300    0.0016082100
   0.0002395200   -0.0001761900    0.0008363400
   0.0000272700   -0.0001067700    0.0017156700
  -0.0000848300    0.0000297300    0.0015090900
  -0.0000260300    0.0000813200    0.0015038400
   0.0000482400   -0.0000578600    0.0016986600
   0.0001895700    0.0000142000    0.0007340700
  -0.0002309600    0.0004301600    0.0015543800
  -0.0000155700    0.0001054900    0.0018212700
   0.0004104600   -0.0000791200    0.0022087300
  -0.0040799500   -0.0008518700    0.0065571200
  -0.0001327100    0.0001379000    0.0021765200
  -0.0001222200    0.0004610800    0.0020465100
   0.0008422000    0.0077976700    0.0048985700
  -0.0105385600   -0.0012312000    0.0023133300
   0.0014460400    0.0021382600    0.0014300200
  -0.0000958200    0.0001224000   -0.0012490900
  -0.0005128400    0.0001075600   -0.0011849300
   0.0002477900   -0.0001465200   -0.0018520100
   0.0002774400   -0.0000293200   -0.0013361400
  -0.0000513000    0.0000389900   -0.0015362200
  -0.0005248200    0.0001250000   -0.0018250700
   0.0000333500   -0.0000487300   -0.0013954500
   0.0001564400   -0.0000260400   -0.0016285700
  -0.0000511700    0.0000356000   -0.0017988000
  -0.0001928000   -0.0000113800   -0.0015818600
   0.0001489200   -0.0005093000   -0.0005020700
   0.0007439400   -0.0000213600   -0.0029117100
  -0.0002679600    0.0002054800   -0.0014822200
  -0.0001264100    0.0000041400   -0.0012222100
  -0.0004441300   -0.0001273100   -0.0012521700
  -0.0001729500   -0.0004327700   -0.0023411400
   0.0003189100    0.0002510700   -0.0015519000
  -0.0000687400    0.0000150800   -0.0013646900
  -0.0020309900   -0.0000668900   -0.0021366700
   0.0007524500    0.0000292700   -0.0015586700
   0.0002043500    0.0000858900   -0.0013626600
  -0.0001221700    0.0000251700   -0.0015520900
  -0.0005347200   -0.0000846200   -0.0015374500
   0.0000367300   -0.0000064200   -0.0014041500
   0.0001868600    0.0000577000   -0.0015765200
  -0.0000603100   -0.0000345700   -0.0019632600
  -0.0001545000   -0.0000687600   -0.0013044900
   0.0000526200   -0.0000875300   -0.0014482000
   0.0002690700    0.0000885100   -0.0019869900
  -0.0001526600   -0.0000923800   -0.0015585500
  -0.0000559200   -0.0000922200   -0.0013258000
  -0.0001579900   -0.0000502400   -0.0014771600
  -0.0000354200    0.0000849800   -0.0018467300
   0.0003195700   -0.0000503200   -0.0016882300
  -0.0001255200   -0.0000336800   -0.0015771000
  -0.0003693900   -0.0001119100   -0.0018654400
   0.0001455400    0.0000793500   -0.0016080600
   0.0001259600    0.0000159600   -0.0014468400
  -0.0003594000   -0.0000705000   -0.0028630500
  -0.0005338900    0.0000430100   -0.0014731200
   0.0000664300    0.0000607200   -0.0013410000
   0.0004889400    0.0000311800   -0.0015806000
  -0.0011255200   -0.0006468400   -0.0010394000
  -0.0002293800   -0.0000122700   -0.0012873000
   0.0000504400    0.0001454500   -0.0013431300
   0.0011532200    0.0002905700   -0.0026060400
   0.0014500100   -0.0017664600   -0.0002703600
  -0.0000889800   -0.0000336400   -0.0011807800
  -0.0001897400    0.0000799300   -0.0014328000
  -0.0005814500    0.0007006400   -0.0020295800
   0.0001711300   -0.0000615400   -0.0014331300
  -0.0000550500   -0.0000188500   -0.0015636000
  -0.0001868700    0.0000336000   -0.0017401800
   0.0000273000    0.0000330400   -0.0016829500
   0.0004203400   -0.0000526800   -0.0016583300
  -0.0002160500    0.0000476900   -0.0019995400
  -0.0001963200    0.0000662300   -0.0015467500
   0.0000644300    0.0000052600   -0.0013128400
   0.0094982500   -0.0012427700   -0.0063565100
  -0.0016258600    0.0005299400   -0.0007500500
  -0.0001802700    0.0000881100   -0.0012477700
   0.0001473000    0.0004886700   -0.0000723800
   0.0002941500   -0.0002882300   -0.0006336000
  -0.0000505000    0.0001024800   -0.0012325500
  -0.0002239200    0.0005333600   -0.0014418300
  -0.0011923200    0.0023035000   -0.0046790600
   0.0000547300   -0.0000877700   -0.0013501700
  -0.0000455600    0.0000393800   -0.0015592200
  -0.0000943900    0.0001269800   -0.0016504500
   0.0000512900   -0.0001233000   -0.0014237200
   0.0001230300   -0.0001487400   -0.0018846400
  -0.0001150100    0.0002984100   -0.0015677900
  -0.0000412800    0.0000354900   -0.0012955100
   0.0000992000   -0.0001430700   -0.0011214300
  -0.0041894600    0.0071640500   -0.0012926300
  -0.0001603600    0.0004530800   -0.0010849000
  -0.0000973100    0.0001633800   -0.0009031000
   0.0001355200   -0.0001355800    0.0112654700
   0.0029137100   -0.0010435900   -0.0034017900
   0.0001268400    0.0006926600   -0.0009873200
  -0.0000737300    0.0001110200   -0.0011974900
  -0.0006955300   -0.0001033700   -0.0007972300
   0.0001388800   -0.0001281300   -0.0013488900
   0.0000650900    0.0000706400   -0.0013139500
  -0.0000751200    0.0001053800   -0.0015764800
  -0.0003044500    0.0001020700   -0.0018546000
   0.0000406000   -0.0001068800   -0.0013463700
   0.0000614000    0.0000794500   -0.0016374500
  -0.0000778900   -0.0001186200   -0.0015786100
  -0.0000719700   -0.0001380400   -0.0013375000
   0.0001048300   -0.0014905000   -0.0017459600
   0.0000287900    0.0011317300   -0.0015558400
  -0.0000575000    0.0000722200   -0.0012494700
  -0.0000787600   -0.0001821400   -0.0009830800
  -0.0001535900   -0.0005038500   -0.0015897900
   0.0001393400    0.0002660600   -0.0017730100
   0.0000539900    0.0001113900   -0.0013138300
  -0.0000642100   -0.0000995900   -0.0012345800
  -0.0002037100   -0.0002761300   -0.0018554800
   0.0001026200    0.0001804900   -0.0013370300
   0.0000519300    0.0000846700   -0.0013074400
  -0.0001655500   -0.0000427800   -0.0016332800
  -0.0001131600   -0.0000480300   -0.0013173500
   0.0000470600    0.0001250400   -0.0012918000
   0.0001895600    0.0001804200   -0.0017364100
  -0.0004767100   -0.0007618500   -0.0015877500
  -0.0000526000   -0.0001368900   -0.0012683300
   0.0000510600    0.0001684600   -0.0016436100
   0.0001376200   -0.0003494100   -0.0016763000
  -0.0001094600   -0.0003925900   -0.0011768500
  -0.0000414300   -0.0001089000   -0.0012683600
  -0.0000684600    0.0000758500   -0.0015546900
   0.0000302700    0.0005117600   -0.0018879600
   0.0001310200   -0.0005100800   -0.0011860700
  -0.0000782700   -0.0001005500   -0.0016313200
  -0.0000570300    0.0000491400   -0.0016341800
   0.0000454700    0.0000710900   -0.0013753600
   0.0000459300   -0.0000659000   -0.0013487900
  -0.0005782000    0.0005895600   -0.0015923500
  -0.0000673500    0.0001555300   -0.0012921700
   0.0001210600    0.0001253000   -0.0010372900
   0.0004071000   -0.0001078800   -0.0022032200
  -0.0003219700   -0.0001301700   -0.0008281600
  -0.0000595500    0.0001543400   -0.0012161000
   0.0001069100    0.0017761100   -0.0012725000
  -0.0000587700   -0.0058881700   -0.0025829400

257  
  0.0036910258050018  -0.0036910258050018  -0.0085295168100908
   0.0064919100   -0.0039973300   -0.0204915500
  -0.0021291000    0.0038939300    0.0038722600
  -0.0002271100    0.0002981600    0.0006130300
  -0.0006902100    0.0004592000    0.0012276700
   0.0019482800   -0.0013305800   -0.0016187800
   0.0001528700   -0.0001373000    0.0008176400
  -0.0001829600    0.0001434700    0.0002916200
  -0.0007254700    0.0008524300   -0.0002432100
   0.0001433900   -0.0001172400    0.0002064900
   0.0000542800   -0.0000610600    0.0001207000
  -0.0001755600    0.0000704000   -0.0001745200
  -0.0001105200    0.0000507600   -0.0001455200
   0.0008144800   -0.0004584600    0.0007191200
   0.0000031100    0.0001963300   -0.0010231200
  -0.0003008600    0.0003089800    0.0000587800
  -0.0000277800    0.0000206100    0.0004283800
  -0.0005584200   -0.0005342800    0.0010376800
   0.0006633300   -0.0021978300   -0.0018139900
   0.0000104200    0.0009797000    0.0002313300
  -0.0001683700    0.0000444500    0.0004643700
  -0.0047278500   -0.0002809600    0.0004284800
   0.0031194600    0.0010001500    0.0002956000
   0.0000867000    0.0003786500    0.0006275900
  -0.0004222200    0.0001347600    0.0004389300
  -0.0002405300   -0.0000496600   -0.0003896500
   0.0001998100   -0.0000641500    0.0002723100
   0.0000764000    0.0000975000    0.0001747800
  -0.0003855500    0.0000585500   -0.0002490200
  -0.0000743300   -0.0001426700    0.0003301300
   0.0002074900   -0.0001687800    0.0001398100
   0.0000839300    0.0001492600   -0.0003339700
  -0.0002325200   -0.0001452900    0.0000112900
  -0.0001765200   -0.0002641100    0.0004977700
  -0.0001154900   -0.0002234800    0.0002619300
   0.0002095200    0.0002994100   -0.0004971900
   0.0001109600   -0.0004237200    0.0000084600
  -0.0003868800   -0.0001573200    0.0003723900
  -0.0003021800   -0.0007441000   -0.0005747800
   0.0003142000    0.0004465400   -0.0001571700
   0.0000302000    0.0000715200    0.0003392900
  -0.0010878500   -0.0000761500   -0.0006460000
  -0.0000150700   -0.0000916100   -0.0003523400
   0.0001933100    0.0001519700    0.0003179600
   0.0001520800    0.0000701000    0.0001949000
  -0.0009643300   -0.0005503700    0.0002065900
  -0.0001175300   -0.0000245100    0.0003224200
   0.0002501700    0.0002677400    0.0002437300
   0.0004256500   -0.0000899700   -0.0006950200
  -0.0009593200   -0.0042209100    0.0019706900
  -0.0002533900   -0.0000621600    0.0007317000
  -0.0001545200    0.0003186500    0.0003628500
   0.0006612700    0.0036828700   -0.0010496000
   0.0000889300   -0.0002957600    0.0004401800
  -0.0001595500   -0.0001076500    0.0002321700
  -0.0001384700    0.0001498500   -0.0002500000
   0.0002133800    0.0001092500   -0.0003793900
   0.0001140200   -0.0000860200    0.0001289600
  -0.0003783200   -0.0000402300   -0.0003424100
  -0.0000350400    0.0001110600   -0.0001056700
   0.0001500600    0.0000434500    0.0002757900
   0.0017912200   -0.0002791100   -0.0036529800
  -0.0011889500    0.0004075300    0.0002414000
  -0.0000681800    0.0001615400    0.0004063700
   0.0009453500    0.0003777700    0.0009065900
   0.0101139000   -0.0035798300   -0.0101602600
   0.0006880600    0.0004215400    0.0020824500
  -0.0001380700    0.0001766900    0.0004742400
  -0.0011639300    0.0006316000    0.0006200300
   0.0002639300   -0.0002016700    0.0000435600
   0.0001674700   -0.0000128000    0.0003444300
  -0.0001161900    0.0000979700   -0.0000172100
  -0.0005012500    0.0001322400   -0.0003944600
   0.0001279100   -0.0002305900    0.0003785200
   0.0001901100   -0.0000061900   -0.0002171300
  -0.0001566000    0.0001054800   -0.0002487700
  -0.0001346000   -0.0000778500    0.0001603200
   0.0004839900   -0.0039726600    0.0019092200
   0.0000873600    0.0037145100   -0.0015570600
  -0.0002115900    0.0003288600    0.0003332400
  -0.0001837100   -0.0000389100    0.0007891800
  -0.0010040100   -0.0008002500    0.0005022900
   0.0008122900    0.0004554300   -0.0010972000
   0.0001954600    0.0004522400    0.0002470900
  -0.0001575500    0.0000020400    0.0003883100
  -0.0015631400   -0.0001501100   -0.0010553200
   0.0004825000    0.0000636100    0.0003027800
   0.0001574500    0.0001321400    0.0003316100
  -0.0003041200    0.0000342000   -0.0001123800
  -0.0003327200   -0.0001460300    0.0002324400
   0.0000835500    0.0000190800    0.0003232300
   0.0002602100    0.0001587900   -0.0001250300
  -0.0003892800   -0.0004904300   -0.0004287900
  -0.0001421900   -0.0002792900    0.0005224700
   0.0001394700   -0.0004677300    0.0000808200
   0.0002000800    0.0003325200   -0.0005288800
  -0.0001402900   -0.0001985800    0.0002250600
  -0.0001062200   -0.0001727400    0.0003836300
  -0.0002096900   -0.0002137700    0.0000661500
   0.0001140200    0.0003361000   -0.0003948500
   0.0002000600   -0.0002115900    0.0000785000
  -0.0003062000   -0.0001134200   -0.0001418300
  -0.0002015400   -0.0000867600   -0.0003557700
   0.0001589700    0.0001646800    0.0001365000
   0.0001329700   -0.0000024900    0.0002385900
  -0.0029680100   -0.0001469200   -0.0007370100
  -0.0003328100    0.0000818900    0.0003221300
   0.0001594200    0.0002396100    0.0004805700
   0.0009926000    0.0000310700   -0.0004066200
  -0.0006119900   -0.0004958500    0.0009002000
  -0.0001526400    0.0000175700    0.0004664000
   0.0001416900    0.0008543200    0.0002983900
   0.0009132600   -0.0018611600   -0.0015245200
   0.0006883000   -0.0006716100    0.0012204600
  -0.0000923000   -0.0000098200    0.0004970800
  -0.0002845600    0.0003707900    0.0001518300
  -0.0000137600    0.0014094100   -0.0010582900
   0.0001279600   -0.0001215800    0.0002365400
  -0.0001115200   -0.0000271700   -0.0000532200
  -0.0001484100    0.0001071800   -0.0002061100
   0.0000856400   -0.0000355200    0.0000280400
   0.0008359300   -0.0001970900   -0.0005224900
  -0.0006857100    0.0005320700   -0.0003882900
  -0.0001386300    0.0001349900    0.0002221700
   0.0002144800   -0.0000361600    0.0006253400
   0.0094991200   -0.0036237300   -0.0148517900
  -0.0008319200    0.0003575400    0.0011619600
  -0.0001695600    0.0002919500    0.0006226300
   0.0004863500    0.0036306400    0.0030861000
   0.0014756600   -0.0009528400    0.0063551200
  -0.0000403000    0.0000371800    0.0002628200
  -0.0001007400    0.0001060100    0.0001350200
  -0.0012706900    0.0014597100    0.0004247300
   0.0000893200   -0.0000473400    0.0000871100
  -0.0000053500    0.0000048200    0.0000605400
  -0.0000919200    0.0000578200   -0.0000417000
  -0.0000200400   -0.0000072300   -0.0001333900
   0.0000782000   -0.0000571500    0.0000189800
  -0.0000372400    0.0000391000   -0.0000920100
  -0.0000567900    0.0000176400   -0.0000065900
   0.0000170300   -0.0000220700    0.0000840600
   0.0007717300   -0.0004166200   -0.0011315200
  -0.0002489500    0.0003132600    0.0000948800
  -0.0000428100    0.0000434600    0.0001404000
   0.0000442900   -0.0000506000    0.0009274800
  -0.0006145300   -0.0014108700   -0.0002066300
   0.0002473700    0.0005836700    0.0000165500
  -0.0000285400    0.0000617800    0.0001224400
  -0.0001537200   -0.0000160000    0.0002040500
   0.0001644900   -0.0000953100   -0.0003132900
   0.0001070100    0.0000246700    0.0001494000
  -0.0000236600    0.0000408300    0.0000592500
  -0.0002850900    0.0001097700   -0.0000782700
   0.0000094400   -0.0000359800    0.0000686400
   0.0000450700    0.0000128800    0.0000312700
  -0.0000143200    0.0000052600   -0.0000796700
  -0.0001013900   -0.0000518500   -0.0000215400
   0.0000256000   -0.0001986500    0.0001575800
   0.0001252900    0.0000485100   -0.0001987600
  -0.0000463800    0.0000390300   -0.0000107000
  -0.0000405800   -0.0000356300    0.0001214500
  -0.0000798100   -0.0001036900    0.0001039800
  -0.0000183600   -0.0000431600   -0.0001146400
   0.0000883000    0.0000632100   -0.0000508300
  -0.0000154100   -0.0000350000    0.0000954700
  -0.0002559000   -0.0001578100   -0.0000964700
   0.0001014000    0.0000777700   -0.0000431800
   0.0000524700    0.0000416000    0.0000786700
  -0.0000393500   -0.0000094200    0.0000401000
  -0.0002111700   -0.0000301900    0.0000120500
   0.0000153100    0.0000286400    0.0000914100
   0.0000993400    0.0000657000    0.0000511200
  -0.0000833500   -0.0000995100   -0.0002349900
  -0.0000766000   -0.0000412000    0.0001340000
   0.0000145600    0.0000254300    0.0000834900
   0.0001692300    0.0001007200   -0.0001475200
  -0.0001307100   -0.0002407600    0.0000040800
  -0.0000215300   -0.0000648800    0.0002048200
  -0.0000537000    0.0000130300    0.0000857900
  -0.0000622400    0.0001966400   -0.0000641500
   0.0002502200   -0.0003255500   -0.0001937800
  -0.0000233000   -0.0000373400    0.0000405400
  -0.0000692500   -0.0000078300   -0.0000537500
   0.0000155100    0.0000371100   -0.0000375600
   0.0000399000   -0.0000202500    0.0000537900
  -0.0001119200    0.0000567000   -0.0002529500
  -0.0001017400    0.0000640200    0.0000009200
   0.0000195500    0.0000278200    0.0001054700
   0.0001549100   -0.0000212600    0.0000264100
  -0.0009118000   -0.0000998300    0.0005241100
  -0.0000814400    0.0000328800    0.0001569500
   0.0000260800    0.0002182300    0.0002277900
   0.0014251200    0.0004690700   -0.0005033300
   0.0021796500   -0.0014848400   -0.0040239400
  -0.0000527500    0.0002448600    0.0002504500
  -0.0000772900    0.0000359300    0.0001698400
  -0.0008968800   -0.0000736100    0.0008622200
   0.0002200500   -0.0000890800    0.0001489900
   0.0000078500    0.0000154500    0.0001457500
  -0.0001244400    0.0000814100    0.0000320700
  -0.0003571700    0.0002196800   -0.0003079800
   0.0000417700   -0.0000370000    0.0000590100
   0.0000089800    0.0000095700   -0.0000154200
  -0.0000689000   -0.0000058900   -0.0000531800
  -0.0000031100   -0.0000383200    0.0000080700
   0.0002425800   -0.0002126300   -0.0000810500
  -0.0000776500    0.0001552100   -0.0000925200
  -0.0000382900    0.0000123700    0.0000743000
   0.0000193500   -0.0000537900    0.0002033700
  -0.0001154300   -0.0002827200    0.0000149400
   0.0001488600    0.0001518200   -0.0001763300
  -0.0000065400    0.0000282500    0.0000777700
  -0.0000634500   -0.0000484700    0.0001500600
  -0.0000017200   -0.0003904100   -0.0003727600
   0.0001556900    0.0001285000    0.0000964400
   0.0000006800    0.0000281800    0.0001026100
  -0.0002467700   -0.0000272500    0.0000923400
   0.0000085700   -0.0000349900    0.0000037000
   0.0000593800    0.0000234900    0.0000802400
   0.0000265000    0.0000256800   -0.0000307500
  -0.0002238000   -0.0000783200   -0.0001107400
   0.0000082300   -0.0000496500    0.0000926800
   0.0000921400    0.0000268100   -0.0000302000
  -0.0000178300   -0.0000497800   -0.0000938700
  -0.0000779900   -0.0000918300    0.0000802600
  -0.0000340400   -0.0000488400    0.0001269400
  -0.0000270900    0.0000270100    0.0000009300
   0.0001566300    0.0001019500   -0.0002031400
  -0.0000108100   -0.0002033700    0.0001517700
  -0.0000989600   -0.0000885000    0.0000041500
   0.0000271500    0.0000207700   -0.0001095900
   0.0000648100    0.0000364000    0.0000229100
  -0.0000064400   -0.0000287200    0.0000860900
  -0.0002277500    0.0000272500   -0.0001207000
   0.0000172000    0.0000381200    0.0000359100
   0.0000836900    0.0000235700    0.0000993700
   0.0000202600   -0.0000310100   -0.0000975200
  -0.0001470300   -0.0000373200    0.0001471300
   0.0000053500    0.0000387200    0.0001131300
   0.0003103700    0.0002383300    0.0000285400
  -0.0004942100   -0.0008135000   -0.0002793500
  -0.0000509900   -0.0000964900    0.0007403500
  -0.0000454100    0.0000345800    0.0001467300
  -0.0001852000    0.0003074400    0.0001218600
   0.0021761700   -0.0026930400   -0.0037768500
   0.0000111800   -0.0000415700    0.0001132900
  -0.0000474200    0.0000080300    0.0000097800
  -0.0000422800    0.0000859500   -0.0001085200
   0.0001177100   -0.0001006400    0.0000000300
  -0.0000001300   -0.0000304700   -0.0000604900
  -0.0000702000    0.0000308600   -0.0000566900
   0.0000066500    0.0000089100    0.0000384600
   0.0000775800   -0.0000371800    0.0000784300
  -0.0008465900    0.0006441700   -0.0003418200
  -0.0000934800    0.0000900200    0.0001079000
   0.0000200100    0.0000370300    0.0002473200
   0.0011442900   -0.0000740600    0.0002209000
  -0.0436068800    0.0151290300    0.0581144800
   0.0003052300   -0.0003112900    0.0000615700
   0.0001880200   -0.0000891100    0.0011281200
   0.0011945500   -0.0006319900    0.0005807600
  -0.0005912300    0.0001429200    0.0016842100
  -0.0000308400    0.0000161300    0.0011042900
   0.0002286700   -0.0000727300    0.0013955000
   0.0004013300   -0.0002238500    0.0018325800
  -0.0001536900    0.0000553400    0.0013434900
  -0.0000151900    0.0000007200    0.0015059500
   0.0001796700   -0.0000344500    0.0016241600
   0.0000212000    0.0000108700    0.0015145000
  -0.0014314800    0.0005194700    0.0011591800
   0.0008078300   -0.0006184900    0.0021788900
   0.0002016600   -0.0000791800    0.0013808900
  -0.0000324600    0.0000122100    0.0011049500
   0.0009370000    0.0007203900    0.0007714000
  -0.0010025700   -0.0008769900    0.0029224100
   0.0000350600   -0.0001784500    0.0012560700
   0.0002261500   -0.0000028400    0.0011616900
   0.0025465500   -0.0002583800    0.0018072300
  -0.0007958200   -0.0000502900    0.0011925100
  -0.0000077000   -0.0000740700    0.0011656200
   0.0006485500   -0.0000982200    0.0012641600
   0.0000374300    0.0000460300    0.0015850300
  -0.0001398500    0.0000049600    0.0013230700
  -0.0000486700   -0.0000323400    0.0014617800
   0.0004256900    0.0000451500    0.0017093000
  -0.0000039400    0.0001013800    0.0012374500
  -0.0003034200    0.0000633700    0.0015112400
   0.0000631600   -0.0000683900    0.0017224900
   0.0001652000    0.0000463400    0.0014069100
   0.0001573400    0.0000898100    0.0011949200
   0.0001215100    0.0001138800    0.0014174300
  -0.0002750800   -0.0001219800    0.0018817900
  -0.0000107100    0.0000868100    0.0013681800
   0.0005855800    0.0001271400    0.0013167200
  -0.0002038100   -0.0000054200    0.0020076000
  -0.0002225200   -0.0001078500    0.0014738500
   0.0000233600   -0.0000116800    0.0012771500
   0.0016070400    0.0000155500    0.0022542800
  -0.0000525700   -0.0000128500    0.0015282900
  -0.0001798100   -0.0000644100    0.0012805900
  -0.0001470000   -0.0000086000    0.0014827200
   0.0004585300    0.0001063000    0.0012704000
   0.0000229600   -0.0000054600    0.0012851700
  -0.0003745800   -0.0001526000    0.0014249100
   0.0002017700    0.0003806100    0.0020075200
   0.0000975000    0.0003999300    0.0005510300
   0.0001472000    0.0000027800    0.0011304300
   0.0001917200   -0.0002029100    0.0013338500
  -0.0010000700   -0.0003626400    0.0026997500
  -0.0000015300    0.0000670000    0.0012473000
   0.0001939500    0.0000416800    0.0014327700
   0.0000317300   -0.0000753600    0.0016987800
  -0.0001772700    0.0000158800    0.0015790800
  -0.0000888600    0.0000384500    0.0015351000
   0.0004246300   -0.0000531000    0.0017488300
  -0.0000149000   -0.0000443500    0.0014770100
  -0.0002207400    0.0000032500    0.0012813600
   0.0113263100   -0.0002500200    0.0055800200
   0.0005452100   -0.0000763300    0.0012170200
  -0.0000029900   -0.0001102900    0.0011799000
  -0.0016895400   -0.0004301700    0.0009698500
  -0.0035648000    0.0008450900    0.0032290900
  -0.0000876500   -0.0001478900    0.0007620600
   0.0000913900   -0.0001775500    0.0013571700
   0.0007466400   -0.0010085500    0.0014378400
  -0.0000625200    0.0001139900    0.0015028900
  -0.0000339100   -0.0000189300    0.0014590800
   0.0000763700   -0.0000712500    0.0016896700
   0.0000725400    0.0000418700    0.0018398700
  -0.0001437500    0.0003539400    0.0013682800
  -0.0000214700   -0.0001743900    0.0018877300
   0.0000763500   -0.0000765200    0.0016937200
   0.0000151100    0.0000827000    0.0014329600
  -0.0008544800    0.0073787600    0.0016164700
   0.0001003000   -0.0018865100    0.0015445000
   0.0000640700   -0.0001748700    0.0013402100
   0.0003214700    0.0000852800    0.0008427700
   0.0006216700    0.0012689900    0.0015846900
  -0.0003653600   -0.0006097200    0.0019800700
  -0.0000311800   -0.0002110000    0.0013851100
   0.0001417900    0.0000250400    0.0013588000
   0.0001288500    0.0001209300    0.0020291100
  -0.0000908500   -0.0000581500    0.0013861700
  -0.0000486500   -0.0001118200    0.0014680100
   0.0002225700    0.0000102700    0.0017900100
   0.0000436400    0.0001069000    0.0014146700
  -0.0000633800   -0.0000452800    0.0014298700
  -0.0000819900   -0.0000676200    0.0018156100
   0.0001647000    0.0003833000    0.0017307100
   0.0000879200    0.0004352600    0.0012686600
  -0.0001257900    0.0004955700    0.0017482000
  -0.0000336000   -0.0002255300    0.0017917900
   0.0000499700    0.0001255500    0.0013920200
   0.0000806800    0.0001769800    0.0014104000
   0.0000626600    0.0001740000    0.0016790400
  -0.0000808100   -0.0002248700    0.0018212600
  -0.0000272100    0.0001123600    0.0014644300
   0.0002194000    0.0000956400    0.0018178300
   0.0000122600   -0.0000789900    0.0017746300
  -0.0000630200   -0.0001067300    0.0014653500
  -0.0000500800    0.0000266100    0.0015019900
   0.0005124300    0.0001195400    0.0013152200
   0.0000453400   -0.0000784600    0.0013644700
  -0.0001744000   -0.0003861200    0.0012899000
  -0.0003166300    0.0002693600    0.0023339400
   0.0000883500    0.0001943500    0.0011569800
   0.0000409600   -0.0000499800    0.0013561700
  -0.0001257100   -0.0011415200    0.0015866300
  -0.0000207800    0.0014590400    0.0019502600
  -0.0000835500    0.0002471500    0.0010855900
   0.0000467200   -0.0000191900    0.0013787200
   0.0001224800   -0.0004169800    0.0016106800
  -0.0002391900    0.0001836800    0.0023848100
  -0.0000354400    0.0001063900    0.0015086800
   0.0000743100   -0.0000286000    0.0017151200
   0.0000252300   -0.0000827100    0.0017083400
  -0.0000492800    0.0000565700    0.0015191500
  -0.0001890700   -0.0000144000    0.0024841500
   0.0002302100   -0.0004231200    0.0016670500
   0.0000191400   -0.0001055600    0.0013984800
  -0.0004190700    0.0000822200    0.0010100900
   0.0040167100    0.0008462700   -0.0033125200
   0.0001207000   -0.0001385400    0.0010436200
   0.0001196100   -0.0004627000    0.0011894800
  -0.0008586500   -0.0078647300   -0.0017039600
   0.0106844500    0.0012693400   -0.0055723200
  -0.0014368400   -0.0021171600   -0.0046160200
   0.0000883500   -0.0001212400   -0.0019767700
   0.0005137000   -0.0000958400   -0.0020396400
  -0.0002578100    0.0001499700   -0.0013724900
  -0.0002731500    0.0000428800   -0.0018763500
   0.0000453100   -0.0000351300   -0.0016821700
   0.0005266200   -0.0001259700   -0.0013957000
  -0.0000406600    0.0000531000   -0.0018169600
  -0.0001557800    0.0000344800   -0.0015917100
   0.0000590200   -0.0000326800   -0.0014316700
   0.0001948500    0.0000255600   -0.0016490800
  -0.0001515200    0.0005213500   -0.0027099400
  -0.0007533700    0.0000343200   -0.0002994000
   0.0002760300   -0.0001993000   -0.0017471300
   0.0001222500   -0.0000061700   -0.0019928200
   0.0004502500    0.0001241300   -0.0019644000
   0.0001718400    0.0004422600   -0.0008818100
  -0.0003205600   -0.0002512400   -0.0016601300
   0.0000654200   -0.0000176900   -0.0018568700
   0.0020395200    0.0000818500   -0.0010783100
  -0.0007529800   -0.0000252500   -0.0016610400
  -0.0002084400   -0.0000795200   -0.0018621100
   0.0001236700   -0.0000291900   -0.0016613000
   0.0005272200    0.0000844400   -0.0016879700
  -0.0000433000    0.0000187300   -0.0018235300
  -0.0001851900   -0.0000506500   -0.0016377400
   0.0000591100    0.0000325200   -0.0012691200
   0.0001506000    0.0000881200   -0.0019188500
  -0.0000517700    0.0000965500   -0.0017788300
  -0.0002817200   -0.0000803300   -0.0012496700
   0.0001482600    0.0001019100   -0.0016702000
   0.0000502100    0.0001113900   -0.0018898700
   0.0001608800    0.0000701100   -0.0017418900
   0.0000386400   -0.0000823100   -0.0013812400
  -0.0003186800    0.0000596400   -0.0015315500
   0.0001215800    0.0000391000   -0.0016301500
   0.0003686200    0.0001224600   -0.0013624900
  -0.0001479500   -0.0000801100   -0.0016154000
  -0.0001229000   -0.0000168500   -0.0017739000
   0.0003608700    0.0000779900   -0.0003517000
   0.0005245900   -0.0000387300   -0.0017376400
  -0.0000633900   -0.0000547400   -0.0018783500
  -0.0004949500   -0.0000388200   -0.0016225000
   0.0011193000    0.0006455800   -0.0021788800
   0.0002272200    0.0000129700   -0.0019347100
  -0.0000549000   -0.0001471500   -0.0018773500
  -0.0011614100   -0.0002918000   -0.0006239800
  -0.0014367500    0.0017701100   -0.0029445800
   0.0000843100    0.0000392800   -0.0020302300
   0.0001903500   -0.0000887000   -0.0017943500
   0.0005838000   -0.0007013100   -0.0011969600
  -0.0001659900    0.0000654600   -0.0017757000
   0.0000419600    0.0000364600   -0.0016541900
   0.0001802700   -0.0000346100   -0.0014856300
  -0.0000233200   -0.0000193200   -0.0015413700
  -0.0004321000    0.0000646100   -0.0015587200
   0.0002209100   -0.0000339100   -0.0012303300
   0.0001908100   -0.0000586300   -0.0016808800
  -0.0000691200   -0.0000059300   -0.0019159700
  -0.0095341800    0.0012577900    0.0031769300
   0.0016173600   -0.0005225600   -0.0024781700
   0.0001775700   -0.0000825000   -0.0019796500
  -0.0001512900   -0.0004837900   -0.0031472300
  -0.0002919200    0.0002939200   -0.0023554000
   0.0000416400   -0.0001025100   -0.0017600500
   0.0002207600   -0.0005380400   -0.0015588200
   0.0011861500   -0.0022626700    0.0016894600
  -0.0000462200    0.0000844900   -0.0016321000
   0.0000335200   -0.0000412000   -0.0014322900
   0.0000955600   -0.0001317800   -0.0013563800
  -0.0000475900    0.0001223100   -0.0015652300
  -0.0001335000    0.0001522600   -0.0011060300
   0.0001321500   -0.0002863700   -0.0014387000
   0.0000368800   -0.0000423900   -0.0016912900
  -0.0000933000    0.0001545100   -0.0018701000
   0.0041591900   -0.0071377500   -0.0017263400
   0.0001601300   -0.0004542600   -0.0019062800
   0.0000953100   -0.0001602200   -0.0020935300
  -0.0001263000    0.0001249500   -0.0144145500
  -0.0029201500    0.0010026500    0.0003823900
  -0.0001351400   -0.0006869600   -0.0020091000
   0.0000679400   -0.0001111700   -0.0017934600
   0.0007022200    0.0001043600   -0.0022025500
  -0.0001373200    0.0001334100   -0.0016477600
  -0.0000535900   -0.0000776500   -0.0016850700
   0.0000786300   -0.0001132300   -0.0014273000
   0.0003122500   -0.0001025100   -0.0011491400
  -0.0000315400    0.0001116500   -0.0016583800
  -0.0000659700   -0.0000782200   -0.0013414400
   0.0000821800    0.0001137000   -0.0014244900
   0.0000715500    0.0001418300   -0.0016628300
  -0.0001039600    0.0014954100   -0.0012480700
  -0.0000418900   -0.0011350200   -0.0014436800
   0.0000617300   -0.0000725800   -0.0017420400
   0.0000760300    0.0001808300   -0.0020109800
   0.0001664000    0.0005086200   -0.0014055300
  -0.0001313200   -0.0002669500   -0.0012336900
  -0.0000606900   -0.0001208800   -0.0016827700
   0.0000612200    0.0001007600   -0.0017459900
   0.0002031300    0.0002721100   -0.0011363800
  -0.0000986800   -0.0001815100   -0.0016592600
  -0.0000519300   -0.0000805700   -0.0016729900
   0.0001669200    0.0000479900   -0.0013594200
   0.0001186100    0.0000636700   -0.0016852800
  -0.0000416200   -0.0001290100   -0.0017004700
  -0.0001912000   -0.0001791200   -0.0012611800
   0.0004686300    0.0007655400   -0.0014181400
   0.0000454700    0.0001407600   -0.0017368900
  -0.0000412700   -0.0001658800   -0.0013650700
  -0.0001441900    0.0003552800   -0.0013304200
   0.0001091600    0.0003990000   -0.0018187000
   0.0000340400    0.0001176800   -0.0017094900
   0.0000735100   -0.0000798700   -0.0014382700
  -0.0000284500   -0.0005112500   -0.0011158200
  -0.0001325100    0.0005118400   -0.0018092800
   0.0000762800    0.0001081200   -0.0013614900
   0.0000471500   -0.0000451100   -0.0013650300
  -0.0000364500   -0.0000722800   -0.0016124900
  -0.0000426300    0.0000745400   -0.0016330900
   0.0005774600   -0.0005948600   -0.0014135200
   0.0000750700   -0.0001565800   -0.0017006400
  -0.0001097000   -0.0001364800   -0.0019530800
  -0.0004108800    0.0001006100   -0.0007729200
   0.0003146100    0.0001303100   -0.0021648700
   0.0000551400   -0.0001602400   -0.0017845800
  -0.0001026400   -0.0017850300   -0.0017303900
   0.0000782900    0.0058972800   -0.0004345300
