1.800000000000000044e+00 -1.941464000000000037e-02 6.501106999999999893e-03
2.200000000000000178e+00 -1.167080000000000027e-02 3.687989000000000024e-03
2.600000000000000089e+00 -6.227525000000000248e-03 2.871543000000000272e-03
3.000000000000000000e+00 -1.541950000000000091e-02 2.934815999999999814e-03
3.399999999999999911e+00 -1.095409999999999960e-02 2.666851999999999938e-03
3.799999999999999822e+00 -1.329591999999999927e-02 2.734358000000000101e-03
4.200000000000000178e+00 -1.318039000000000016e-02 2.732445000000000013e-03
4.599999999999999645e+00 -2.646389999999999767e-03 2.098529999999999927e-03
5.000000000000000000e+00 -2.892374999999999981e-03 2.119149999999999767e-03
5.400000000000000355e+00 -5.922873999999999847e-03 2.291940000000000123e-03
5.799999999999999822e+00 -4.666472000000000502e-03 2.177172000000000222e-03
6.200000000000000178e+00 -1.015077999999999987e-03 1.867563000000000036e-03
6.599999999999999645e+00 -1.191236999999999938e-03 1.845654000000000175e-03
7.000000000000000000e+00 -6.395518000000000210e-03 2.068275000000000061e-03
7.400000000000000355e+00 -4.052585000000000041e-03 1.977964999999999932e-03
7.799999999999999822e+00 -2.701205999999999833e-03 1.942608999999999872e-03
8.199999999999999289e+00 -4.901032000000000478e-03 2.024549999999999961e-03
8.599999999999999645e+00 -8.994588999999999883e-04 1.773984999999999842e-03
9.000000000000000000e+00 6.474687999999999494e-04 1.858720000000000120e-03
9.400000000000000355e+00 -1.442787999999999970e-03 2.057119000000000048e-03
9.800000000000000711e+00 -6.396068999999999832e-05 2.001371000000000053e-03
1.019999999999999929e+01 2.819808000000000037e-03 1.894099000000000000e-03
1.059999999999999964e+01 1.382379999999999894e-03 2.005049999999999975e-03
1.100000000000000000e+01 3.307118000000000275e-04 2.371193999999999646e-03
1.140000000000000036e+01 8.833420000000000681e-04 2.225736999999999768e-03
1.180000000000000071e+01 -4.933806999999999906e-04 2.404602000000000041e-03
1.219999999999999929e+01 6.183860999999999915e-04 2.383946999999999976e-03
1.259999999999999964e+01 2.371831000000000026e-03 2.277253999999999824e-03
1.300000000000000000e+01 3.786646999999999756e-03 2.164562000000000083e-03
1.340000000000000036e+01 5.378987000000000004e-03 2.183332000000000068e-03
1.380000000000000071e+01 5.660448000000000215e-03 2.283854000000000092e-03
1.419999999999999929e+01 9.794531000000000417e-03 2.308327000000000209e-03
1.459999999999999964e+01 1.126278999999999995e-02 2.313208000000000191e-03
1.500000000000000000e+01 1.306408000000000048e-02 2.287647999999999765e-03
1.540000000000000036e+01 1.664049999999999904e-02 2.465979999999999995e-03
1.580000000000000071e+01 2.898498999999999867e-02 2.349825000000000264e-03
1.619999999999999929e+01 2.993509000000000100e-02 2.698902999999999892e-03
1.660000000000000142e+01 4.381858000000000281e-02 3.157852999999999962e-03
1.700000000000000000e+01 7.892271000000000702e-02 3.101941999999999894e-03
1.739999999999999858e+01 1.206552000000000041e-01 3.199139000000000149e-03
1.780000000000000071e+01 1.715706999999999927e-01 3.682022999999999980e-03
1.819999999999999929e+01 2.131697000000000175e-01 3.677776000000000222e-03
1.860000000000000142e+01 1.913558999999999954e-01 3.606734000000000329e-03
1.900000000000000000e+01 1.176554000000000072e-01 3.184575000000000253e-03
1.939999999999999858e+01 5.559697000000000250e-02 2.766610999999999983e-03
1.980000000000000071e+01 2.610900000000000026e-02 2.436110000000000012e-03
2.019999999999999929e+01 1.507264000000000000e-02 2.423110999999999928e-03
2.060000000000000142e+01 1.326792000000000075e-02 2.133143000000000105e-03
2.100000000000000000e+01 8.050595000000000667e-03 2.283617999999999846e-03
2.139999999999999858e+01 8.184580999999999801e-03 2.034211000000000179e-03
2.180000000000000071e+01 8.129082000000000582e-04 2.192365999999999846e-03
2.219999999999999929e+01 -2.400680999999999995e-03 2.295596000000000008e-03
2.260000000000000142e+01 3.838320000000000100e-03 1.809233000000000152e-03
2.300000000000000000e+01 1.492222999999999987e-03 1.939260000000000159e-03
2.339999999999999858e+01 5.062515000000000071e-03 1.699458000000000045e-03
2.380000000000000071e+01 4.893808999999999833e-03 1.743095000000000061e-03
2.419999999999999929e+01 6.747632999999999409e-03 1.677421000000000120e-03
2.460000000000000142e+01 5.120603999999999954e-03 1.704589000000000061e-03
2.500000000000000000e+01 3.441351999999999953e-03 1.709621000000000144e-03
2.539999999999999858e+01 2.688428999999999992e-03 1.483897999999999988e-03
2.580000000000000071e+01 3.822426999999999769e-03 1.418447999999999888e-03
2.619999999999999929e+01 3.644040999999999773e-03 1.374776999999999987e-03
2.660000000000000142e+01 5.509006000000000319e-03 1.191958000000000123e-03
2.700000000000000000e+01 7.545719000000000211e-03 1.116989000000000089e-03
2.739999999999999858e+01 2.906053000000000022e-03 1.379737999999999928e-03
2.780000000000000071e+01 4.844367999999999938e-03 1.381098999999999999e-03
2.819999999999999929e+01 5.359384999999999497e-03 1.336139999999999984e-03
2.860000000000000142e+01 8.600736000000001186e-03 1.220174000000000085e-03
2.900000000000000000e+01 7.404916999999999576e-03 1.277785000000000032e-03
2.939999999999999858e+01 1.306361999999999801e-02 1.175837000000000106e-03
2.980000000000000071e+01 1.567034000000000135e-02 1.205979999999999943e-03
3.019999999999999929e+01 2.298445000000000002e-02 1.243264000000000001e-03
3.060000000000000142e+01 3.390458000000000360e-02 1.340873000000000021e-03
3.100000000000000000e+01 5.702272000000000590e-02 1.393144999999999930e-03
3.139999999999999858e+01 7.918019000000001140e-02 1.557079999999999966e-03
3.180000000000000071e+01 9.936770999999999798e-02 1.695022000000000022e-03
3.220000000000000284e+01 1.009742000000000139e-01 1.771978999999999915e-03
3.260000000000000142e+01 7.346189000000000191e-02 1.644871999999999914e-03
3.300000000000000000e+01 4.362929999999999586e-02 1.546744000000000070e-03
3.339999999999999858e+01 2.641927999999999985e-02 1.608887999999999941e-03
3.379999999999999716e+01 1.508675999999999941e-02 1.768367999999999980e-03
3.420000000000000284e+01 9.326502000000000403e-03 1.879567999999999864e-03
3.460000000000000142e+01 3.016126000000000050e-03 2.476200000000000016e-03
3.500000000000000000e+01 1.776260000000000209e-03 3.541055999999999891e-03
3.539999999999999858e+01 3.140354000000000149e-03 4.810410000000000207e-03
3.579999999999999716e+01 1.818045000000000078e-02 1.127439000000000045e-02
