6.750000000000000000e+00 4.864320000000000449e-02 2.563379999999999652e-03
8.250000000000000000e+00 1.141518000000000047e-02 1.841221999999999998e-03
9.750000000000000000e+00 2.892056000000000054e-03 1.878056999999999817e-03
1.125000000000000000e+01 3.778825000000000413e-03 1.862998000000000258e-03
1.275000000000000000e+01 7.528531000000000632e-03 1.930934000000000036e-03
1.425000000000000000e+01 1.438854000000000175e-02 1.876109999999999844e-03
1.575000000000000000e+01 1.755085999999999799e-02 2.168329999999999997e-03
1.725000000000000000e+01 2.744619000000000225e-02 2.040057999999999976e-03
1.875000000000000000e+01 2.843111000000000249e-02 2.164221000000000027e-03
2.025000000000000000e+01 2.547595000000000415e-02 2.095620999999999769e-03
2.175000000000000000e+01 1.339463999999999932e-02 1.991974000000000088e-03
2.325000000000000000e+01 8.407867999999998898e-03 1.903818999999999954e-03
2.475000000000000000e+01 8.859851000000000185e-03 1.707357000000000059e-03
2.625000000000000000e+01 5.072758000000000128e-03 1.912753999999999800e-03
2.775000000000000000e+01 9.240352000000000288e-03 1.584076000000000017e-03
2.925000000000000000e+01 8.533489000000000005e-03 1.642903000000000028e-03
3.075000000000000000e+01 1.483136000000000003e-02 1.682920999999999983e-03
3.225000000000000000e+01 2.185521999999999812e-02 1.591692999999999927e-03
3.375000000000000000e+01 1.462758999999999934e-02 1.725517000000000196e-03
3.525000000000000000e+01 1.140755999999999888e-02 1.533423999999999811e-03
3.675000000000000000e+01 7.477056000000000154e-03 1.655618999999999884e-03
3.825000000000000000e+01 1.229961000000000075e-02 1.581613999999999850e-03
3.975000000000000000e+01 1.110403999999999905e-02 1.781435000000000050e-03
4.125000000000000000e+01 1.048888999999999898e-02 1.576246000000000114e-03
4.275000000000000000e+01 6.594559999999999311e-03 1.544695999999999916e-03
4.425000000000000000e+01 2.708663999999999950e-03 1.428472000000000075e-03
4.575000000000000000e+01 2.304378000000000155e-03 1.436486999999999964e-03
4.725000000000000000e+01 4.330337000000000075e-03 1.252265000000000019e-03
4.875000000000000000e+01 3.667653000000000319e-03 1.267878000000000061e-03
5.025000000000000000e+01 -7.584878000000000193e-04 1.382115000000000166e-03
5.175000000000000000e+01 -7.646081999999999955e-05 1.221441999999999884e-03
5.325000000000000000e+01 5.772061000000000639e-04 1.178491000000000044e-03
5.475000000000000000e+01 -1.602947000000000182e-03 1.078512999999999911e-03
5.625000000000000000e+01 3.171886000000000280e-04 8.769064999999999499e-04
5.775000000000000000e+01 7.166108999999999934e-04 9.617489000000000983e-04
5.925000000000000000e+01 1.040240999999999909e-03 1.018402000000000066e-03
6.075000000000000000e+01 -1.679501999999999818e-03 1.060123000000000055e-03
6.225000000000000000e+01 8.163188999999999949e-04 9.421694999999999246e-04
6.375000000000000000e+01 -7.334007000000000677e-04 9.491659999999999854e-04
6.525000000000000000e+01 4.994937999999999847e-05 8.446189000000000864e-04
6.675000000000000000e+01 -5.608749000000000059e-05 8.353459000000000145e-04
6.825000000000000000e+01 -5.934881999999999398e-04 8.401816000000000536e-04
6.975000000000000000e+01 -2.446550000000000027e-03 8.987237999999999824e-04
7.125000000000000000e+01 -1.099298000000000072e-03 7.503817999999999990e-04
7.275000000000000000e+01 -1.145879000000000038e-03 8.054734000000000459e-04
7.425000000000000000e+01 6.465137999999999831e-04 7.400679000000000502e-04
7.575000000000000000e+01 -7.511224000000000373e-04 8.258079000000001068e-04
7.725000000000000000e+01 -7.535611999999999909e-04 8.112556000000000801e-04
7.875000000000000000e+01 4.427468000000000484e-04 6.498573999999999150e-04
8.025000000000000000e+01 -2.083157999999999885e-03 8.741501000000000045e-04
8.175000000000000000e+01 3.245120999999999791e-04 6.604409000000000755e-04
8.325000000000000000e+01 -1.351352000000000109e-03 6.985307999999999969e-04
8.475000000000000000e+01 -3.497392000000000209e-04 6.589881000000000341e-04
8.625000000000000000e+01 -1.366378000000000015e-04 6.818014999999999536e-04
8.775000000000000000e+01 6.909629000000000248e-04 6.129669000000000350e-04
8.925000000000000000e+01 5.543524999999999885e-04 5.928278000000000367e-04
9.075000000000000000e+01 -3.205433999999999844e-04 6.115394999999999815e-04
9.225000000000000000e+01 3.505612999999999872e-04 5.166644000000000401e-04
9.375000000000000000e+01 -4.940606000000000381e-04 5.543748000000000035e-04
9.525000000000000000e+01 3.549000999999999870e-04 4.442709999999999888e-04
9.675000000000000000e+01 7.058311000000000055e-04 4.294529999999999962e-04
9.825000000000000000e+01 1.425800000000000071e-03 3.921827000000000017e-04
9.975000000000000000e+01 1.381342000000000030e-03 3.818586999999999698e-04
1.012500000000000000e+02 1.595927999999999930e-03 3.037267999999999869e-04
1.027500000000000000e+02 1.905410999999999867e-03 2.879790000000000019e-04
1.042500000000000000e+02 1.603894999999999930e-03 3.558440000000000171e-04
1.057500000000000000e+02 4.363286999999999548e-03 3.353054999999999968e-04
1.072500000000000000e+02 1.023137999999999999e-02 3.625577000000000270e-04
1.087500000000000000e+02 1.427203000000000152e-02 4.202205999999999997e-04
1.102500000000000000e+02 8.532147999999999816e-03 3.237372000000000079e-04
1.117500000000000000e+02 3.118020999999999900e-03 2.662816000000000358e-04
1.132500000000000000e+02 5.066348000000000032e-04 2.546889000000000206e-04
1.147500000000000000e+02 4.559235000000000132e-04 2.182213999999999975e-04
1.162500000000000000e+02 6.868588999999999672e-06 2.430927000000000044e-04
1.177500000000000000e+02 1.626778999999999964e-04 2.546048999999999990e-04
1.192500000000000000e+02 -2.849589000000000137e-04 3.401863999999999995e-04
1.207500000000000000e+02 -4.926676000000000059e-04 4.761713999999999791e-04
1.222500000000000000e+02 1.100996000000000055e-04 5.383290999999999684e-04
1.237500000000000000e+02 -2.949912000000000280e-03 1.991516000000000033e-03
