6.750000000000000000e+00 9.835342999999999170e-02 2.942360000000000201e-03
8.250000000000000000e+00 6.973278000000000809e-02 2.288543000000000088e-03
9.750000000000000000e+00 5.290287999999999935e-02 2.293950999999999803e-03
1.125000000000000000e+01 2.901708000000000065e-02 2.175049000000000080e-03
1.275000000000000000e+01 4.049006999999999433e-03 2.095145999999999988e-03
1.425000000000000000e+01 1.231206000000000097e-03 2.000770999999999713e-03
1.575000000000000000e+01 -4.298307999999999816e-03 2.286798000000000042e-03
1.725000000000000000e+01 1.650731999999999807e-03 2.094028999999999856e-03
1.875000000000000000e+01 -1.221798999999999975e-03 2.222019999999999898e-03
2.025000000000000000e+01 3.893728000000000380e-03 2.181798999999999891e-03
2.175000000000000000e+01 5.034392999999999854e-03 2.141207000000000006e-03
2.325000000000000000e+01 9.756273999999998808e-03 2.088692000000000066e-03
2.475000000000000000e+01 1.556066999999999867e-02 1.917301000000000161e-03
2.625000000000000000e+01 1.426440000000000173e-02 2.152636999999999780e-03
2.775000000000000000e+01 1.485736000000000001e-02 1.764950999999999846e-03
2.925000000000000000e+01 6.256667000000000478e-03 1.785752999999999733e-03
3.075000000000000000e+01 1.273662000000000058e-03 1.753563000000000083e-03
3.225000000000000000e+01 4.663538000000000058e-03 1.608232000000000238e-03
3.375000000000000000e+01 -1.229423000000000104e-03 1.803567999999999968e-03
3.525000000000000000e+01 2.108416000000000110e-03 1.622220999999999863e-03
3.675000000000000000e+01 -3.225982999999999976e-03 1.748556000000000069e-03
3.825000000000000000e+01 7.088263999999999936e-04 1.648219999999999937e-03
3.975000000000000000e+01 -3.606886000000000120e-03 1.872408000000000102e-03
4.125000000000000000e+01 2.084263999999999735e-03 1.672485999999999938e-03
4.275000000000000000e+01 2.438480000000000248e-03 1.660192999999999912e-03
4.425000000000000000e+01 -2.983373000000000210e-04 1.553651999999999984e-03
4.575000000000000000e+01 -3.544533000000000102e-04 1.564274999999999954e-03
4.725000000000000000e+01 2.534336999999999788e-04 1.337748000000000149e-03
4.875000000000000000e+01 4.571706000000000576e-04 1.367818999999999936e-03
5.025000000000000000e+01 -2.317190000000000222e-03 1.519184000000000029e-03
5.175000000000000000e+01 -7.610334000000000716e-04 1.335943000000000026e-03
5.325000000000000000e+01 -5.100408999999999976e-04 1.289005999999999876e-03
5.475000000000000000e+01 -4.232857999999999716e-04 1.193452999999999918e-03
5.625000000000000000e+01 1.003240999999999985e-03 9.735642000000000731e-04
5.775000000000000000e+01 4.384648000000000104e-04 1.058952000000000157e-03
5.925000000000000000e+01 8.772437000000000117e-04 1.123164999999999971e-03
6.075000000000000000e+01 1.160128000000000016e-04 1.190237999999999930e-03
6.225000000000000000e+01 2.131501999999999963e-03 1.049694000000000104e-03
6.375000000000000000e+01 1.192186000000000027e-03 1.063265000000000087e-03
6.525000000000000000e+01 2.137425999999999996e-03 9.504712000000000013e-04
6.675000000000000000e+01 2.565490000000000131e-03 9.509256999999999476e-04
6.825000000000000000e+01 3.031618999999999720e-03 9.678612999999999756e-04
6.975000000000000000e+01 -2.662800000000000323e-04 1.015508000000000036e-03
7.125000000000000000e+01 8.457934000000000936e-04 8.522968000000000557e-04
7.275000000000000000e+01 -5.201036999999999718e-04 9.008093999999999477e-04
7.425000000000000000e+01 1.751935000000000037e-03 8.338982999999999032e-04
7.575000000000000000e+01 7.526533000000000398e-04 9.197248000000000749e-04
7.725000000000000000e+01 1.330850999999999974e-04 9.048776999999999168e-04
7.875000000000000000e+01 1.352343999999999899e-03 7.258974000000000069e-04
8.025000000000000000e+01 -8.165753000000000421e-04 9.813397999999999653e-04
8.175000000000000000e+01 2.334810000000000097e-03 7.542105000000000120e-04
8.325000000000000000e+01 2.698687999999999868e-03 8.137017999999999552e-04
8.475000000000000000e+01 4.124484999999999783e-03 7.801984000000000957e-04
8.625000000000000000e+01 5.413880999999999728e-03 8.052432999999999683e-04
8.775000000000000000e+01 5.998774000000000120e-03 7.302485999999999526e-04
8.925000000000000000e+01 4.312302000000000496e-03 6.901611000000000421e-04
9.075000000000000000e+01 2.542185999999999665e-03 7.040789999999999245e-04
9.225000000000000000e+01 2.064714000000000046e-03 5.886638000000000677e-04
9.375000000000000000e+01 6.167644000000000338e-04 6.266431000000000041e-04
9.525000000000000000e+01 2.499516999999999711e-03 5.182453999999999967e-04
9.675000000000000000e+01 2.744683999999999839e-03 4.950145999999999886e-04
9.825000000000000000e+01 3.425282999999999887e-03 4.520745999999999966e-04
9.975000000000000000e+01 3.911816999999999725e-03 4.500557999999999881e-04
1.012500000000000000e+02 4.701789000000000489e-03 3.734936000000000115e-04
1.027500000000000000e+02 4.627492000000000411e-03 3.490874999999999946e-04
1.042500000000000000e+02 4.736708000000000064e-03 4.199677000000000076e-04
1.057500000000000000e+02 5.384247999999999465e-03 3.702145000000000110e-04
1.072500000000000000e+02 4.306500999999999905e-03 3.219674000000000169e-04
1.087500000000000000e+02 3.051987999999999836e-03 3.438255999999999561e-04
1.102500000000000000e+02 3.194758999999999707e-03 2.880402999999999805e-04
1.117500000000000000e+02 2.524755999999999962e-03 2.793456000000000042e-04
1.132500000000000000e+02 2.400348999999999972e-03 2.973887999999999944e-04
1.147500000000000000e+02 2.809906000000000036e-03 2.676253999999999873e-04
1.162500000000000000e+02 2.644723999999999773e-03 3.025700999999999781e-04
1.177500000000000000e+02 2.469489000000000059e-03 3.174922999999999960e-04
1.192500000000000000e+02 2.020643999999999826e-03 4.062089999999999863e-04
1.207500000000000000e+02 2.324501000000000085e-03 5.566158999999999777e-04
1.222500000000000000e+02 3.444200000000000126e-03 6.511645999999999624e-04
1.237500000000000000e+02 6.189305999999999454e-04 2.169696999999999945e-03
