3.600000000000000089e+00 2.102217000000000113e-01 4.592923000000000491e-03
4.400000000000000355e+00 1.114771000000000095e-01 2.696655999999999966e-03
5.200000000000000178e+00 1.251528999999999836e-01 2.392577999999999806e-03
6.000000000000000000e+00 1.565495000000000081e-01 2.446802000000000091e-03
6.799999999999999822e+00 2.194483000000000128e-01 2.455741000000000000e-03
7.599999999999999645e+00 2.958277000000000267e-01 2.620309999999999827e-03
8.400000000000000355e+00 3.513547000000000198e-01 2.785888000000000253e-03
9.199999999999999289e+00 3.158024000000000386e-01 2.629007000000000045e-03
1.000000000000000000e+01 1.928397000000000028e-01 2.298216999999999968e-03
1.080000000000000071e+01 8.377289000000000263e-02 1.823806999999999772e-03
1.159999999999999964e+01 2.344879000000000061e-02 1.735000000000000214e-03
1.240000000000000036e+01 8.855895000000000780e-03 1.579869000000000022e-03
1.319999999999999929e+01 2.641010999999999966e-03 1.590578000000000044e-03
1.400000000000000000e+01 2.823482999999999679e-04 1.661647000000000037e-03
1.480000000000000071e+01 2.639676999999999996e-03 1.611786000000000035e-03
1.559999999999999964e+01 1.246212000000000014e-03 1.708667000000000085e-03
1.639999999999999858e+01 3.787850000000000158e-03 1.720693999999999826e-03
1.719999999999999929e+01 9.363231999999999328e-04 1.789415999999999837e-03
1.800000000000000000e+01 3.719487000000000487e-03 1.831686999999999812e-03
1.880000000000000071e+01 7.973805000000000476e-03 1.822739000000000087e-03
1.960000000000000142e+01 1.275298999999999877e-02 1.817004000000000102e-03
2.039999999999999858e+01 1.535305000000000177e-02 1.788935999999999868e-03
2.119999999999999929e+01 1.975787000000000029e-02 1.680999999999999986e-03
2.200000000000000000e+01 2.612795000000000048e-02 1.689550999999999857e-03
2.280000000000000071e+01 3.626220999999999611e-02 1.656434999999999939e-03
2.360000000000000142e+01 4.608832000000000206e-02 1.643319999999999980e-03
2.439999999999999858e+01 5.973553000000000196e-02 1.635635000000000084e-03
2.519999999999999929e+01 7.068141000000000007e-02 1.707013000000000063e-03
2.600000000000000000e+01 7.714802999999999245e-02 1.740516999999999802e-03
2.680000000000000071e+01 7.275647000000000364e-02 1.624268000000000109e-03
2.760000000000000142e+01 5.343491999999999686e-02 1.508409000000000052e-03
2.839999999999999858e+01 3.523496000000000267e-02 1.333077000000000003e-03
2.919999999999999929e+01 1.913691000000000003e-02 1.313703000000000050e-03
3.000000000000000000e+01 1.054489999999999941e-02 1.306225000000000051e-03
3.080000000000000071e+01 9.916037000000000809e-03 1.264464000000000083e-03
3.160000000000000142e+01 6.976131000000000866e-03 1.245479999999999981e-03
3.239999999999999858e+01 2.320498000000000265e-03 1.341436000000000104e-03
3.320000000000000284e+01 1.949238999999999963e-03 1.364212000000000063e-03
3.400000000000000000e+01 3.083610000000000084e-03 1.300518000000000073e-03
3.479999999999999716e+01 1.193531999999999970e-03 1.307538999999999924e-03
3.560000000000000142e+01 4.689341999999999989e-03 1.179925999999999978e-03
3.639999999999999858e+01 1.661392000000000251e-03 1.216911999999999898e-03
3.720000000000000284e+01 1.525274999999999982e-03 1.212041999999999980e-03
3.800000000000000000e+01 1.146734999999999855e-03 1.220535000000000023e-03
3.879999999999999716e+01 1.773300000000000223e-03 1.168292000000000028e-03
3.960000000000000142e+01 2.276854999999999938e-04 1.186725000000000019e-03
4.039999999999999858e+01 1.613456999999999999e-03 1.135373999999999975e-03
4.120000000000000284e+01 3.869308000000000122e-03 1.112296999999999939e-03
4.200000000000000000e+01 2.989597999999999995e-03 1.134810999999999893e-03
4.279999999999999716e+01 3.319431000000000291e-03 1.067982000000000089e-03
4.360000000000000142e+01 3.916285000000000252e-03 1.008693999999999867e-03
4.439999999999999858e+01 4.623875999999999854e-03 8.956462000000001188e-04
4.520000000000000284e+01 1.184526999999999889e-03 9.690568000000000966e-04
4.600000000000000000e+01 2.179104999999999866e-04 9.459040000000000156e-04
4.679999999999999716e+01 2.334538000000000151e-03 8.650844000000000415e-04
4.760000000000000142e+01 9.447052000000000433e-05 9.201923999999999347e-04
4.839999999999999858e+01 2.403409999999999921e-03 8.729276000000001090e-04
4.920000000000000284e+01 8.326107000000000343e-04 9.563169000000000053e-04
5.000000000000000000e+01 1.655147000000000042e-03 9.013785999999999760e-04
5.079999999999999716e+01 1.199161000000000020e-03 8.968640000000000379e-04
5.160000000000000142e+01 2.297178999999999888e-03 8.069636999999999730e-04
5.239999999999999858e+01 8.492363999999999859e-04 9.479699000000000935e-04
5.320000000000000284e+01 9.510594000000000036e-04 9.641941000000000660e-04
5.400000000000000000e+01 1.826535000000000008e-03 1.040141000000000069e-03
5.479999999999999716e+01 1.793974000000000046e-03 1.131543999999999953e-03
5.560000000000000142e+01 4.227847000000000723e-03 9.553833999999999981e-04
5.639999999999999858e+01 2.268240000000000089e-04 1.346420999999999989e-03
5.720000000000000284e+01 3.179397999999999946e-03 1.311862000000000011e-03
5.800000000000000000e+01 6.158585000000000274e-03 1.546370999999999944e-03
5.879999999999999716e+01 5.134538999999999596e-03 2.480322999999999990e-03
