-1.070431000659482379e+01 1.197084922907389881e-01
-9.634112746366589874e+00 1.049327578866527944e-01
-8.797322002487661052e+00 1.464216844337222767e-01
-7.599903164678480039e+00 2.297334524296470448e-01
-6.638228247531117177e+00 3.412610296265992105e-01
-5.656685393727407529e+00 6.912038466996666131e-01
-4.771977861442017854e+00 1.307694234124433308e+00
-3.631658471838456137e+00 2.134384052224291395e+00
-2.716564683490410914e+00 3.115509512400764791e+00
-1.715153893030361587e+00 3.703867569349950983e+00
-6.962125702264856386e-01 4.502592014425124134e+00
3.996961374393706024e-01 4.796353649272482755e+00
1.407952183386058209e+00 4.038283343489911914e+00
2.468799826364254102e+00 3.911312202085299283e+00
3.108246863286879602e+00 3.013248073728410859e+00
4.334716297551565845e+00 2.016595570618827438e+00
5.220425574542325364e+00 1.216535465936505744e+00
6.366421517476268832e+00 6.827724954295391058e-01
6.948769106193282141e+00 5.280864171765831117e-01
7.901094406090599875e+00 5.274185873730079521e-01
9.091501030962248819e+00 5.265838001185407791e-01
1.029008857092769347e+01 6.239199939895314628e-01
1.162992211434915646e+01 9.876368007613258726e-01
1.214348323329799229e+01 1.436084513861644041e+00
1.315658104532059269e+01 2.164686829561487613e+00
1.422811396515597693e+01 3.594510439014617198e+00
1.532418963027272696e+01 5.318846991844129235e+00
1.630356203721480313e+01 7.071315875149219110e+00
1.724086116653170109e+01 8.318905426951943127e+00
1.824344065914800694e+01 8.921287909776193459e+00
1.942449766676961076e+01 8.808257715521200737e+00
2.028449549632276216e+01 7.699660241587432452e+00
2.120159277408151866e+01 5.847684717549732625e+00
2.222253758629611298e+01 3.813308178410732552e+00
2.328672437829217756e+01 2.297835396649164252e+00
2.427277508327001954e+01 1.273300999240342790e+00
2.531609219390438170e+01 9.359634697097440892e-01
2.623919993989530042e+01 5.846849930295281439e-01
2.718451302685510029e+01 4.998706079755574905e-01
2.812281390087736099e+01 3.309096676711931195e-01
2.908098271155596137e+01 4.003639672429493146e-01
3.026905193211510436e+01 3.714803282383485339e-01
3.122955814710620359e+01 4.689834795602347839e-01
3.217954604269100116e+01 4.402667980065295694e-01
3.337345877403141969e+01 4.815052883772565906e-01
3.444482473641591014e+01 4.807539798482363125e-01
3.516491222212017931e+01 5.503752368708845211e-01
3.623861558881718281e+01 5.776727800919942979e-01
3.753520715245718975e+01 4.224858294863551578e-01
3.836966049202359841e+01 4.359259042832945852e-01
3.920060772512123037e+01 4.072927014550344893e-01
4.027080498534947139e+01 3.925169670509482955e-01
4.121845547662178433e+01 3.357514337471094734e-01
4.217779298945663413e+01 4.192301591939280314e-01
4.323980933459107234e+01 3.062834436643822045e-01
4.420265295389468463e+01 4.318354467364002858e-01
4.538721606798506514e+01 3.608785301066035345e-01
4.646559424330709476e+01 4.442737768279751975e-01
4.729186666777970061e+01 3.595428704994532154e-01
4.825003547845830099e+01 4.289971700712094105e-01
4.943342989039241786e+01 3.440158275663449672e-01
5.038108038166473079e+01 2.872502942625079214e-01
5.110467397383776245e+01 3.989448289103538769e-01
5.229157449224064180e+01 3.560367640306871806e-01
5.324974330291924218e+01 4.254910636024415993e-01
5.443430641700960848e+01 3.545341469726448480e-01
5.550216627292533644e+01 3.117095608184250466e-01
5.669724770642200440e+01 3.669724770642197598e-01
5.752936364167590000e+01 3.523637001110273559e-01
5.860189830621663987e+01 3.656368174570694407e-01
6.015059562070605637e+01 3.785760199013292748e-01
6.133515873479643687e+01 3.076191032715307472e-01
6.229332754547502304e+01 3.770734028432869422e-01
6.335300648629696241e+01 2.360778355636075077e-01
6.419447203880091024e+01 3.336644656109388762e-01
6.527285021412292565e+01 4.170597123323140920e-01
6.633603526141362750e+01 3.181374226778306280e-01
6.741441343673562869e+01 4.015326693992040674e-01
6.835972652369542857e+01 3.167182843452351904e-01
6.943459859254868149e+01 3.580402534414091065e-01
7.026788322995882652e+01 3.574559023632826182e-01
7.146530206776802174e+01 4.407676703592091627e-01
7.205466186942256002e+01 3.702281473566468861e-01
7.324273108998170301e+01 3.413445083520478818e-01
7.431059094589743097e+01 2.985199221978280804e-01
7.515205649840137880e+01 3.961065522451594489e-01
7.623043467372338000e+01 4.795017989665346647e-01
7.740447946840745885e+01 2.823250494611446726e-01
7.835212995967975758e+01 2.255595161573094032e-01
7.908507316910284146e+01 4.494494578056791312e-01
8.003506106468763903e+01 4.207327762519721404e-01
8.124416692405939955e+01 6.442888029985578413e-01
8.244275446402484420e+01 7.416249968695485251e-01
8.327720780359122443e+01 7.550650716664861761e-01
8.439882795869469589e+01 1.357364075765291389e+00
8.547253132539169940e+01 1.384661618986402942e+00
8.644823066841415482e+01 1.664482306684142543e+00
8.740172467046771487e+01 1.677838902755633299e+00
8.847075322853969226e+01 1.649038742476481190e+00
8.932741190907493944e+01 1.928942908899669462e+00
9.034618627442792160e+01 1.297092435992688308e+00
9.140235910878111270e+01 1.114023591087811127e+00
9.244100141079043453e+01 7.205883580569523161e-01
9.337229007187515606e+01 4.674808625021924513e-01
9.419856249634777612e+01 3.827499561736686928e-01
9.537260729103188339e+01 1.855732066682822534e-01
9.620238582197326593e+01 1.429155779649562419e-01
9.727492048651397738e+01 1.561886953110001031e-01
9.847000192001065955e+01 2.114516115567965926e-01
9.941531500697045942e+01 1.266372265028259392e-01
1.002579492616306567e+02 2.382482824252249998e-01
1.013374961391089215e+02 3.356679550216625785e-01
1.027519596630798304e+02 1.663730998155124041e-01
1.039411975857952228e+02 1.515138866859793154e-01
1.058435107812773737e+02 1.221293753286989414e-01
1.069183828501306408e+02 1.634513444248746339e-01
1.084624053559950170e+02 1.202928433688672527e-01
1.104860966182768180e+02 1.188737050362718151e-01
1.122763813642093140e+02 1.737192276548338299e-01
1.143012413286473787e+02 1.863245151973025315e-01
1.154881418470502723e+02 1.434164503176376115e-01
1.170321643529146201e+02 1.002579492616320067e-01
1.185796929652477587e+02 9.917272583082237247e-02
